8 0.23203125 0.32421875 0.17109375 0.1671875
8 0.20625 0.46171875 0.165625 0.159375
8 0.234375 0.68125 0.1703125 0.159375
8 0.22734375 0.83046875 0.19765625 0.1640625
8 0.53984375 0.84296875 0.24765625 0.1609375
8 0.546875 0.7046875 0.24765625 0.1765625
8 0.50390625 0.4765625 0.21875 0.1671875
8 0.52109375 0.32109375 0.19140625 0.1703125
8 0.803125 0.32421875 0.22890625 0.13828125
8 0.78828125 0.49296875 0.22421875 0.1578125
8 0.85390625 0.6921875 0.2234375 0.1578125
8 0.8734375 0.8375 0.21484375 0.175
4 0.74375 0.20859375 0.2140625 0.13671875