8 0.0328125 0.45234375 0.0453125 0.309375
8 0.08203125 0.46171875 0.0546875 0.29921875
8 0.271875 0.4671875 0.04921875 0.26328125
8 0.32890625 0.47109375 0.0484375 0.2578125
8 0.37890625 0.46953125 0.04375 0.253125
8 0.434375 0.46171875 0.05546875 0.2578125
8 0.61796875 0.4453125 0.04609375 0.2703125
8 0.659375 0.315625 0.05 0.2546875
8 0.790625 0.265625 0.046875 0.2546875
8 0.84140625 0.27109375 0.05625 0.26328125
8 0.02734375 0.80859375 0.03828125 0.2578125
8 0.0796875 0.815625 0.04609375 0.26484375
8 0.13828125 0.80234375 0.04296875 0.28125
8 0.2046875 0.80859375 0.04765625 0.30078125
8 0.2609375 0.81328125 0.05234375 0.2953125
8 0.3953125 0.81875 0.0453125 0.29765625
8 0.7890625 0.8046875 0.0609375 0.26484375
8 0.85 0.81953125 0.0515625 0.28828125
8 0.90078125 0.81328125 0.0671875 0.30625
8 0.96328125 0.809375 0.0671875 0.29375
1 0.66484375 0.82890625 0.20390625 0.31640625
10 0.1734375 0.4625 0.0890625 0.3453125
10 0.5234375 0.38359375 0.08125 0.34140625
10 0.521875 0.16953125 0.0734375 0.23828125
10 0.1734375 0.2234375 0.09921875 0.19609375