8 0.05859375 0.2109375 0.09140625 0.19921875
8 0.13125 0.20078125 0.11484375 0.1734375
8 0.215625 0.20703125 0.08125 0.1734375
8 0.6953125 0.34453125 0.11640625 0.16328125
8 0.9140625 0.609375 0.1234375 0.20390625
10 0.27265625 0.5734375 0.209375 0.2734375
11 0.09140625 0.5140625 0.11484375 0.246875
8 0.2484375 0.8640625 0.11796875 0.20078125
8 0.35 0.85703125 0.159375 0.253125
8 0.44453125 0.81875 0.140625 0.23828125
1 0.69609375 0.61171875 0.3625 0.3296875
1 0.42578125 0.1984375 0.4078125 0.396875