8 0.840625 0.8421875 0.1046875 0.190625
8 0.90546875 0.8515625 0.0984375 0.2015625
8 0.60234375 0.83515625 0.0953125 0.184375
4 0.753125 0.83125 0.103125 0.1796875
4 0.6765625 0.82734375 0.1078125 0.190625
4 0.528125 0.8234375 0.1046875 0.1875
3 0.78046875 0.4625 0.1296875 0.2734375
3 0.7265625 0.13671875 0.115625 0.20625
3 0.6484375 0.11640625 0.103125 0.190625
3 0.15390625 0.1796875 0.1859375 0.3234375
3 0.4125 0.84453125 0.11875 0.240625
0 0.3203125 0.809375 0.1625 0.1984375
0 0.0890625 0.8078125 0.15 0.24375
3 0.02734375 0.784375 0.0546875 0.24375
1 0.4515625 0.47578125 0.671875 0.5828125
1 0.3625 0.13828125 0.4125 0.2765625