8 0.0953125 0.2359375 0.06796875 0.18046875
8 0.03046875 0.240625 0.06015625 0.19296875
8 0.33046875 0.19375 0.06015625 0.175
4 0.18359375 0.22890625 0.06953125 0.16953125
4 0.259375 0.21640625 0.07265625 0.17890625
4 0.40546875 0.1890625 0.06953125 0.17734375
3 0.23359375 0.5953125 0.07734375 0.2625
3 0.35390625 0.90234375 0.07734375 0.19453125
3 0.434375 0.90625 0.06640625 0.18046875
3 0.90546875 0.74140625 0.12578125 0.30390625
3 0.5140625 0.14453125 0.071875 0.23125
0 0.61171875 0.16015625 0.1296875 0.175
0 0.83828125 0.11328125 0.1046875 0.2265625
3 0.93515625 0.11640625 0.07578125 0.2328125
1 0.55234375 0.51328125 0.5875 0.4703125
1 0.7140625 0.84609375 0.36953125 0.24921875