8 0.5890625 0.27578125 0.075 0.159375
8 0.36328125 0.18515625 0.1125 0.0796875
8 0.24921875 0.16171875 0.1 0.0734375
8 0.38828125 0.08046875 0.04375 0.0890625
8 0.21484375 0.65 0.05625 0.1078125
8 0.3 0.66875 0.0546875 0.1015625
8 0.25234375 0.753125 0.053125 0.04375
8 0.75859375 0.8125 0.0734375 0.1546875
8 0.7234375 0.8265625 0.06875 0.1546875
8 0.6046875 0.8265625 0.078125 0.0640625
8 0.6015625 0.7765625 0.0765625 0.0640625
8 0.5828125 0.734375 0.0921875 0.0640625
8 0.559375 0.8078125 0.0734375 0.1578125
8 0.5046875 0.61953125 0.05625 0.05625
8 0.4390625 0.58515625 0.065625 0.0546875
0 0.6140625 0.103125 0.1125 0.1484375
0 0.4296875 0.3734375 0.178125 0.265625
0 0.07734375 0.29765625 0.1109375 0.1140625
0 0.25 0.25703125 0.096875 0.146875
0 0.7921875 0.31796875 0.190625 0.25625
3 0.68203125 0.121875 0.078125 0.1515625
3 0.4 0.8859375 0.059375 0.1140625
11 0.228125 0.54921875 0.0640625 0.065625
4 0.3625 0.86796875 0.0734375 0.1328125
11 0.2546875 0.6375 0.05 0.0890625
0 0.35703125 0.11015625 0.08125 0.1125
3 0.4390625 0.5265625 0.0921875 0.0875
10 0.146875 0.41328125 0.0953125 0.1015625
10 0.04609375 0.4421875 0.0921875 0.0875
10 0.14609375 0.58359375 0.0640625 0.0984375
0 0.45078125 0.72421875 0.16875 0.215625
0 0.48359375 0.9 0.1640625 0.2