8 0.39375 0.53984375 0.06015625 0.04609375
8 0.5421875 0.40234375 0.0546875 0.0421875
8 0.4046875 0.4265625 0.05546875 0.04296875
4 0.4390625 0.39140625 0.02421875 0.0578125
5 0.50625 0.2609375 0.025 0.16796875
4 0.3703125 0.3953125 0.0234375 0.05390625
4 0.359375 0.475 0.02890625 0.0765625
9 0.478125 0.27890625 0.040625 0.09921875
10 0.66875 0.51875 0.053125 0.12890625
8 0.415625 0.3265625 0.04765625 0.0390625
4 0.43515625 0.484375 0.02890625 0.059375
5 0.5203125 0.55390625 0.03984375 0.2859375
8 0.721875 0.51796875 0.0359375 0.115625
9 0.375 0.6265625 0.11953125 0.1453125
8 0.56015625 0.32109375 0.02578125 0.084375
2 0.6421875 0.2890625 0.07265625 0.12109375
1 0.64375 0.4375 0.11171875 0.203125
4 0.5890625 0.2765625 0.04765625 0.06328125