1 0.41015625 0.68984375 0.234375 0.1875
9 0.61484375 0.54375 0.1375 0.2359375
9 0.625 0.13046875 0.0875 0.1046875
5 0.61640625 0.22578125 0.06640625 0.19765625
5 0.44140625 0.2640625 0.05078125 0.18984375
5 0.290625 0.36328125 0.0859375 0.20078125
8 0.33359375 0.54921875 0.10625 0.075
8 0.284375 0.853125 0.11171875 0.0984375
8 0.54609375 0.7953125 0.1078125 0.0859375
8 0.65078125 0.371875 0.09765625 0.0640625
8 0.48203125 0.19140625 0.0703125 0.0625
8 0.35546875 0.11171875 0.09140625 0.0453125
8 0.3859375 0.1875 0.02890625 0.109375
8 0.315625 0.17265625 0.03515625 0.10078125
10 0.5390625 0.20546875 0.05390625 0.16015625
10 0.51171875 0.36015625 0.0546875 0.2
2 0.4296875 0.4359375 0.0890625 0.19140625