9 0.7296875 0.71875 0.09453125 0.1625
9 0.1953125 0.55625 0.090625 0.15703125
5 0.271875 0.4984375 0.10625 0.096875
5 0.740625 0.484375 0.1 0.1
8 0.6171875 0.71484375 0.040625 0.215625
8 0.2671875 0.715625 0.04921875 0.22890625
8 0.5078125 0.43671875 0.06171875 0.2015625
8 0.4234375 0.43359375 0.05 0.2
8 0.28203125 0.36484375 0.11875 0.084375
8 0.6015625 0.12109375 0.1140625 0.06640625
8 0.45625 0.715625 0.02890625 0.21796875
4 0.38125 0.6375 0.11484375 0.096875
4 0.18125 0.2609375 0.0625 0.23046875
4 0.5234375 0.64140625 0.1046875 0.103125
4 0.525 0.7921875 0.1078125 0.084375
4 0.3875 0.7953125 0.10078125 0.0734375
2 0.3 0.17578125 0.07890625 0.18203125
10 0.7 0.2546875 0.09140625 0.165625
1 0.49375 0.25078125 0.23828125 0.190625