8 0.39921875 0.75 0.0390625 0.0390625
1 0.47578125 0.73203125 0.1296875 0.1171875
8 0.58671875 0.446875 0.0359375 0.075
5 0.575 0.65703125 0.0609375 0.1078125
4 0.60859375 0.5515625 0.0390625 0.075
2 0.48828125 0.678125 0.0453125 0.0546875
9 0.37890625 0.64140625 0.103125 0.1390625
5 0.509375 0.5671875 0.05625 0.1109375
8 0.515625 0.8046875 0.040625 0.0375
8 0.6328125 0.4 0.0609375 0.053125
8 0.53125 0.684375 0.0453125 0.0421875
8 0.46015625 0.396875 0.0421875 0.09375
5 0.39140625 0.52421875 0.065625 0.1109375
9 0.41484375 0.36875 0.0765625 0.1203125
4 0.54375 0.49140625 0.0609375 0.0609375
10 0.44140625 0.534375 0.0484375 0.0765625
8 0.51015625 0.4390625 0.046875 0.04375
10 0.45390625 0.59921875 0.05 0.103125
8 0.36171875 0.5328125 0.0296875 0.040625
8 0.6375 0.46484375 0.0359375 0.0734375