0 0.54375 0.61875 0.2515625 0.5890625
5 0.365625 0.5734375 0.078125 0.2046875
5 0.41484375 0.58125 0.0828125 0.2109375
5 0.4578125 0.58046875 0.071875 0.2078125
5 0.77421875 0.484375 0.08125 0.1640625
9 0.64453125 0.69296875 0.0859375 0.1234375
9 0.79921875 0.28203125 0.2328125 0.3125
4 0.4421875 0.16796875 0.165625 0.1234375
4 0.3875 0.40234375 0.065625 0.134375
4 0.43671875 0.4125 0.0546875 0.1296875
8 0.40078125 0.27890625 0.0765625 0.1359375
8 0.4796875 0.3453125 0.0890625 0.0765625
8 0.703125 0.509375 0.084375 0.065625
2 0.715625 0.615625 0.08125 0.146875