1 0.4296875 0.55234375 0.2015625 0.175
8 0.4953125 0.78671875 0.0765625 0.1984375
9 0.7296875 0.47734375 0.171875 0.2375
5 0.6328125 0.6203125 0.10625 0.2734375
5 0.2796875 0.59296875 0.090625 0.1234375
4 0.396875 0.68046875 0.1390625 0.090625
9 0.596875 0.41171875 0.096875 0.134375
8 0.715625 0.33515625 0.075 0.0671875
0 0.31640625 0.31328125 0.2484375 0.5609375
8 0.4875 0.44765625 0.103125 0.078125
8 0.6046875 0.53984375 0.05625 0.1296875
5 0.3125 0.80703125 0.1109375 0.2484375
10 0.584375 0.65 0.08125 0.1734375
5 0.7828125 0.6390625 0.0734375 0.1125