8 0.58671875 0.478125 0.075 0.046875
8 0.6078125 0.390625 0.075 0.0484375
8 0.36953125 0.425 0.0796875 0.0484375
8 0.38984375 0.33515625 0.078125 0.046875
9 0.678125 0.54765625 0.11875 0.1640625
8 0.3484375 0.5140625 0.08125 0.0515625
8 0.56171875 0.56484375 0.0828125 0.05
4 0.2890625 0.66640625 0.0515625 0.125
8 0.41640625 0.2453125 0.0828125 0.05
8 0.47890625 0.3390625 0.0484375 0.11875
8 0.634375 0.2984375 0.084375 0.0578125
8 0.4625 0.4109375 0.0890625 0.25625
9 0.72578125 0.34609375 0.0828125 0.1171875
5 0.49375 0.50390625 0.0984375 0.1640625
5 0.53203125 0.3390625 0.0765625 0.1375
5 0.6703125 0.725 0.121875 0.1046875
5 0.5890625 0.70390625 0.06875 0.1109375
10 0.53203125 0.7171875 0.096875 0.11875
10 0.46015625 0.70390625 0.0921875 0.121875
4 0.35078125 0.72890625 0.1078125 0.084375
4 0.41484375 0.62421875 0.09375 0.1625