8 0.5296875 0.30390625 0.06875 0.03359375
4 0.3671875 0.6234375 0.08203125 0.0421875
8 0.53515625 0.3609375 0.0703125 0.04453125
9 0.61328125 0.25078125 0.04453125 0.0828125
5 0.59609375 0.50546875 0.02890625 0.1453125
5 0.4609375 0.28359375 0.0390625 0.1109375
9 0.63125 0.40078125 0.08046875 0.1421875
8 0.33046875 0.23203125 0.06875 0.03359375
4 0.4046875 0.5296875 0.0234375 0.09765625
8 0.5359375 0.44296875 0.07265625 0.0328125
8 0.40546875 0.38984375 0.015625 0.07734375
8 0.3234375 0.296875 0.0625 0.0375
8 0.321875 0.44140625 0.075 0.03125
8 0.3265625 0.36484375 0.0640625 0.03125
8 0.4046875 0.27421875 0.01484375 0.0703125
10 0.53359375 0.55234375 0.03203125 0.10546875
8 0.52890625 0.234375 0.04140625 0.0375
10 0.4625 0.5515625 0.028125 0.10625
5 0.66171875 0.51796875 0.0515625 0.125
4 0.29609375 0.5765625 0.0234375 0.11796875
5 0.453125 0.39453125 0.03828125 0.071875