1 0.70078125 0.66015625 0.13125 0.2734375
8 0.746875 0.7609375 0.0453125 0.1015625
5 0.44609375 0.30234375 0.0890625 0.171875
8 0.59921875 0.71953125 0.0359375 0.0921875
10 0.5171875 0.584375 0.0859375 0.2078125
8 0.334375 0.7328125 0.075 0.0609375
9 0.31328125 0.3125 0.1 0.1640625
8 0.796875 0.5046875 0.0515625 0.1234375
2 0.5671875 0.65390625 0.071875 0.1546875
4 0.43203125 0.7421875 0.0796875 0.0671875
8 0.28828125 0.68828125 0.0375 0.1
10 0.47890625 0.45546875 0.1109375 0.1203125
9 0.66953125 0.3953125 0.1734375 0.2609375
5 0.44375 0.64140625 0.0765625 0.159375
4 0.4015625 0.6203125 0.040625 0.1078125
8 0.35703125 0.534375 0.0390625 0.096875
8 0.33984375 0.6609375 0.0578125 0.0578125
5 0.4890625 0.81953125 0.08125 0.178125
8 0.53828125 0.29375 0.046875 0.153125
8 0.3359375 0.4171875 0.11875 0.075