9 0.37265625 0.4875 0.08359375 0.165625
9 0.83984375 0.47734375 0.159375 0.23359375
8 0.3265625 0.16015625 0.12890625 0.05546875
8 0.8484375 0.2125 0.0390625 0.13203125
9 0.12734375 0.41015625 0.0984375 0.16015625
10 0.60625 0.61953125 0.08046875 0.19453125
10 0.5375 0.4265625 0.06796875 0.1375
8 0.31796875 0.2796875 0.1375 0.05859375
8 0.7765625 0.2171875 0.03671875 0.14140625
8 0.678125 0.22109375 0.03671875 0.15234375
4 0.48203125 0.22734375 0.03046875 0.14375
4 0.5796875 0.2234375 0.03125 0.14375