1 0.23515625 0.61796875 0.146875 0.36875
8 0.13515625 0.75078125 0.05625 0.14375
8 0.190625 0.38125 0.053125 0.1375
8 0.709375 0.40859375 0.128125 0.06875
8 0.675 0.80546875 0.053125 0.1453125
5 0.4046875 0.89375 0.0921875 0.184375
8 0.31875 0.74765625 0.0484375 0.134375
9 0.378125 0.275 0.1890625 0.275
4 0.571875 0.675 0.053125 0.146875
5 0.5140625 0.66484375 0.0875 0.184375
8 0.4640625 0.659375 0.046875 0.134375
8 0.6234375 0.74140625 0.096875 0.0640625
8 0.65234375 0.5546875 0.0625 0.1671875
8 0.54453125 0.19609375 0.059375 0.18125
5 0.61484375 0.33515625 0.1 0.1703125
9 0.75234375 0.28203125 0.1453125 0.1859375
10 0.60703125 0.48671875 0.0765625 0.1859375
4 0.50078125 0.83828125 0.1 0.0734375
10 0.4671875 0.515625 0.0921875 0.1734375
2 0.3875 0.6484375 0.096875 0.1921875
8 0.5984375 0.865625 0.0828125 0.06875