10 0.571875 0.309375 0.0390625 0.16796875
5 0.4828125 0.3234375 0.03125 0.159375
8 0.4328125 0.31953125 0.02421875 0.0890625
8 0.51953125 0.3171875 0.04296875 0.03515625
8 0.3734375 0.31171875 0.02109375 0.0671875
8 0.3921875 0.52890625 0.075 0.0453125
9 0.65390625 0.50703125 0.128125 0.18984375
5 0.35234375 0.39140625 0.06171875 0.19609375
5 0.6359375 0.309375 0.05 0.178125
10 0.54609375 0.3953125 0.03515625 0.17421875
8 0.3453125 0.73046875 0.09140625 0.0578125
8 0.60078125 0.6890625 0.0734375 0.0515625
8 0.4078125 0.27890625 0.05703125 0.04375
1 0.45390625 0.6 0.2 0.128125
2 0.471875 0.43359375 0.05546875 0.15859375