8 0.615625 0.74609375 0.02265625 0.09453125
9 0.575 0.55546875 0.04453125 0.090625
9 0.51875 0.66796875 0.08515625 0.13984375
8 0.496875 0.521875 0.0390625 0.03671875
4 0.46171875 0.29453125 0.01875 0.10625
0 0.603125 0.1625 0.07265625 0.2703125
8 0.56875 0.4328125 0.01796875 0.11015625
8 0.41328125 0.359375 0.05859375 0.03828125
5 0.40625 0.46875 0.05234375 0.1390625
10 0.440625 0.42421875 0.03203125 0.10546875
5 0.415625 0.17421875 0.0359375 0.09921875
5 0.4 0.696875 0.059375 0.12265625
1 0.51640625 0.3140625 0.06171875 0.2453125