9 0.49140625 0.71796875 0.10625 0.1546875
8 0.284375 0.4234375 0.0375 0.0828125
8 0.67734375 0.628125 0.0515625 0.0484375
8 0.60703125 0.3171875 0.05 0.040625
1 0.375 0.528125 0.1140625 0.2609375
8 0.64296875 0.5359375 0.0375 0.0953125
9 0.7015625 0.70546875 0.0671875 0.1
8 0.625 0.4125 0.053125 0.0484375
8 0.58515625 0.7484375 0.03125 0.0765625
8 0.3734375 0.66796875 0.034375 0.0734375
8 0.41484375 0.4171875 0.0421875 0.1046875
8 0.521875 0.4890625 0.0375 0.090625
5 0.48046875 0.38125 0.0640625 0.103125
8 0.66015625 0.3515625 0.034375 0.0796875
10 0.628125 0.65234375 0.040625 0.08125
4 0.58984375 0.4625 0.040625 0.103125
5 0.63359375 0.73046875 0.0609375 0.10625
10 0.53828125 0.61875 0.06875 0.0921875
5 0.56796875 0.51796875 0.06875 0.103125
2 0.47578125 0.53203125 0.0671875 0.0859375
4 0.534375 0.340625 0.0703125 0.06875