9 0.653125 0.5046875 0.1421875 0.2046875
5 0.65 0.3078125 0.0625 0.1890625
8 0.42109375 0.25703125 0.0546875 0.04375
10 0.58515625 0.29765625 0.0515625 0.16875
8 0.44375 0.3015625 0.0265625 0.084375
8 0.384375 0.2921875 0.025 0.071875
8 0.3875 0.50859375 0.0734375 0.046875
8 0.53125 0.30546875 0.046875 0.0375
5 0.49375 0.3109375 0.0453125 0.1671875
8 0.31796875 0.7078125 0.078125 0.0625
10 0.55234375 0.384375 0.0484375 0.18125
8 0.5875 0.684375 0.0734375 0.0578125
2 0.478125 0.41796875 0.090625 0.1953125
5 0.35703125 0.36796875 0.0796875 0.2015625
1 0.44609375 0.6015625 0.234375 0.1765625