5 0.4171875 0.46875 0.05 0.1203125
4 0.43671875 0.19921875 0.0734375 0.215625
9 0.559375 0.50546875 0.11875 0.146875
4 0.54921875 0.78515625 0.075 0.221875
5 0.7203125 0.50546875 0.1 0.1171875
5 0.15859375 0.41328125 0.109375 0.11875
8 0.73046875 0.24765625 0.0703125 0.2171875
8 0.2828125 0.7421875 0.065625 0.2125
5 0.3015625 0.43359375 0.0671875 0.090625
9 0.73046875 0.70625 0.1765625 0.2484375
8 0.8375 0.26953125 0.0703125 0.2171875
8 0.11640625 0.72578125 0.0703125 0.2109375
4 0.325 0.18828125 0.071875 0.2
4 0.64609375 0.8984375 0.1015625 0.0796875
5 0.7984375 0.51484375 0.10625 0.15625
8 0.40390625 0.85390625 0.1375 0.0921875
8 0.4203125 0.7109375 0.1390625 0.1140625
8 0.5578125 0.3109375 0.146875 0.096875
8 0.59453125 0.1203125 0.1578125 0.109375
8 0.19765625 0.73671875 0.078125 0.2234375
9 0.2375 0.16953125 0.11875 0.165625