8 0.65859375 0.58671875 0.0796875 0.034375
8 0.65234375 0.503125 0.07890625 0.0328125
8 0.41796875 0.584375 0.07890625 0.03984375
8 0.41875 0.5015625 0.07890625 0.040625
8 0.4171875 0.684375 0.08359375 0.03671875
8 0.6640625 0.67890625 0.084375 0.0375
9 0.3109375 0.45390625 0.09375 0.15
8 0.5640625 0.54765625 0.02265625 0.25703125
8 0.65 0.41953125 0.07734375 0.03359375
4 0.5890625 0.2421875 0.07265625 0.0484375
8 0.42265625 0.41953125 0.07734375 0.03671875
9 0.3078125 0.64453125 0.0578125 0.10234375
5 0.28125 0.3109375 0.0953125 0.06875
5 0.365625 0.29609375 0.0265625 0.1390625
8 0.5625 0.4671875 0.0171875 0.075
4 0.659375 0.29296875 0.0234375 0.10234375
4 0.559375 0.328125 0.02109375 0.07734375
8 0.56953125 0.61953125 0.01953125 0.0796875
10 0.48203125 0.290625 0.0625 0.075
10 0.415625 0.2859375 0.06171875 0.090625
5 0.51015625 0.47109375 0.0578125 0.128125
5 0.50625 0.61328125 0.06015625 0.13203125