9 0.61875 0.74375 0.1375 0.2109375
1 0.6765625 0.45546875 0.1421875 0.334375
8 0.28828125 0.44921875 0.0796875 0.06875
5 0.41328125 0.48125 0.0796875 0.15625
5 0.440625 0.27734375 0.0875 0.1484375
8 0.746875 0.628125 0.04375 0.09375
8 0.75625 0.278125 0.0515625 0.11875
4 0.36328125 0.31015625 0.115625 0.0890625
8 0.5703125 0.3359375 0.05 0.14375
8 0.25390625 0.3234375 0.075 0.0609375
8 0.5140625 0.796875 0.0390625 0.1109375
8 0.33984375 0.7265625 0.065625 0.059375
2 0.5375 0.46484375 0.0796875 0.1515625
8 0.2046875 0.390625 0.0453125 0.1109375
4 0.36015625 0.49140625 0.0515625 0.1328125
10 0.50078125 0.65703125 0.0671875 0.1015625
8 0.46171875 0.47578125 0.0484375 0.14375
9 0.34609375 0.81953125 0.0875 0.1328125
8 0.33203125 0.59921875 0.05 0.1359375
5 0.45390625 0.84765625 0.0859375 0.1921875
10 0.4578125 0.6765625 0.1125 0.1328125