9 0.72890625 0.228125 0.0828125 0.1203125
9 0.60625 0.19140625 0.1359375 0.184375
5 0.5234375 0.07421875 0.0765625 0.146875
5 0.49375 0.20078125 0.0875 0.140625
8 0.71328125 0.390625 0.0578125 0.109375
8 0.6546875 0.359375 0.0453125 0.0828125
8 0.59296875 0.3625 0.0515625 0.121875
8 0.534375 0.340625 0.05 0.1078125
10 0.4328125 0.3109375 0.065625 0.109375
10 0.3953125 0.4375 0.084375 0.1390625
5 0.61484375 0.48203125 0.0890625 0.1765625
5 0.49375 0.46875 0.0734375 0.15625
8 0.61484375 0.6375 0.1171875 0.0921875
8 0.50390625 0.6171875 0.1171875 0.08125
8 0.61796875 0.840625 0.0890625 0.1859375
8 0.546875 0.8234375 0.0921875 0.190625
8 0.48359375 0.80390625 0.090625 0.196875
8 0.4125 0.79140625 0.1015625 0.20625
4 0.384375 0.5796875 0.1015625 0.0859375
4 0.2859375 0.63359375 0.0875 0.1859375
4 0.284375 0.796875 0.1265625 0.0953125