9 0.27734375 0.47734375 0.1296875 0.2140625
5 0.759375 0.31484375 0.0640625 0.11171875
5 0.315625 0.23125 0.0375 0.18125
9 0.3828125 0.596875 0.07578125 0.14140625
10 0.475 0.30078125 0.03515625 0.1609375
8 0.42421875 0.4578125 0.02890625 0.19921875
5 0.74375 0.1671875 0.0453125 0.15078125
1 0.590625 0.465625 0.1609375 0.1328125
8 0.58359375 0.27265625 0.02265625 0.13203125
5 0.42890625 0.2109375 0.02421875 0.22421875
8 0.5203125 0.5984375 0.11171875 0.05625
8 0.2015625 0.690625 0.08828125 0.0578125
4 0.63671875 0.35234375 0.075 0.05859375
0 0.725 0.56171875 0.1640625 0.3859375