9 0.5609375 0.703125 0.065625 0.11875
8 0.65078125 0.65234375 0.0171875 0.0546875
8 0.56953125 0.496875 0.0171875 0.065625
10 0.43359375 0.70234375 0.021875 0.065625
8 0.48984375 0.7265625 0.0125 0.05
1 0.621875 0.55625 0.05 0.1828125
8 0.48984375 0.565625 0.015625 0.065625
5 0.45625 0.62265625 0.021875 0.0609375
5 0.503125 0.4984375 0.0390625 0.103125
8 0.34609375 0.48359375 0.015625 0.0625
8 0.6859375 0.4765625 0.01875 0.0625
8 0.390625 0.665625 0.034375 0.03125
8 0.40078125 0.60625 0.015625 0.0625
4 0.428125 0.55078125 0.01875 0.075
8 0.3890625 0.51875 0.0375 0.0375
9 0.38515625 0.71875 0.040625 0.0828125
5 0.446875 0.74453125 0.0328125 0.1
8 0.384375 0.45625 0.040625 0.040625
4 0.44453125 0.45703125 0.046875 0.05
2 0.540625 0.59453125 0.05625 0.084375
10 0.5 0.65625 0.0390625 0.10625