8 0.52265625 0.6015625 0.1 0.0421875
9 0.28828125 0.48046875 0.1140625 0.190625
8 0.246875 0.7046875 0.08125 0.0515625
4 0.6515625 0.31953125 0.1203125 0.0515625
1 0.5953125 0.46015625 0.1796875 0.1171875
8 0.42421875 0.43203125 0.03125 0.196875
5 0.2953125 0.21484375 0.0453125 0.1390625
8 0.5703125 0.19609375 0.034375 0.196875
9 0.39921875 0.615625 0.0859375 0.1109375
5 0.41328125 0.18828125 0.0390625 0.20625
10 0.46640625 0.27890625 0.0484375 0.1359375
5 0.7484375 0.36171875 0.08125 0.1265625
0 0.70625 0.7625 0.1734375 0.2890625
5 0.7390625 0.1421875 0.059375 0.1640625