4 0.2609375 0.4484375 0.0578125 0.128125
1 0.5828125 0.3640625 0.109375 0.290625
9 0.3984375 0.090625 0.0828125 0.134375
8 0.325 0.36640625 0.06875 0.0578125
8 0.48515625 0.3328125 0.0671875 0.065625
4 0.30859375 0.27421875 0.0484375 0.1015625
8 0.47578125 0.4265625 0.06875 0.0546875
8 0.36875 0.20234375 0.0609375 0.0546875
8 0.48125 0.6359375 0.046875 0.1390625
4 0.52265625 0.8015625 0.146875 0.096875
4 0.34296875 0.46171875 0.0484375 0.125
8 0.2671875 0.6296875 0.109375 0.08125
9 0.33984375 0.7203125 0.1015625 0.1703125
4 0.38125 0.3 0.0453125 0.0984375
5 0.40390625 0.5453125 0.0703125 0.2359375
5 0.5234375 0.1265625 0.1125 0.13125
10 0.61953125 0.15625 0.0921875 0.1234375
8 0.65078125 0.2703125 0.0484375 0.125
2 0.60234375 0.53828125 0.10625 0.1734375