9 0.64765625 0.3828125 0.15 0.2421875
8 0.3625 0.56640625 0.03125 0.0921875
5 0.4140625 0.32421875 0.0765625 0.165625
8 0.31640625 0.73359375 0.0296875 0.084375
1 0.7203125 0.634375 0.10625 0.2703125
8 0.628125 0.71171875 0.028125 0.084375
4 0.41953125 0.6484375 0.0328125 0.1140625
2 0.5859375 0.65703125 0.0546875 0.140625
4 0.4671875 0.76328125 0.053125 0.0578125
10 0.46953125 0.47109375 0.103125 0.10625
8 0.7796875 0.728125 0.0375 0.096875
10 0.53125 0.59296875 0.0578125 0.196875
8 0.36484375 0.6921875 0.053125 0.0578125
8 0.37265625 0.76875 0.059375 0.053125
8 0.50234375 0.3015625 0.0359375 0.1515625
8 0.7953125 0.4796875 0.034375 0.1
8 0.31875 0.45546875 0.1140625 0.06875
9 0.2875 0.359375 0.084375 0.1578125
5 0.46484375 0.6625 0.0484375 0.15
5 0.53359375 0.82734375 0.06875 0.1859375