4 0.6390625 0.328125 0.03203125 0.109375
4 0.740625 0.48359375 0.0421875 0.128125
4 0.6546875 0.490625 0.0328125 0.1359375
1 0.42578125 0.3609375 0.09453125 0.29453125
4 0.715625 0.309375 0.03203125 0.1046875
8 0.53125 0.340625 0.06171875 0.0609375
8 0.665625 0.2265625 0.05390625 0.046875
9 0.6546875 0.11171875 0.0625 0.125
8 0.6875 0.39609375 0.0625 0.05234375
8 0.49375 0.63828125 0.028125 0.13046875
8 0.52734375 0.43203125 0.06953125 0.04921875
5 0.58046875 0.5796875 0.04375 0.27734375
8 0.3796875 0.2484375 0.02421875 0.09765625
9 0.6171875 0.7421875 0.07734375 0.16640625
2 0.3890625 0.5265625 0.08515625 0.13359375
4 0.43203125 0.79375 0.125 0.08359375
5 0.5265625 0.11484375 0.10390625 0.11484375
10 0.425 0.14453125 0.0734375 0.11953125
8 0.71640625 0.66171875 0.08671875 0.06640625