0 0.646875 0.7375 0.1234375 0.465625
9 0.38515625 0.53984375 0.0765625 0.1265625
1 0.57578125 0.43515625 0.1796875 0.1421875
9 0.26875 0.46015625 0.1265625 0.19375
8 0.25390625 0.59609375 0.06875 0.0578125
5 0.3796875 0.2453125 0.0640625 0.2078125
10 0.44140625 0.3140625 0.0453125 0.1546875
5 0.2484375 0.29140625 0.0484375 0.0984375
4 0.63203125 0.31796875 0.1296875 0.0703125
8 0.49765625 0.528125 0.096875 0.0625
8 0.5546875 0.19296875 0.040625 0.196875
5 0.73984375 0.203125 0.0640625 0.2453125
5 0.73046875 0.4265625 0.0703125 0.1125
8 0.39921875 0.4125 0.0359375 0.159375