5 0.15 0.546875 0.0953125 0.1953125
5 0.82421875 0.6828125 0.125 0.196875
8 0.17109375 0.27265625 0.078125 0.1640625
8 0.47890625 0.42421875 0.1484375 0.084375
9 0.41015625 0.590625 0.1125 0.1734375
5 0.23828125 0.5671875 0.115625 0.1984375
8 0.4484375 0.828125 0.071875 0.0625
5 0.68515625 0.62890625 0.075 0.134375
8 0.5890625 0.79609375 0.05 0.11875
8 0.51328125 0.2421875 0.171875 0.0984375
8 0.30625 0.2953125 0.0796875 0.2
5 0.559375 0.63203125 0.06875 0.190625
4 0.6609375 0.359375 0.0875 0.221875
4 0.78359375 0.39296875 0.1 0.215625
4 0.22578125 0.7875 0.090625 0.071875
8 0.7390625 0.81953125 0.0609375 0.134375
8 0.66328125 0.803125 0.059375 0.1359375
4 0.3421875 0.740625 0.0578125 0.1453125
8 0.4734375 0.740625 0.10625 0.0671875
9 0.8765625 0.45234375 0.1453125 0.2140625
9 0.18515625 0.66953125 0.1890625 0.2578125