8 0.46796875 0.115625 0.03125 0.10546875
8 0.534375 0.1203125 0.03203125 0.1125
8 0.59453125 0.12265625 0.0296875 0.10390625
8 0.6578125 0.12734375 0.02890625 0.1234375
8 0.5234375 0.2453125 0.08671875 0.05390625
8 0.653125 0.2453125 0.0625 0.065625
8 0.7 0.49921875 0.06796875 0.184375
8 0.62734375 0.515625 0.0453125 0.18359375
8 0.553125 0.5140625 0.04375 0.18046875
8 0.475 0.509375 0.03828125 0.171875
4 0.365625 0.0875 0.10546875 0.06953125
4 0.309375 0.19765625 0.03671875 0.1375
4 0.3921875 0.2421875 0.09140625 0.0734375
10 0.3421875 0.4375 0.08046875 0.14453125
10 0.346875 0.303125 0.06171875 0.13359375
5 0.375 0.57734375 0.0890625 0.21796875
9 0.52734375 0.7453125 0.1671875 0.27890625
9 0.7109375 0.70390625 0.115625 0.1640625
5 0.46875 0.27734375 0.0515625 0.2375
5 0.59921875 0.28359375 0.05 0.2