9 0.60234375 0.0984375 0.08203125 0.15
10 0.665625 0.30859375 0.08125 0.0875
8 0.503125 0.63828125 0.0234375 0.178125
9 0.6265625 0.5375 0.0546875 0.1140625
9 0.596875 0.8484375 0.06328125 0.1234375
10 0.5765625 0.375 0.05546875 0.08125
4 0.46640625 0.31796875 0.0828125 0.046875
8 0.42265625 0.63203125 0.021875 0.17109375
4 0.46328125 0.4109375 0.08671875 0.07265625
4 0.6046875 0.51640625 0.0921875 0.146875
8 0.4671875 0.0515625 0.06875 0.03828125
8 0.46875 0.21640625 0.0828125 0.04765625
8 0.46328125 0.34609375 0.08359375 0.040625
8 0.4671875 0.12109375 0.0859375 0.046875