9 0.475 0.678125 0.1359375 0.1921875
9 0.4671875 0.45703125 0.071875 0.115625
8 0.40546875 0.42109375 0.0421875 0.1015625
8 0.63515625 0.1859375 0.040625 0.0390625
8 0.61640625 0.4234375 0.034375 0.075
8 0.34140625 0.39453125 0.0421875 0.0890625
5 0.4984375 0.315625 0.053125 0.0828125
8 0.32734375 0.54609375 0.0515625 0.05
8 0.6078125 0.3015625 0.04375 0.0421875
5 0.39765625 0.66953125 0.065625 0.0953125
4 0.55703125 0.52734375 0.0890625 0.0640625
8 0.5703125 0.4 0.034375 0.0765625
8 0.6234375 0.24140625 0.04375 0.0421875
9 0.4640625 0.153125 0.059375 0.090625
8 0.28984375 0.6625 0.053125 0.0484375
8 0.37734375 0.4078125 0.1125 0.13125
4 0.5671875 0.65234375 0.0421875 0.0875
4 0.4390625 0.21796875 0.0671875 0.053125
5 0.51484375 0.24609375 0.0421875 0.0765625
5 0.546875 0.13515625 0.071875 0.128125
5 0.4171875 0.5859375 0.0734375 0.10625