9 0.67109375 0.253125 0.1453125 0.2390625
8 0.3296875 0.1984375 0.0671875 0.05859375
5 0.53046875 0.39375 0.06796875 0.1453125
5 0.534375 0.19921875 0.0671875 0.17578125
10 0.83828125 0.4421875 0.11640625 0.1328125
8 0.5703125 0.49453125 0.0296875 0.140625
2 0.56875 0.7546875 0.1078125 0.134375
8 0.45546875 0.73203125 0.03359375 0.17578125
10 0.45625 0.50703125 0.06875 0.1671875
9 0.1953125 0.7359375 0.1828125 0.290625
5 0.3578125 0.7203125 0.0765625 0.2125
4 0.4203125 0.1984375 0.05546875 0.0625
4 0.23359375 0.2484375 0.0328125 0.0921875
5 0.53203125 0.075 0.05234375 0.07109375
8 0.67109375 0.421875 0.075 0.0578125
4 0.41796875 0.25703125 0.059375 0.06875
0 0.17734375 0.3953125 0.34765625 0.2625
8 0.35625 0.31875 0.0296875 0.1125
4 0.7234375 0.52578125 0.03671875 0.12578125
9 0.7109375 0.7078125 0.09453125 0.1828125
4 0.42578125 0.23046875 0.0953125 0.1296875
8 0.4578125 0.3734375 0.02734375 0.10390625