5 0.71015625 0.6703125 0.0734375 0.11875
9 0.27734375 0.61796875 0.1484375 0.209375
8 0.53125 0.80234375 0.0328125 0.090625
9 0.38125 0.534375 0.0921875 0.140625
5 0.44375 0.8109375 0.065625 0.075
1 0.57265625 0.659375 0.184375 0.1515625
5 0.7109375 0.83828125 0.0953125 0.1015625
0 0.825 0.5828125 0.271875 0.240625
4 0.61015625 0.7484375 0.1109375 0.0640625
10 0.46328125 0.753125 0.1015625 0.1109375
5 0.265625 0.7546875 0.08125 0.0890625
8 0.4078125 0.634375 0.0515625 0.1546875
8 0.5078125 0.5484375 0.0953125 0.071875
8 0.228125 0.4453125 0.0953125 0.075