5 0.72578125 0.42578125 0.078125 0.2140625
1 0.49296875 0.24765625 0.21953125 0.146875
8 0.615625 0.72109375 0.0265625 0.15078125
4 0.38984375 0.8109375 0.08515625 0.05625
8 0.5984375 0.128125 0.09296875 0.05
4 0.1734375 0.27578125 0.0359375 0.21484375
4 0.5171875 0.6578125 0.09453125 0.05546875
4 0.38359375 0.6609375 0.1 0.05703125
8 0.453125 0.71796875 0.0265625 0.15703125
9 0.72578125 0.725 0.08671875 0.15234375
2 0.29765625 0.190625 0.059375 0.17734375
5 0.259375 0.5 0.08671875 0.05703125
8 0.4234375 0.44375 0.02734375 0.16796875
8 0.2546875 0.7234375 0.03125 0.1515625
4 0.52265625 0.809375 0.0953125 0.0578125
10 0.69453125 0.21953125 0.059375 0.1578125
8 0.50625 0.44296875 0.0265625 0.16640625
8 0.27109375 0.36875 0.07421875 0.04921875
9 0.18828125 0.5671875 0.07578125 0.12734375