9 0.43984375 0.409375 0.0875 0.1609375
5 0.26328125 0.40625 0.084375 0.1703125
8 0.478125 0.6109375 0.13984375 0.0625
4 0.7734375 0.71171875 0.05390625 0.22890625
8 0.66875 0.19765625 0.034375 0.15703125
5 0.17265625 0.4015625 0.06171875 0.18671875
8 0.5296875 0.10703125 0.065625 0.0578125
8 0.53984375 0.22421875 0.11875 0.0640625
5 0.6 0.4046875 0.03203125 0.18671875
5 0.8796875 0.4109375 0.09765625 0.171875
9 0.8703125 0.6859375 0.11015625 0.184375
5 0.72734375 0.434375 0.05390625 0.1203125
8 0.7484375 0.196875 0.03046875 0.146875
8 0.4796875 0.82734375 0.1578125 0.06796875
4 0.40078125 0.1890625 0.03203125 0.17890625
8 0.153125 0.71171875 0.04609375 0.23359375
4 0.6421875 0.715625 0.046875 0.23671875
9 0.225 0.265625 0.15390625 0.24921875
8 0.828125 0.1796875 0.03359375 0.11484375
8 0.28828125 0.71484375 0.04296875 0.23515625
4 0.28359375 0.10625 0.0796875 0.06796875