5 0.73359375 0.60078125 0.0671875 0.1203125
8 0.4921875 0.49453125 0.125 0.071875
0 0.8359375 0.46640625 0.3265625 0.3203125
8 0.39140625 0.6046875 0.03125 0.14375
8 0.55234375 0.759375 0.025 0.109375
9 0.2375 0.62265625 0.140625 0.146875
10 0.46640625 0.721875 0.1015625 0.1125
9 0.346875 0.496875 0.0953125 0.146875
5 0.24921875 0.753125 0.090625 0.096875
4 0.63046875 0.6953125 0.1265625 0.05625
1 0.57734375 0.6203125 0.19375 0.165625
5 0.4578125 0.78203125 0.0640625 0.084375
5 0.74453125 0.78359375 0.1046875 0.0984375
8 0.15390625 0.41328125 0.1 0.0671875