5 0.26328125 0.36875 0.059375 0.1125
9 0.69921875 0.3453125 0.1234375 0.19375
8 0.41640625 0.2078125 0.0203125 0.0890625
9 0.6109375 0.44609375 0.075 0.13125
5 0.5015625 0.184375 0.05625 0.06875
1 0.40078125 0.35546875 0.16875 0.1296875
5 0.23359375 0.203125 0.084375 0.0921875
0 0.16484375 0.47421875 0.2453125 0.209375
4 0.3484375 0.27421875 0.10625 0.05
10 0.4921875 0.24453125 0.0890625 0.1
5 0.68671875 0.20859375 0.0703125 0.0796875
8 0.56796875 0.3515625 0.0296875 0.153125
8 0.48359375 0.453125 0.0890625 0.059375
8 0.77734375 0.50703125 0.0890625 0.0625