9 0.41328125 0.77578125 0.084375 0.146875
9 0.596875 0.27734375 0.0875 0.14375
4 0.61953125 0.79375 0.0546875 0.0375
9 0.40546875 0.2796875 0.05 0.084375
8 0.584375 0.6453125 0.0421875 0.03125
5 0.6734375 0.42890625 0.08125 0.075
4 0.47890625 0.246875 0.0515625 0.0359375
8 0.49453125 0.4046875 0.05 0.0328125
8 0.52109375 0.303125 0.0203125 0.0953125
5 0.61171875 0.43046875 0.025 0.071875
8 0.646875 0.6921875 0.01875 0.08125
8 0.41484375 0.52578125 0.0515625 0.03125
5 0.41328125 0.6171875 0.075 0.071875
5 0.54453125 0.4390625 0.0734375 0.1
2 0.3953125 0.42265625 0.0515625 0.1125
10 0.5015625 0.13125 0.0765625 0.1109375
10 0.475 0.52890625 0.0421875 0.0890625
0 0.5203125 0.81640625 0.0859375 0.3671875
8 0.54609375 0.52890625 0.0734375 0.0671875