5 0.3078125 0.31328125 0.05703125 0.0875
5 0.3609375 0.31953125 0.02890625 0.08359375
5 0.4828125 0.41328125 0.04765625 0.0625
5 0.4734375 0.5515625 0.05390625 0.046875
9 0.321875 0.4578125 0.07890625 0.1265625
9 0.3234375 0.63203125 0.05234375 0.0859375
10 0.42265625 0.2984375 0.0484375 0.09140625
10 0.4828125 0.29296875 0.04921875 0.08359375
4 0.55625 0.240625 0.07734375 0.04453125
4 0.52890625 0.33359375 0.0296875 0.096875
4 0.61640625 0.2953125 0.03125 0.10390625
8 0.4109375 0.421875 0.065625 0.0484375
8 0.4109375 0.5015625 0.06640625 0.0390625
8 0.4078125 0.578125 0.071875 0.0359375
8 0.41484375 0.659375 0.0765625 0.03359375
8 0.5984375 0.42265625 0.0671875 0.04609375
8 0.596875 0.50546875 0.07109375 0.0359375
8 0.5984375 0.5796875 0.07578125 0.03203125
8 0.596875 0.659375 0.07578125 0.0359375
8 0.528125 0.47578125 0.03125 0.1265625
8 0.525 0.61484375 0.04140625 0.12890625