10 0.159375 0.61640625 0.1171875 0.121875
9 0.24921875 0.36484375 0.196875 0.2828125
5 0.43515625 0.52265625 0.09375 0.16875
10 0.52578125 0.690625 0.0703125 0.121875
4 0.5203125 0.21171875 0.1171875 0.078125
0 0.809375 0.61015625 0.38125 0.3265625
5 0.37109375 0.13984375 0.1109375 0.234375
8 0.54453125 0.80234375 0.0390625 0.1140625
8 0.41484375 0.6125 0.046875 0.1515625
9 0.34140625 0.825 0.096875 0.165625
9 0.7546875 0.80078125 0.159375 0.2359375
4 0.2890625 0.67421875 0.046875 0.1171875
8 0.6140625 0.38515625 0.0515625 0.15625
8 0.50546875 0.46640625 0.0515625 0.184375
5 0.4015625 0.38046875 0.1109375 0.1640625
4 0.5328125 0.315625 0.115625 0.0734375
8 0.31484375 0.56328125 0.0875 0.0671875
4 0.75859375 0.26171875 0.0734375 0.1890625
2 0.465625 0.8296875 0.090625 0.1109375
5 0.6265625 0.8015625 0.0671875 0.1171875
8 0.6421875 0.1953125 0.1140625 0.075