4 0.278125 0.490625 0.05859375 0.13359375
4 0.36640625 0.55390625 0.10625 0.05546875
4 0.4046875 0.4765625 0.03671875 0.11640625
10 0.47578125 0.47421875 0.0484375 0.12890625
10 0.55703125 0.471875 0.0390625 0.1390625
5 0.625 0.434375 0.03359375 0.20390625
5 0.6953125 0.43046875 0.0625 0.15859375
5 0.4703125 0.21640625 0.04765625 0.1140625
5 0.46875 0.3359375 0.065625 0.1140625
9 0.6296875 0.20859375 0.059375 0.08359375
9 0.6640625 0.32890625 0.1015625 0.153125
8 0.5390625 0.2046875 0.078125 0.0484375
8 0.5421875 0.26328125 0.07265625 0.0484375
8 0.54609375 0.31875 0.084375 0.05390625
8 0.54921875 0.378125 0.084375 0.0375
8 0.40625 0.23828125 0.02421875 0.0765625
8 0.40625 0.33984375 0.02265625 0.1015625
8 0.3265625 0.20234375 0.08359375 0.04609375
8 0.31875 0.253125 0.0921875 0.040625
8 0.3234375 0.31015625 0.10078125 0.02890625
8 0.31640625 0.38359375 0.0984375 0.053125