9 0.6296875 0.340625 0.140625 0.2078125
4 0.48671875 0.26875 0.078125 0.0546875
0 0.4203125 0.8484375 0.1515625 0.2953125
5 0.64453125 0.5625 0.05625 0.128125
5 0.28984375 0.6890625 0.0625 0.15
10 0.528125 0.196875 0.0953125 0.1078125
4 0.6078125 0.68203125 0.040625 0.103125
5 0.59765625 0.55625 0.05 0.125
8 0.52109375 0.74296875 0.0546875 0.0484375
8 0.47265625 0.45859375 0.0625 0.0484375
10 0.4265625 0.60390625 0.05625 0.1203125
8 0.50546875 0.60703125 0.0625 0.05
8 0.34921875 0.575 0.0796875 0.0515625
9 0.3859375 0.29375 0.078125 0.121875
8 0.52734375 0.34609375 0.0421875 0.115625
2 0.32890625 0.44453125 0.0609375 0.128125
9 0.30234375 0.83984375 0.1234375 0.184375
4 0.5265625 0.90625 0.0578125 0.0640625
4 0.5671875 0.67265625 0.04375 0.1109375
8 0.5828125 0.8015625 0.0390625 0.10625
5 0.55859375 0.5390625 0.0546875 0.1375