9 0.37578125 0.77578125 0.1015625 0.128125
4 0.2765625 0.478125 0.04375 0.0921875
5 0.5046875 0.48671875 0.059375 0.0890625
9 0.584375 0.43359375 0.121875 0.1796875
8 0.53984375 0.60390625 0.0296875 0.075
5 0.47265625 0.328125 0.0640625 0.1125
8 0.3296875 0.4171875 0.0546875 0.0484375
9 0.62578125 0.703125 0.0609375 0.0984375
0 0.3 0.68359375 0.19375 0.1921875
8 0.5 0.73046875 0.0265625 0.0671875
4 0.403125 0.40078125 0.0734375 0.0609375
8 0.4953125 0.69765625 0.05625 0.1328125
4 0.6265625 0.609375 0.03125 0.06875
10 0.6890625 0.55 0.0734375 0.08125
5 0.4453125 0.72734375 0.0453125 0.09375
8 0.3796875 0.5109375 0.034375 0.0828125
4 0.41484375 0.46171875 0.0609375 0.0546875
8 0.59140625 0.54921875 0.0484375 0.04375
8 0.459375 0.546875 0.03125 0.0796875
2 0.55625 0.73203125 0.0546875 0.0734375
5 0.5078125 0.54765625 0.0796875 0.109375