5 0.484375 0.640625 0.0421875 0.10625
8 0.45 0.3578125 0.040625 0.0265625
8 0.52734375 0.62578125 0.0171875 0.0734375
9 0.425 0.6125 0.053125 0.0828125
8 0.45546875 0.2859375 0.0453125 0.0296875
8 0.709375 0.2953125 0.0203125 0.0734375
5 0.5546875 0.25390625 0.0421875 0.1015625
8 0.4359375 0.54765625 0.053125 0.034375
4 0.5109375 0.28984375 0.053125 0.0390625
5 0.51171875 0.3875 0.03125 0.10625
8 0.6859375 0.515625 0.0203125 0.071875
8 0.45234375 0.4625 0.01875 0.084375
10 0.54375 0.471875 0.0328125 0.0734375
8 0.421875 0.3171875 0.0171875 0.071875
4 0.48203125 0.38984375 0.0234375 0.09375
2 0.578125 0.3953125 0.040625 0.0921875
1 0.65546875 0.39609375 0.05 0.1921875
8 0.5390625 0.39453125 0.0203125 0.0875
9 0.6 0.58515625 0.065625 0.1140625
10 0.5109375 0.528125 0.0578125 0.06875
8 0.6109375 0.32734375 0.021875 0.0875