10 0.55390625 0.31171875 0.0484375 0.11328125
9 0.6234375 0.48828125 0.14296875 0.21875
5 0.40234375 0.2703125 0.09609375 0.06875
4 0.41171875 0.225 0.04921875 0.0515625
8 0.5578125 0.16484375 0.02265625 0.09609375
5 0.26328125 0.32578125 0.1078125 0.203125
4 0.30546875 0.27421875 0.03359375 0.10546875
1 0.39140625 0.6296875 0.23125 0.171875
10 0.50234375 0.321875 0.0640625 0.1953125
9 0.6234375 0.1375 0.05625 0.13046875
8 0.484375 0.1828125 0.0578125 0.046875
8 0.353125 0.1171875 0.0546875 0.0453125
8 0.653125 0.340625 0.06484375 0.0609375
8 0.55078125 0.7390625 0.07578125 0.0578125
8 0.25546875 0.79453125 0.08046875 0.059375
8 0.321875 0.496875 0.065625 0.05390625
2 0.40546875 0.415625 0.09453125 0.11328125
8 0.409375 0.34140625 0.07421875 0.059375
5 0.659375 0.22265625 0.0984375 0.13203125
8 0.38359375 0.16796875 0.0265625 0.11015625