9 0.58671875 0.70078125 0.1 0.1515625
8 0.67421875 0.3515625 0.034375 0.0828125
8 0.38046875 0.68359375 0.05 0.046875
8 0.334375 0.36796875 0.0484375 0.0390625
1 0.6265625 0.48125 0.1015625 0.2609375
8 0.3796875 0.584375 0.0328125 0.0953125
9 0.38515625 0.7640625 0.0625 0.0984375
8 0.3515625 0.46328125 0.0515625 0.046875
8 0.51015625 0.7625 0.028125 0.0765625
8 0.678125 0.61171875 0.03125 0.0734375
8 0.55 0.3921875 0.0375 0.1046875
8 0.47578125 0.49765625 0.0328125 0.090625
5 0.47578125 0.38203125 0.059375 0.1015625
8 0.29765625 0.41875 0.0296875 0.0796875
10 0.43515625 0.68828125 0.0375 0.0796875
4 0.403125 0.496875 0.034375 0.103125
5 0.4578125 0.76328125 0.05625 0.10625
10 0.50703125 0.625 0.0640625 0.090625
5 0.44296875 0.54140625 0.065625 0.1015625
2 0.534375 0.52109375 0.0640625 0.084375
4 0.4109375 0.3640625 0.06875 0.065625