5 0.39296875 0.7140625 0.059375 0.0765625
4 0.390625 0.4015625 0.0484375 0.140625
5 0.4359375 0.803125 0.0546875 0.0875
10 0.42109375 0.621875 0.065625 0.10625
8 0.4828125 0.6484375 0.0453125 0.04375
9 0.5625 0.66875 0.05625 0.0953125
9 0.53125 0.7875 0.1 0.15
8 0.61796875 0.80625 0.028125 0.0640625
1 0.4671875 0.471875 0.1046875 0.2296875
5 0.39609375 0.3390625 0.0515625 0.1125
5 0.3015625 0.34296875 0.06875 0.1
8 0.353125 0.5 0.0890625 0.0546875
8 0.5359375 0.540625 0.0359375 0.0921875
0 0.60234375 0.46171875 0.1734375 0.290625