9 0.559375 0.303125 0.06796875 0.121875
8 0.56796875 0.50859375 0.01640625 0.05859375
10 0.43125 0.303125 0.0234375 0.06875
8 0.65 0.35390625 0.01796875 0.05625
8 0.3890625 0.33984375 0.0359375 0.03203125
8 0.48828125 0.2796875 0.01328125 0.05390625
1 0.62265625 0.4515625 0.05078125 0.18828125
8 0.68515625 0.5359375 0.01953125 0.0703125
4 0.42578125 0.4484375 0.01953125 0.0984375
8 0.4875 0.43984375 0.01796875 0.07734375
8 0.34375 0.5234375 0.01640625 0.06484375
2 0.53046875 0.4 0.03515625 0.0609375
8 0.3984375 0.4015625 0.01640625 0.078125
9 0.384375 0.2921875 0.0421875 0.0921875
5 0.50078125 0.50859375 0.03828125 0.10546875
10 0.49765625 0.3734375 0.03203125 0.13046875
5 0.4546875 0.384375 0.02109375 0.06171875
8 0.38046875 0.55234375 0.0421875 0.03125
8 0.38515625 0.48671875 0.03515625 0.03359375
4 0.446875 0.553125 0.04609375 0.0421875
5 0.44453125 0.25625 0.0296875 0.09140625