9 0.56953125 0.4640625 0.1171875 0.165625
8 0.55234375 0.6296875 0.0484375 0.04375
1 0.44765625 0.57890625 0.1609375 0.1421875
8 0.38671875 0.69296875 0.05625 0.05
8 0.38203125 0.5015625 0.0453125 0.04375
8 0.5765625 0.35 0.046875 0.0484375
9 0.52734375 0.20078125 0.05625 0.09375
8 0.340625 0.2171875 0.05 0.040625
8 0.43828125 0.25625 0.04375 0.0421875
4 0.39921875 0.3 0.0453125 0.0453125
5 0.31171875 0.38359375 0.084375 0.115625
8 0.48671875 0.2265625 0.028125 0.065625
8 0.41015625 0.38046875 0.0609375 0.0578125
4 0.3328125 0.34609375 0.0359375 0.0734375
10 0.50546875 0.34375 0.0453125 0.078125
8 0.36796875 0.253125 0.0265625 0.0546875
5 0.3984375 0.33515625 0.0703125 0.059375
5 0.5671875 0.2640625 0.0765625 0.090625
10 0.46171875 0.3375 0.046875 0.0921875
2 0.425 0.43515625 0.071875 0.0796875