9 0.3171875 0.69296875 0.1421875 0.2328125
8 0.5296875 0.22734375 0.021875 0.11484375
5 0.45546875 0.5921875 0.06015625 0.08828125
4 0.30625 0.4 0.02890625 0.13125
5 0.44921875 0.67265625 0.071875 0.0921875
0 0.6734375 0.31953125 0.19765625 0.47734375
2 0.44453125 0.15546875 0.07734375 0.103125
10 0.5296875 0.35625 0.05078125 0.08671875
8 0.5359375 0.56640625 0.02734375 0.16875
8 0.4328125 0.4234375 0.025 0.1203125
10 0.23046875 0.44765625 0.05234375 0.1328125
9 0.334375 0.2296875 0.06953125 0.134375
8 0.34140625 0.4984375 0.065625 0.0546875
4 0.578125 0.8109375 0.09453125 0.05859375
8 0.64375 0.6296875 0.028125 0.13046875
8 0.69375 0.8109375 0.08359375 0.053125
4 0.5734375 0.71015625 0.0828125 0.05859375
5 0.45234375 0.8015625 0.090625 0.13359375
4 0.778125 0.73125 0.07265625 0.17890625
5 0.60390625 0.134375 0.0578125 0.134375
9 0.746875 0.215625 0.1296875 0.25703125