9 0.37734375 0.56171875 0.053125 0.0984375
1 0.5375 0.3203125 0.1328125 0.1015625
4 0.49140625 0.53984375 0.0515625 0.0421875
8 0.62890625 0.5953125 0.025 0.0765625
9 0.675 0.515625 0.0453125 0.06875
8 0.56171875 0.41875 0.028125 0.0921875
4 0.56640625 0.5515625 0.05625 0.040625
8 0.52265625 0.58515625 0.021875 0.06875
8 0.43515625 0.56875 0.0234375 0.071875
4 0.478125 0.62265625 0.0484375 0.0453125
8 0.51640625 0.41953125 0.0234375 0.071875
5 0.3859375 0.43359375 0.0578125 0.071875
8 0.6453125 0.40859375 0.0390625 0.0375
4 0.55234375 0.6359375 0.053125 0.046875
4 0.70234375 0.3609375 0.028125 0.090625
8 0.4828125 0.25078125 0.0421875 0.034375
10 0.425 0.3046875 0.053125 0.0765625
5 0.63671875 0.47265625 0.0484375 0.0546875
2 0.64140625 0.309375 0.0484375 0.0953125