9 0.7546875 0.3875 0.14296875 0.25078125
9 0.628125 0.2734375 0.08359375 0.1484375
8 0.403125 0.69921875 0.03515625 0.24296875
8 0.5984375 0.44609375 0.03203125 0.2
4 0.32109375 0.54140625 0.15078125 0.06484375
10 0.5015625 0.58671875 0.1015625 0.11171875
8 0.7828125 0.20703125 0.0765625 0.0609375
0 0.20546875 0.1453125 0.303125 0.24296875
5 0.23046875 0.396875 0.0875 0.18203125
1 0.40078125 0.4 0.215625 0.15546875
8 0.490625 0.278125 0.12578125 0.05703125
5 0.80078125 0.6625 0.134375 0.13359375
5 0.54921875 0.68046875 0.14375 0.14140625
5 0.1515625 0.70078125 0.1578125 0.140625