8 0.62734375 0.59609375 0.0265625 0.084375
9 0.47578125 0.45078125 0.115625 0.171875
5 0.5890625 0.83828125 0.0390625 0.1
8 0.4828125 0.6625 0.0234375 0.0671875
8 0.48125 0.74375 0.0390625 0.0375
8 0.434375 0.6671875 0.0265625 0.0671875
9 0.55859375 0.6015625 0.0515625 0.1
4 0.39609375 0.48671875 0.0359375 0.0984375
8 0.6546875 0.48515625 0.06875 0.05625
4 0.45078125 0.57890625 0.0828125 0.053125
4 0.65546875 0.68671875 0.0671875 0.0484375
8 0.696875 0.596875 0.028125 0.0625
9 0.65703125 0.7953125 0.0484375 0.0765625
8 0.6609375 0.39453125 0.0796875 0.053125
5 0.55703125 0.4390625 0.059375 0.10625
8 0.49296875 0.828125 0.0328125 0.0328125
4 0.65859375 0.74375 0.065625 0.046875
5 0.57734375 0.71015625 0.0421875 0.0828125
8 0.484375 0.7875 0.065625 0.03125