8 0.4765625 0.4703125 0.059375 0.1890625
8 0.5453125 0.46953125 0.0578125 0.196875
8 0.62421875 0.46953125 0.059375 0.2015625
8 0.69375 0.4859375 0.0703125 0.1796875
8 0.484375 0.7421875 0.115625 0.0640625
8 0.60078125 0.753125 0.109375 0.0625
8 0.6125 0.88828125 0.04375 0.1265625
8 0.55546875 0.88359375 0.05 0.121875
8 0.48984375 0.87578125 0.05 0.125
8 0.43125 0.86640625 0.0484375 0.1328125
4 0.31640625 0.89609375 0.1265625 0.06875
4 0.28125 0.76640625 0.0625 0.1359375
4 0.36640625 0.72109375 0.090625 0.06875
10 0.346875 0.58515625 0.1015625 0.14375
10 0.34921875 0.428125 0.06875 0.109375
5 0.39375 0.3828125 0.10625 0.1578125
5 0.4140625 0.128125 0.1 0.25625
5 0.49453125 0.64765625 0.128125 0.1234375
5 0.61796875 0.65234375 0.1125 0.1203125
9 0.553125 0.2328125 0.16875 0.24375
9 0.71328125 0.28125 0.1140625 0.171875