5 0.58125 0.415625 0.0515625 0.215625
0 0.44921875 0.3828125 0.184375 0.5640625
9 0.33984375 0.30703125 0.0671875 0.1140625
9 0.23359375 0.7296875 0.1890625 0.2640625
5 0.53984375 0.4125 0.05 0.2125
2 0.28125 0.39921875 0.05625 0.128125
5 0.63359375 0.40703125 0.05625 0.203125
4 0.578125 0.5671875 0.0390625 0.10625
4 0.628125 0.578125 0.04375 0.109375
8 0.5359375 0.6390625 0.0703125 0.059375
8 0.3015625 0.4953125 0.0703125 0.05625
8 0.63359375 0.69296875 0.04375 0.1015625
5 0.23046875 0.525 0.0578125 0.1453125
9 0.56953125 0.340625 0.115625 0.18125
4 0.5953125 0.81640625 0.0984375 0.0796875