9 0.37890625 0.5109375 0.16875 0.228125
5 0.63046875 0.32578125 0.096875 0.078125
8 0.3953125 0.778125 0.1078125 0.06875
5 0.740625 0.428125 0.140625 0.2109375
10 0.525 0.3609375 0.0953125 0.184375
1 0.55390625 0.69609375 0.234375 0.1921875
2 0.5921875 0.47890625 0.10625 0.121875
8 0.57578125 0.20859375 0.0640625 0.059375
5 0.403125 0.21796875 0.1234375 0.1375
8 0.634375 0.8875 0.078125 0.065625
8 0.7390625 0.22265625 0.040625 0.0828125
8 0.38515625 0.34453125 0.0640625 0.059375
4 0.62890625 0.27578125 0.0640625 0.0640625
8 0.51328125 0.16484375 0.040625 0.096875
10 0.47890625 0.33828125 0.0671875 0.115625
8 0.7140625 0.16171875 0.0640625 0.059375
9 0.45703125 0.12109375 0.0765625 0.1203125
8 0.64453125 0.58203125 0.0703125 0.0578125
4 0.72109375 0.34296875 0.0484375 0.1015625
8 0.6046875 0.3953125 0.0734375 0.0734375
8 0.671875 0.22265625 0.028125 0.0453125
8 0.67109375 0.22734375 0.0484375 0.1140625