9 0.6296875 0.53515625 0.05390625 0.109375
4 0.46796875 0.315625 0.08359375 0.05
10 0.66875 0.30859375 0.0765625 0.08203125
8 0.5046875 0.63515625 0.0234375 0.178125
10 0.57890625 0.37265625 0.053125 0.07578125
4 0.46875 0.428125 0.0859375 0.04921875
9 0.6 0.85234375 0.0625 0.13125
9 0.60703125 0.0953125 0.0859375 0.15
8 0.42421875 0.63046875 0.021875 0.16953125
8 0.46953125 0.2140625 0.07421875 0.04296875
8 0.46953125 0.04609375 0.07734375 0.0359375
8 0.46953125 0.115625 0.07890625 0.034375
4 0.4671875 0.39921875 0.08671875 0.0640625