9 0.40703125 0.7578125 0.096875 0.165625
8 0.4828125 0.50390625 0.0484375 0.034375
8 0.62734375 0.51640625 0.046875 0.0359375
9 0.60703125 0.7734375 0.0578125 0.096875
8 0.39296875 0.32109375 0.028125 0.08125
5 0.334375 0.5953125 0.071875 0.0828125
8 0.48828125 0.7515625 0.0265625 0.0890625
9 0.65546875 0.246875 0.109375 0.1734375
4 0.528125 0.79140625 0.05 0.040625
4 0.43359375 0.203125 0.0609375 0.04375
5 0.4875 0.590625 0.0640625 0.090625
5 0.63515625 0.41171875 0.071875 0.078125
4 0.384375 0.46015625 0.03125 0.090625
8 0.4578125 0.371875 0.0515625 0.0375
4 0.42265625 0.4546875 0.0296875 0.0859375
10 0.55703125 0.51328125 0.040625 0.0953125
8 0.5265625 0.63515625 0.0453125 0.0359375
0 0.54453125 0.20859375 0.11875 0.390625
10 0.490625 0.92890625 0.0546875 0.1140625