1 0.68125 0.471875 0.1359375 0.321875
9 0.5859375 0.7296875 0.1296875 0.2078125
8 0.26640625 0.43671875 0.075 0.06875
8 0.72890625 0.63515625 0.034375 0.09375
8 0.1859375 0.3765625 0.0421875 0.1109375
4 0.34296875 0.48359375 0.0421875 0.1203125
9 0.3015625 0.78125 0.075 0.13125
8 0.30078125 0.68984375 0.0609375 0.0546875
8 0.24375 0.3109375 0.075 0.065625
8 0.3078125 0.5921875 0.034375 0.0921875
8 0.78671875 0.29921875 0.0515625 0.15
5 0.44921875 0.30078125 0.08125 0.1359375
5 0.39453125 0.4765625 0.0484375 0.14375
10 0.46640625 0.66875 0.08125 0.1203125
8 0.58203125 0.353125 0.0390625 0.14375
8 0.4515625 0.48515625 0.03125 0.1109375
2 0.53046875 0.471875 0.06875 0.1421875
4 0.35546875 0.31015625 0.0984375 0.0875
8 0.47265625 0.7765625 0.0265625 0.078125
5 0.40625 0.81171875 0.06875 0.1859375
10 0.42421875 0.65859375 0.0921875 0.1078125