1 0.45546875 0.5390625 0.046875 0.1640625
4 0.57734375 0.615625 0.01875 0.0640625
8 0.59375 0.55859375 0.0375 0.0375
8 0.4234375 0.478125 0.01875 0.0609375
4 0.62109375 0.60703125 0.0203125 0.06875
4 0.60859375 0.50859375 0.01875 0.065625
5 0.51640625 0.36640625 0.0203125 0.1125
4 0.56875 0.5203125 0.0203125 0.06875
8 0.6046875 0.6984375 0.05 0.0421875
9 0.5609375 0.7453125 0.0484375 0.1046875
8 0.51171875 0.525 0.0421875 0.034375
8 0.5125 0.57578125 0.0453125 0.0421875
8 0.4984375 0.68828125 0.021875 0.075
4 0.46953125 0.7640625 0.065625 0.05625
8 0.58125 0.4546875 0.034375 0.0359375
9 0.57421875 0.3921875 0.040625 0.065625
10 0.45546875 0.403125 0.0359375 0.0875
2 0.43671875 0.63515625 0.053125 0.0796875
5 0.53828125 0.6453125 0.028125 0.1203125