8 0.5234375 0.7875 0.053125 0.16875
8 0.4328125 0.57578125 0.05 0.175
8 0.34375 0.503125 0.1140625 0.0703125
8 0.5328125 0.453125 0.053125 0.1828125
8 0.65 0.3796875 0.05625 0.18125
8 0.70234375 0.20390625 0.1140625 0.0734375
2 0.43359375 0.84453125 0.1015625 0.121875
9 0.33046875 0.778125 0.096875 0.153125
9 0.325 0.3046875 0.16875 0.3
5 0.46953125 0.20234375 0.0921875 0.1421875
5 0.4625 0.3265625 0.09375 0.1171875
5 0.45390625 0.43203125 0.0828125 0.0921875
4 0.7984375 0.27421875 0.0546875 0.215625
4 0.57734375 0.29609375 0.115625 0.0859375
4 0.5890625 0.2 0.1203125 0.0921875
4 0.31171875 0.609375 0.0625 0.1546875
10 0.528125 0.64609375 0.08125 0.1234375
10 0.23515625 0.55625 0.0859375 0.1625
0 0.65625 0.7046875 0.1890625 0.4875