1 0.603125 0.3171875 0.246875 0.203125
9 0.38828125 0.4484375 0.153125 0.2453125
9 0.34921875 0.86015625 0.0953125 0.1109375
5 0.36484375 0.765625 0.0796875 0.2015625
5 0.5421875 0.7390625 0.0640625 0.1921875
5 0.69921875 0.65078125 0.1 0.20625
8 0.66953125 0.4625 0.1109375 0.0828125
8 0.73984375 0.1625 0.11875 0.10625
8 0.475 0.20234375 0.1140625 0.09375
8 0.340625 0.6171875 0.1015625 0.0703125
8 0.49609375 0.809375 0.075 0.0671875
8 0.6171875 0.89765625 0.09375 0.0515625
8 0.5921875 0.81953125 0.0359375 0.1109375
8 0.6609375 0.8390625 0.0421875 0.103125
10 0.440625 0.79140625 0.065625 0.1640625
10 0.47890625 0.6390625 0.06875 0.203125
2 0.565625 0.56875 0.1015625 0.196875