8 0.4609375 0.22890625 0.021875 0.0953125
4 0.2734375 0.471875 0.0375 0.1125
5 0.3375 0.28984375 0.03984375 0.23046875
4 0.3265625 0.4671875 0.03359375 0.1171875
8 0.36484375 0.54375 0.06484375 0.0578125
5 0.440625 0.3375 0.07734375 0.09296875
0 0.46953125 0.71015625 0.1546875 0.48671875
9 0.66171875 0.671875 0.16171875 0.25703125
9 0.60625 0.19609375 0.0609375 0.12265625
10 0.525 0.378125 0.04609375 0.16875
5 0.25234375 0.2953125 0.1203125 0.1359375
5 0.6390625 0.49609375 0.09375 0.08046875
8 0.625 0.4046875 0.06015625 0.05
8 0.42421875 0.4140625 0.0671875 0.046875
9 0.3609375 0.20390625 0.11875 0.18359375
4 0.51875 0.19609375 0.0453125 0.046875
8 0.25703125 0.59296875 0.0421875 0.109375
8 0.49765625 0.3078125 0.04765625 0.04609375
4 0.290625 0.734375 0.10859375 0.08359375
2 0.63203125 0.309375 0.05546875 0.11875
10 0.4796875 0.09765625 0.04921875 0.12109375