9 0.5859375 0.57109375 0.0734375 0.1359375
9 0.68046875 0.6625 0.1265625 0.1859375
8 0.54921875 0.6625 0.028125 0.140625
0 0.2734375 0.6984375 0.1546875 0.4125
1 0.4015625 0.6796875 0.1328125 0.1359375
8 0.4109375 0.81171875 0.021875 0.0953125
10 0.50390625 0.790625 0.0390625 0.1671875
5 0.5484375 0.8578125 0.0296875 0.2265625
8 0.45859375 0.56875 0.1 0.05625
5 0.6484375 0.84765625 0.0375 0.190625
8 0.7484375 0.49921875 0.0859375 0.053125
4 0.35 0.76015625 0.078125 0.06875
5 0.26875 0.94140625 0.0515625 0.08125