0 0.17890625 0.41953125 0.35625 0.325
9 0.19375 0.74375 0.19765625 0.3015625
9 0.6703125 0.26171875 0.15625 0.25703125
9 0.71171875 0.72734375 0.1125 0.2234375
10 0.834375 0.45546875 0.12734375 0.15546875
10 0.459375 0.5109375 0.07578125 0.178125
2 0.57109375 0.7578125 0.125 0.18203125
8 0.453125 0.7453125 0.059375 0.2234375
8 0.32890625 0.21328125 0.084375 0.08203125
8 0.3546875 0.32265625 0.03828125 0.1484375
8 0.66171875 0.425 0.128125 0.06953125
8 0.5703125 0.503125 0.0390625 0.16953125
8 0.45625 0.36953125 0.034375 0.14453125
4 0.425 0.19375 0.0875 0.07109375
4 0.42578125 0.2609375 0.096875 0.071875
4 0.2328125 0.2421875 0.03359375 0.10703125
4 0.71875 0.5359375 0.053125 0.15859375
5 0.35390625 0.71640625 0.0828125 0.24453125
5 0.5296875 0.39296875 0.071875 0.175
5 0.5390625 0.19296875 0.07890625 0.18046875