9 0.29453125 0.3390625 0.12265625 0.196875
5 0.4890625 0.18046875 0.05546875 0.065625
4 0.6421875 0.271875 0.1078125 0.05
9 0.384375 0.44375 0.07421875 0.128125
5 0.73046875 0.3703125 0.0546875 0.12890625
5 0.3046875 0.2046875 0.071875 0.08046875
8 0.575 0.21015625 0.02109375 0.08984375
8 0.428125 0.35 0.028125 0.140625
1 0.5953125 0.35625 0.1703125 0.121875
10 0.496875 0.2421875 0.0875 0.09453125
0 0.82734375 0.4671875 0.24375 0.20859375
8 0.5140625 0.453125 0.10078125 0.0546875
8 0.21640625 0.51015625 0.08125 0.05546875
5 0.75078125 0.1953125 0.09609375 0.08515625