1 0.53671875 0.52265625 0.04375 0.159375
4 0.4203125 0.60078125 0.0203125 0.0640625
4 0.4234375 0.50859375 0.0203125 0.065625
8 0.4015625 0.6859375 0.0453125 0.034375
4 0.37734375 0.59765625 0.0234375 0.065625
8 0.4015625 0.5484375 0.0375 0.034375
4 0.38203125 0.49921875 0.01875 0.065625
8 0.509375 0.68359375 0.028125 0.1
8 0.48515625 0.56171875 0.0484375 0.040625
8 0.48125 0.5078125 0.0390625 0.034375
8 0.56328125 0.4515625 0.0203125 0.06875
9 0.40703125 0.38515625 0.04375 0.0765625
9 0.45078125 0.7296875 0.046875 0.090625
4 0.5421875 0.74296875 0.0515625 0.0453125
2 0.55859375 0.621875 0.0578125 0.0953125
10 0.5234375 0.3828125 0.0359375 0.0859375
5 0.46171875 0.35546875 0.0234375 0.1171875
5 0.4640625 0.6296875 0.028125 0.1203125
8 0.40546875 0.446875 0.040625 0.034375