9 0.596875 0.56640625 0.0515625 0.1171875
5 0.38984375 0.621875 0.0625 0.13203125
5 0.4078125 0.20078125 0.046875 0.13828125
5 0.48828125 0.184375 0.02265625 0.10546875
8 0.503125 0.5359375 0.04765625 0.0453125
0 0.64765625 0.16875 0.1140625 0.31171875
10 0.4359375 0.44609375 0.0453125 0.12734375
8 0.4078125 0.37109375 0.04296875 0.040625
8 0.58671875 0.4515625 0.01953125 0.103125
5 0.38515625 0.48125 0.06796875 0.16015625
9 0.52734375 0.69296875 0.10234375 0.1828125
8 0.65 0.77890625 0.02890625 0.10546875
4 0.4640625 0.3203125 0.01875 0.07109375
1 0.528125 0.359375 0.08671875 0.2