10 0.34140625 0.6234375 0.0703125 0.0859375
10 0.55859375 0.6671875 0.0515625 0.1046875
9 0.409375 0.51796875 0.1109375 0.1546875
9 0.44140625 0.72421875 0.0578125 0.09375
0 0.72109375 0.65703125 0.215625 0.2046875
8 0.4328125 0.596875 0.075 0.05
8 0.490625 0.6296875 0.025 0.084375
8 0.55234375 0.56796875 0.0390625 0.096875
8 0.61953125 0.52421875 0.0421875 0.1125
8 0.6484375 0.44453125 0.071875 0.06875
2 0.50703125 0.73046875 0.046875 0.0734375
5 0.48671875 0.41640625 0.05625 0.1296875
5 0.496875 0.53828125 0.0578125 0.153125
5 0.6140625 0.7265625 0.046875 0.078125
4 0.71328125 0.4796875 0.053125 0.1328125
4 0.5734375 0.496875 0.065625 0.0515625
4 0.571875 0.4453125 0.0734375 0.046875
4 0.4140625 0.6484375 0.0359375 0.071875