9 0.5609375 0.496875 0.0921875 0.128125
8 0.78828125 0.20859375 0.03125 0.215625
8 0.67890625 0.2125 0.03125 0.2125
4 0.38125 0.22109375 0.0359375 0.215625
5 0.4140625 0.4875 0.0296875 0.1171875
8 0.16875 0.790625 0.03125 0.20625
9 0.765625 0.6609375 0.1390625 0.228125
5 0.7171875 0.46328125 0.084375 0.1
5 0.15 0.484375 0.090625 0.10625
5 0.29375 0.4765625 0.053125 0.084375
8 0.33515625 0.78125 0.0296875 0.215625
9 0.18671875 0.2453125 0.0890625 0.165625
4 0.2703125 0.234375 0.0375 0.196875
8 0.52109375 0.30546875 0.121875 0.0609375
8 0.5171875 0.10859375 0.121875 0.0625
8 0.25234375 0.7875 0.0265625 0.2046875
5 0.79375 0.465625 0.08125 0.1125
4 0.7171875 0.86875 0.0984375 0.090625
4 0.6 0.7796875 0.046875 0.20625
8 0.471875 0.8734375 0.1125 0.071875
8 0.471875 0.73125 0.128125 0.0625