4 0.3796875 0.30390625 0.071875 0.05625
4 0.3890625 0.378125 0.0734375 0.053125
4 0.465625 0.2984375 0.06875 0.0515625
4 0.471875 0.36796875 0.0671875 0.05625
4 0.28203125 0.60078125 0.0546875 0.153125
8 0.3390625 0.528125 0.0765625 0.0625
8 0.421875 0.48203125 0.05625 0.11875
8 0.4734375 0.47421875 0.040625 0.10625
8 0.31484375 0.34609375 0.046875 0.0734375
8 0.42578125 0.340625 0.03125 0.1203125
8 0.5171875 0.32890625 0.040625 0.10625
8 0.55234375 0.64921875 0.0828125 0.06875
5 0.3359375 0.42890625 0.0765625 0.1046875
5 0.6015625 0.40078125 0.071875 0.1015625
10 0.60546875 0.5453125 0.0796875 0.0921875
1 0.47265625 0.58828125 0.171875 0.134375
2 0.36171875 0.621875 0.059375 0.1265625
9 0.27578125 0.4390625 0.075 0.1046875
9 0.5828125 0.3078125 0.0796875 0.1046875