5 0.5109375 0.25078125 0.05390625 0.1875
5 0.51328125 0.48359375 0.0515625 0.20859375
8 0.4765625 0.40859375 0.05546875 0.0609375
8 0.4671875 0.46015625 0.06640625 0.059375
8 0.59765625 0.36640625 0.0734375 0.0390625
8 0.6109375 0.4515625 0.0890625 0.0359375
8 0.63359375 0.6125 0.0984375 0.075
8 0.4390625 0.57890625 0.04296875 0.125
8 0.34375 0.34453125 0.0234375 0.08359375
10 0.41875 0.2625 0.053125 0.1
1 0.396875 0.4 0.08203125 0.15
2 0.3359375 0.48203125 0.0890625 0.1640625
9 0.59296875 0.3 0.078125 0.0890625
9 0.5484375 0.653125 0.09140625 0.1890625
4 0.3609375 0.66796875 0.15625 0.09453125
4 0.65546875 0.51640625 0.040625 0.103125
4 0.5859375 0.51328125 0.04296875 0.090625
4 0.64375 0.4 0.0359375 0.0640625
4 0.5765625 0.403125 0.03828125 0.03359375