5 0.69765625 0.82734375 0.0640625 0.1140625
5 0.5828125 0.40390625 0.059375 0.2328125
5 0.7171875 0.4125 0.103125 0.184375
9 0.540625 0.87578125 0.096875 0.1609375
9 0.46640625 0.78125 0.0546875 0.1234375
10 0.63203125 0.72734375 0.0640625 0.13125
8 0.44375 0.9015625 0.0234375 0.075
4 0.6125 0.45546875 0.0390625 0.1765625
0 0.3453125 0.6609375 0.2046875 0.503125
8 0.68046875 0.56640625 0.0921875 0.0546875
8 0.45859375 0.6359375 0.03125 0.1171875
5 0.6671875 0.9 0.0578125 0.1328125
1 0.5265625 0.53046875 0.0984375 0.24375
8 0.55546875 0.7390625 0.109375 0.059375