9 0.553125 0.2140625 0.0828125 0.140625
9 0.4890625 0.315625 0.046875 0.0953125
8 0.5578125 0.36171875 0.0421875 0.040625
8 0.4765625 0.18046875 0.021875 0.0734375
5 0.6484375 0.228125 0.0484375 0.090625
8 0.63515625 0.5421875 0.08125 0.04375
4 0.575 0.62890625 0.034375 0.1484375
5 0.6640625 0.325 0.0515625 0.0734375
8 0.478125 0.446875 0.0390625 0.128125
10 0.6109375 0.39375 0.0578125 0.1109375
1 0.52578125 0.5328125 0.0796875 0.2078125
5 0.5515625 0.69765625 0.0390625 0.128125
5 0.6390625 0.70234375 0.065625 0.1078125