8 0.4375 0.53984375 0.03125 0.11796875
8 0.63359375 0.303125 0.05703125 0.04921875
4 0.684375 0.33828125 0.03515625 0.078125
8 0.65390625 0.39921875 0.0671875 0.05390625
9 0.62421875 0.23125 0.05625 0.10703125
8 0.6859375 0.56328125 0.084375 0.0640625
4 0.7125 0.44296875 0.04375 0.096875
8 0.484375 0.41640625 0.06328125 0.05234375
5 0.53046875 0.459375 0.03671875 0.3390625
8 0.490625 0.36171875 0.05703125 0.04921875
4 0.61796875 0.43828125 0.0390625 0.103125
4 0.34921875 0.64765625 0.1625 0.096875
4 0.60390625 0.34140625 0.03046875 0.07265625
2 0.32890625 0.428125 0.096875 0.1921875
9 0.57734375 0.61171875 0.10625 0.20703125
5 0.48671875 0.2421875 0.08984375 0.084375
10 0.38984375 0.2359375 0.0703125 0.09296875
1 0.38203125 0.365625 0.1109375 0.21015625
8 0.3359375 0.296875 0.03515625 0.0890625