1 0.53828125 0.26875 0.11171875 0.08984375
8 0.46640625 0.23359375 0.0328125 0.03203125
4 0.61796875 0.48203125 0.02265625 0.075
9 0.4203125 0.3328125 0.075 0.13125
5 0.6125 0.36875 0.03515625 0.1
8 0.5796875 0.33125 0.034375 0.03359375
10 0.47890625 0.40078125 0.02578125 0.11328125
8 0.57109375 0.57421875 0.0171875 0.06796875
8 0.59375 0.2109375 0.0328125 0.03125
8 0.43515625 0.59140625 0.01796875 0.084375
8 0.60234375 0.6359375 0.05078125 0.03515625
9 0.38359375 0.60625 0.0515625 0.1109375
8 0.49375 0.56484375 0.03828125 0.03359375
4 0.54375 0.5234375 0.0421875 0.0484375
5 0.40078125 0.45 0.040625 0.10234375
5 0.5265625 0.44140625 0.03046875 0.11171875
2 0.5359375 0.3265625 0.0328125 0.04921875
8 0.3734375 0.43515625 0.01953125 0.03515625
10 0.45234375 0.4546875 0.03125 0.07109375
8 0.6234375 0.56875 0.01875 0.06875