9 0.51015625 0.67265625 0.05 0.09375
9 0.2671875 0.5453125 0.053125 0.109375
8 0.375 0.75625 0.015625 0.059375
8 0.28046875 0.7546875 0.01875 0.06875
8 0.45546875 0.7953125 0.034375 0.03125
5 0.65859375 0.68515625 0.0265625 0.1046875
8 0.49296875 0.49453125 0.046875 0.040625
5 0.41953125 0.678125 0.01875 0.109375
4 0.396875 0.528125 0.021875 0.109375
5 0.3453125 0.65703125 0.0296875 0.0734375
4 0.53125 0.7625 0.021875 0.0921875
8 0.45234375 0.74609375 0.0375 0.034375
8 0.25859375 0.67109375 0.046875 0.1125
8 0.4875 0.58125 0.046875 0.040625
5 0.6078125 0.6859375 0.040625 0.1109375
4 0.32265625 0.52265625 0.025 0.1
8 0.6703125 0.53828125 0.028125 0.1
8 0.5984375 0.53671875 0.021875 0.096875
8 0.328125 0.75234375 0.01875 0.071875
8 0.634375 0.540625 0.0953125 0.10625
9 0.6265625 0.74921875 0.08125 0.1234375
4 0.59375 0.803125 0.05 0.059375