8 0.2828125 0.21875 0.01640625 0.0765625
8 0.5921875 0.2953125 0.040625 0.03046875
5 0.46640625 0.19375 0.04296875 0.07734375
8 0.484375 0.6234375 0.015625 0.078125
8 0.584375 0.4265625 0.015625 0.08125
8 0.5921875 0.20390625 0.04375 0.03203125
9 0.6140625 0.6140625 0.0453125 0.0796875
8 0.48203125 0.34140625 0.0171875 0.0859375
8 0.4 0.253125 0.01640625 0.06875
2 0.43671875 0.33515625 0.03828125 0.06171875
8 0.63125 0.24765625 0.015625 0.07578125
1 0.3375 0.3421875 0.05703125 0.22578125
5 0.5359375 0.584375 0.0390625 0.0703125
4 0.55 0.32734375 0.0171875 0.08359375
8 0.3 0.48515625 0.01875 0.07734375
10 0.5484375 0.4875 0.025 0.06484375
10 0.47578125 0.44375 0.03203125 0.07109375
8 0.59921875 0.52734375 0.0671875 0.03203125
9 0.4 0.57421875 0.07421875 0.1375
5 0.5203125 0.3703125 0.03125 0.08515625
4 0.52421875 0.20625 0.046875 0.0359375