8 0.54609375 0.4078125 0.05234375 0.03828125
4 0.36328125 0.478125 0.03046875 0.08671875
4 0.371875 0.40390625 0.0265625 0.05546875
5 0.5078125 0.26640625 0.0265625 0.16484375
8 0.40546875 0.434375 0.0578125 0.0421875
8 0.3953125 0.5484375 0.0625 0.0484375
8 0.41796875 0.33203125 0.04765625 0.0390625
8 0.7234375 0.528125 0.0359375 0.0875
4 0.4390625 0.4796875 0.0265625 0.08828125
1 0.64609375 0.46015625 0.09453125 0.23046875
9 0.48046875 0.284375 0.03984375 0.1015625
4 0.440625 0.39296875 0.0265625 0.06953125
5 0.52421875 0.56640625 0.03984375 0.284375
2 0.63984375 0.2953125 0.06328125 0.128125
9 0.3859375 0.6421875 0.09765625 0.153125
10 0.665625 0.56640625 0.06640625 0.21484375
8 0.5640625 0.33046875 0.03671875 0.07421875
4 0.590625 0.28125 0.04375 0.05390625