10 0.4484375 0.2984375 0.0546875 0.1734375
9 0.35078125 0.48828125 0.1421875 0.203125
8 0.5859375 0.321875 0.03125 0.0953125
8 0.609375 0.53125 0.0734375 0.05
5 0.384375 0.296875 0.0671875 0.1859375
8 0.6453125 0.3203125 0.0265625 0.0703125
5 0.53359375 0.33125 0.0515625 0.18125
8 0.4984375 0.309375 0.046875 0.0375
8 0.38671875 0.6734375 0.0703125 0.0578125
8 0.61171875 0.28046875 0.05625 0.046875
10 0.4671875 0.3875 0.05 0.1734375
2 0.528125 0.4375 0.0890625 0.1765625
8 0.64296875 0.7421875 0.115625 0.0953125
1 0.5390625 0.6203125 0.234375 0.184375
5 0.66171875 0.39765625 0.096875 0.20625