9 0.4078125 0.32421875 0.0453125 0.09140625
9 0.37890625 0.53359375 0.1 0.159375
4 0.38359375 0.39375 0.02265625 0.065625
4 0.70078125 0.56953125 0.02734375 0.08828125
0 0.60546875 0.2453125 0.090625 0.309375
10 0.52890625 0.35703125 0.03046875 0.065625
8 0.603125 0.5171875 0.01796875 0.0765625
10 0.33359375 0.4046875 0.03125 0.10234375
8 0.403125 0.446875 0.04453125 0.03828125
8 0.634375 0.6 0.05390625 0.04453125
5 0.4640625 0.53671875 0.04609375 0.09921875
9 0.66796875 0.3171875 0.0734375 0.125
2 0.48203125 0.28359375 0.059375 0.08125
5 0.46796875 0.46875 0.04765625 0.059375
8 0.53046875 0.47421875 0.02421875 0.1015625
4 0.55390625 0.5484375 0.06953125 0.04609375
4 0.55703125 0.6015625 0.071875 0.05