5 0.66171875 0.40703125 0.075 0.19453125
9 0.73125 0.43515625 0.07421875 0.14296875
5 0.2015625 0.41484375 0.08515625 0.18515625
8 0.4328125 0.54296875 0.0296875 0.134375
4 0.4296875 0.38359375 0.08671875 0.059375
8 0.5171875 0.5328125 0.02734375 0.1484375
4 0.5515625 0.384375 0.078125 0.0609375
4 0.77890625 0.68828125 0.0484375 0.19375
9 0.24609375 0.32265625 0.07578125 0.1375
2 0.653125 0.721875 0.06328125 0.22734375
8 0.3109375 0.79921875 0.0828125 0.0859375
4 0.54765625 0.29375 0.07109375 0.0609375
8 0.34375 0.3484375 0.028125 0.115625
8 0.665625 0.58515625 0.0984375 0.07890625
8 0.48828125 0.3484375 0.025 0.1140625
4 0.43203125 0.2859375 0.08359375 0.0625
1 0.44375 0.69921875 0.23984375 0.2015625
10 0.21796875 0.63046875 0.071875 0.1203125