1 0.58515625 0.38515625 0.0640625 0.25
8 0.37265625 0.640625 0.075 0.0484375
4 0.34609375 0.49609375 0.028125 0.103125
4 0.4078125 0.50546875 0.0265625 0.1046875
8 0.53046875 0.6359375 0.0265625 0.13125
4 0.4203125 0.3625 0.0265625 0.09375
5 0.4890625 0.13046875 0.025 0.178125
9 0.40546875 0.17265625 0.0546875 0.1140625
10 0.57890625 0.18125 0.0375 0.121875
4 0.5765625 0.7484375 0.096875 0.05625
4 0.359375 0.35234375 0.025 0.1046875
8 0.39765625 0.26796875 0.0484375 0.05
5 0.4703125 0.603125 0.0296875 0.2390625
8 0.50625 0.4484375 0.0609375 0.0453125
8 0.50390625 0.371875 0.0484375 0.0515625
9 0.43828125 0.709375 0.0578125 0.1234375
8 0.384375 0.41796875 0.0484375 0.0421875
2 0.61640625 0.5453125 0.0578125 0.103125
8 0.6328125 0.29765625 0.03125 0.10625