9 0.3953125 0.51328125 0.071875 0.125
9 0.30234375 0.4109375 0.125 0.1984375
10 0.48671875 0.27578125 0.0328125 0.1625
0 0.71015625 0.41484375 0.146875 0.415625
5 0.3421875 0.2125 0.03125 0.178125
5 0.73203125 0.14765625 0.0390625 0.121875
8 0.2203125 0.58125 0.059375 0.05
5 0.44609375 0.19296875 0.025 0.209375
8 0.5859375 0.25546875 0.0203125 0.0859375
8 0.43671875 0.40390625 0.025 0.146875
4 0.6375 0.32109375 0.034375 0.046875
1 0.5890625 0.3953125 0.1328125 0.153125
8 0.525 0.51640625 0.1046875 0.05625