5 0.4328125 0.50625 0.0984375 0.2125
5 0.43359375 0.36171875 0.1078125 0.1921875
5 0.465625 0.12734375 0.125 0.2546875
5 0.54921875 0.83203125 0.08125 0.1625
2 0.38671875 0.81796875 0.1046875 0.1421875
9 0.2765625 0.77265625 0.115625 0.19375
9 0.68359375 0.859375 0.18125 0.253125
9 0.29375 0.315625 0.2046875 0.309375
10 0.146875 0.53125 0.13125 0.1640625
10 0.4890625 0.69375 0.0984375 0.1546875
4 0.8140625 0.3375 0.09375 0.240625
4 0.25546875 0.61796875 0.0578125 0.1484375
4 0.5734375 0.3375 0.13125 0.1046875
4 0.59296875 0.24140625 0.13125 0.103125
8 0.71953125 0.2546875 0.140625 0.103125
8 0.3046875 0.51796875 0.121875 0.0796875
8 0.515625 0.48984375 0.075 0.178125
8 0.640625 0.41953125 0.0703125 0.1859375
8 0.39296875 0.603125 0.0484375 0.15625
8 0.47421875 0.82421875 0.053125 0.134375
0 0.771875 0.68046875 0.4078125 0.3625