9 0.3765625 0.13515625 0.05625 0.121875
5 0.7390625 0.32265625 0.10625 0.196875
9 0.3765625 0.49140625 0.140625 0.228125
5 0.5984375 0.27265625 0.096875 0.0703125
8 0.64609375 0.11875 0.05625 0.046875
8 0.51640625 0.18671875 0.05625 0.05
10 0.44453125 0.31484375 0.046875 0.1125
1 0.61015625 0.634375 0.23125 0.1703125
4 0.590625 0.22890625 0.0515625 0.05
8 0.4421875 0.16484375 0.021875 0.09375
8 0.3453125 0.34296875 0.059375 0.05625
8 0.7453125 0.8 0.0796875 0.0578125
4 0.6953125 0.26875 0.0328125 0.0921875
10 0.4984375 0.32734375 0.059375 0.19375
8 0.45 0.74375 0.078125 0.05625
2 0.59453125 0.421875 0.096875 0.11875
8 0.678125 0.50078125 0.065625 0.0546875
8 0.5921875 0.34375 0.0734375 0.0546875
5 0.34375 0.23046875 0.10625 0.134375
8 0.6171875 0.17109375 0.025 0.1125