0 0.51796875 0.825 0.0859375 0.2875
9 0.6140625 0.39609375 0.0984375 0.1609375
9 0.43359375 0.728125 0.0796875 0.1359375
8 0.52578125 0.4078125 0.0203125 0.06875
8 0.5875 0.6484375 0.0390625 0.034375
8 0.54921875 0.57265625 0.05 0.0421875
5 0.396875 0.66640625 0.028125 0.1078125
5 0.61875 0.553125 0.0234375 0.1484375
10 0.4875 0.59609375 0.034375 0.1125
4 0.6171875 0.734375 0.04375 0.0390625
9 0.39765625 0.4 0.0578125 0.1125
5 0.6578125 0.54921875 0.025 0.1578125
8 0.4984375 0.4890625 0.0453125 0.0375
2 0.3796875 0.52421875 0.0359375 0.0578125
4 0.646875 0.60078125 0.01875 0.0765625
8 0.4234375 0.57109375 0.0515625 0.0390625
5 0.58515625 0.5453125 0.0234375 0.1625
8 0.646875 0.67578125 0.0265625 0.0796875
4 0.4671875 0.36484375 0.05625 0.0546875
10 0.51015625 0.32265625 0.05 0.134375