5 0.58359375 0.44375 0.028125 0.159375
5 0.61875 0.4421875 0.0328125 0.15703125
5 0.659375 0.44375 0.02578125 0.1609375
5 0.3953125 0.3390625 0.0375 0.125
9 0.43125 0.2703125 0.08125 0.1390625
9 0.6171875 0.5984375 0.11328125 0.175
9 0.4015625 0.59765625 0.06640625 0.11640625
2 0.37890625 0.490625 0.04296875 0.11484375
8 0.42109375 0.42265625 0.07109375 0.05625
8 0.49921875 0.50625 0.07734375 0.05390625
8 0.54765625 0.4203125 0.06015625 0.0421875
8 0.58359375 0.33984375 0.05 0.04296875
8 0.646875 0.31953125 0.02578125 0.0765625
8 0.5296875 0.58828125 0.02578125 0.0921875
4 0.471875 0.6296875 0.05546875 0.0484375
4 0.62109375 0.25703125 0.0703125 0.04765625
10 0.48515625 0.39609375 0.03828125 0.1046875
10 0.5109375 0.6703125 0.04140625 0.12421875
0 0.51640625 0.18828125 0.0875 0.365625