8 0.571875 0.44921875 0.03046875 0.184375
9 0.26796875 0.19765625 0.08515625 0.1515625
9 0.81796875 0.32421875 0.08203125 0.15625
8 0.734375 0.1828125 0.0328125 0.07734375
8 0.73671875 0.49921875 0.1078125 0.0859375
8 0.48125 0.45859375 0.0296875 0.165625
4 0.6125 0.2609375 0.09140625 0.0625
10 0.2515625 0.67421875 0.0734375 0.14296875
2 0.72734375 0.6765625 0.071875 0.2375
8 0.5375 0.22421875 0.02578125 0.15078125
4 0.47421875 0.26328125 0.08984375 0.06875
5 0.24609375 0.44140625 0.09765625 0.20703125
5 0.7390625 0.29453125 0.090625 0.15234375
4 0.4734375 0.146875 0.07265625 0.06953125
8 0.37734375 0.2234375 0.02890625 0.146875
4 0.60703125 0.1421875 0.0796875 0.05859375
4 0.8640625 0.6234375 0.05078125 0.2140625
8 0.3609375 0.7671875 0.1046875 0.05859375
1 0.49296875 0.646875 0.26015625 0.1953125