8 0.37109375 0.6359375 0.0328125 0.096875
9 0.47890625 0.25859375 0.0796875 0.1171875
8 0.4796875 0.63359375 0.0265625 0.0890625
4 0.63125 0.63828125 0.0828125 0.0515625
10 0.59453125 0.396875 0.0421875 0.10625
5 0.4765625 0.45390625 0.05625 0.0859375
4 0.584375 0.5046875 0.0640625 0.0484375
9 0.3875 0.27890625 0.0484375 0.0890625
8 0.5109375 0.36015625 0.01875 0.0609375
8 0.42578125 0.64609375 0.03125 0.1046875
8 0.371875 0.38046875 0.025 0.071875
8 0.4203125 0.371875 0.0265625 0.0671875
8 0.46484375 0.36796875 0.0234375 0.075
5 0.55546875 0.25078125 0.040625 0.08125
8 0.490625 0.5140625 0.0453125 0.040625
4 0.65390625 0.55078125 0.0359375 0.10625
8 0.40625 0.5234375 0.05 0.04375
8 0.53515625 0.6234375 0.025 0.0859375
5 0.40546875 0.4546875 0.0796875 0.0734375
5 0.55234375 0.19140625 0.0453125 0.075