8 0.49921875 0.3875 0.046875 0.0390625
10 0.55625 0.35390625 0.0375 0.06875
1 0.53125 0.24375 0.1140625 0.0984375
8 0.40390625 0.50390625 0.028125 0.06875
8 0.60078125 0.21640625 0.0328125 0.03125
10 0.5734375 0.42578125 0.05 0.1046875
8 0.48125 0.29140625 0.0359375 0.0359375
8 0.490625 0.17578125 0.0375 0.034375
5 0.425 0.33828125 0.0640625 0.0890625
8 0.63125 0.4203125 0.0515625 0.0453125
8 0.5625 0.54609375 0.0296875 0.0703125
8 0.51796875 0.51875 0.04375 0.0390625
8 0.45 0.51171875 0.0265625 0.0625
9 0.62265625 0.3203125 0.0890625 0.125
8 0.41484375 0.5625 0.0421875 0.0421875
9 0.60390625 0.571875 0.059375 0.0953125
5 0.63515625 0.4640625 0.08125 0.084375
4 0.4828125 0.46484375 0.05625 0.046875
2 0.51015625 0.3234375 0.0609375 0.065625
4 0.4234375 0.42421875 0.040625 0.0875
5 0.4859375 0.41875 0.0640625 0.0640625