9 0.83515625 0.471875 0.16171875 0.2375
8 0.32109375 0.15546875 0.12890625 0.06015625
10 0.5328125 0.4265625 0.0703125 0.14921875
4 0.4765625 0.2203125 0.0328125 0.14765625
4 0.5765625 0.21640625 0.034375 0.14921875
9 0.36875 0.4828125 0.08515625 0.16796875
8 0.3140625 0.2734375 0.13671875 0.059375
8 0.77109375 0.2078125 0.03515625 0.14140625
8 0.67421875 0.21328125 0.03984375 0.15546875
8 0.8453125 0.20078125 0.0390625 0.1296875
9 0.121875 0.41796875 0.10078125 0.19765625
10 0.60234375 0.615625 0.08203125 0.1890625