5 0.70078125 0.7046875 0.14375 0.1609375
5 0.30078125 0.671875 0.1375 0.1859375
5 0.4578125 0.70078125 0.1265625 0.1078125
8 0.62578125 0.79453125 0.065625 0.1453125
8 0.55 0.79375 0.1046875 0.08125
8 0.4625 0.82265625 0.065625 0.0953125
8 0.39453125 0.840625 0.0578125 0.109375
8 0.4515625 0.89921875 0.0984375 0.0671875
8 0.446875 0.6375 0.1015625 0.0765625
8 0.6734375 0.590625 0.1125 0.075
8 0.47734375 0.2 0.13125 0.090625
8 0.22109375 0.20234375 0.1328125 0.090625
8 0.33125 0.484375 0.1140625 0.0859375
1 0.36015625 0.3328125 0.2703125 0.2203125
9 0.60703125 0.4296875 0.2015625 0.2671875
9 0.7015625 0.83125 0.0953125 0.1171875
10 0.5875 0.65234375 0.0953125 0.1578125
10 0.53046875 0.62421875 0.1046875 0.2203125
4 0.47734375 0.759375 0.1015625 0.065625
4 0.36640625 0.7453125 0.05625 0.096875
2 0.42265625 0.540625 0.1265625 0.1359375