8 0.65546875 0.53046875 0.07578125 0.03125
8 0.4359375 0.63125 0.07109375 0.03203125
8 0.4328125 0.54140625 0.075 0.0296875
9 0.32890625 0.5015625 0.08125 0.14375
8 0.44140625 0.72734375 0.07109375 0.0359375
8 0.66015625 0.6234375 0.07578125 0.0328125
4 0.6703125 0.28359375 0.02578125 0.11484375
8 0.4328125 0.44921875 0.07578125 0.03359375
8 0.5734375 0.64609375 0.01796875 0.11796875
8 0.65234375 0.43984375 0.07421875 0.03046875
4 0.596875 0.23359375 0.07421875 0.04375
8 0.659375 0.7171875 0.075 0.028125
8 0.57109375 0.5734375 0.02265625 0.26640625
9 0.3375 0.7015625 0.04921875 0.08203125
8 0.56953125 0.49765625 0.0171875 0.11953125
5 0.290625 0.33203125 0.09765625 0.0890625
5 0.36953125 0.33125 0.0375 0.1015625
10 0.4234375 0.29609375 0.0625 0.096875
10 0.49453125 0.30078125 0.0828125 0.0984375
4 0.571875 0.33671875 0.03984375 0.109375
5 0.51875 0.496875 0.05 0.15390625
5 0.51953125 0.6546875 0.0484375 0.14296875