4 0.39453125 0.49140625 0.1109375 0.06640625
0 0.31953125 0.1921875 0.178125 0.18203125
1 0.44375 0.39296875 0.1375 0.1109375
5 0.334375 0.38125 0.05703125 0.11796875
5 0.2875 0.584375 0.09921875 0.1109375
5 0.54375 0.596875 0.09296875 0.1
5 0.6921875 0.575 0.08046875 0.09140625
9 0.6765625 0.39140625 0.0890625 0.153125
9 0.59453125 0.309375 0.06875 0.1015625
8 0.703125 0.275 0.07421875 0.0640625
8 0.5015625 0.3203125 0.07890625 0.040625
8 0.56875 0.4234375 0.03203125 0.13046875
8 0.45 0.58515625 0.03125 0.1484375
10 0.5125 0.509375 0.07109375 0.09140625