5 0.3578125 0.4859375 0.05546875 0.1015625
0 0.628125 0.184375 0.103125 0.325
4 0.45078125 0.32578125 0.0203125 0.10234375
5 0.47265625 0.19765625 0.028125 0.1125
9 0.503125 0.7109375 0.10078125 0.16953125
9 0.57421875 0.5875 0.05078125 0.1140625
8 0.484375 0.55546875 0.04375 0.0375
8 0.62265625 0.796875 0.02734375 0.1140625
8 0.3953125 0.38828125 0.0421875 0.03515625
5 0.39609375 0.2109375 0.05234375 0.12734375
5 0.36953125 0.6578125 0.06328125 0.128125
8 0.56796875 0.46015625 0.01953125 0.11015625
1 0.5078125 0.37578125 0.06171875 0.18359375
10 0.41640625 0.475 0.04296875 0.1140625