5 0.36484375 0.92265625 0.0640625 0.1328125
5 0.38984375 0.80234375 0.0875 0.1625
5 0.4796875 0.584375 0.059375 0.196875
5 0.6109375 0.60078125 0.078125 0.2359375
8 0.68359375 0.6859375 0.0546875 0.15
8 0.54609375 0.675 0.053125 0.1375
8 0.48203125 0.68125 0.0359375 0.1015625
8 0.55078125 0.43046875 0.1390625 0.0921875
8 0.6828125 0.446875 0.1359375 0.0875
8 0.7703125 0.2578125 0.071875 0.2375
8 0.69140625 0.2453125 0.071875 0.2421875
8 0.61171875 0.23671875 0.065625 0.234375
8 0.52265625 0.228125 0.071875 0.24375
4 0.41875 0.41875 0.1140625 0.096875
4 0.33671875 0.3328125 0.0796875 0.2015625
4 0.3859375 0.1828125 0.1484375 0.1015625
10 0.3609375 0.68046875 0.0921875 0.14375
10 0.371875 0.56171875 0.103125 0.153125
9 0.49453125 0.83828125 0.1625 0.203125
9 0.62734375 0.84609375 0.0796875 0.1265625