9 0.45390625 0.76796875 0.0984375 0.1625
9 0.61015625 0.2265625 0.10625 0.171875
8 0.4859375 0.50703125 0.046875 0.034375
8 0.55078125 0.62734375 0.05 0.0359375
8 0.36640625 0.34140625 0.028125 0.0828125
5 0.503125 0.59140625 0.0640625 0.090625
8 0.53203125 0.74296875 0.025 0.0796875
9 0.65078125 0.7484375 0.0546875 0.09375
4 0.57890625 0.78125 0.053125 0.0421875
5 0.4296875 0.62734375 0.0296875 0.0984375
8 0.4375 0.38046875 0.0484375 0.034375
4 0.3796875 0.47734375 0.0296875 0.0875
5 0.3515625 0.62109375 0.065625 0.0796875
0 0.49609375 0.20546875 0.1171875 0.3828125
8 0.6296875 0.49453125 0.046875 0.0359375
5 0.61953125 0.39296875 0.0734375 0.0875
4 0.41640625 0.465625 0.028125 0.084375
10 0.55859375 0.50625 0.0546875 0.1
4 0.37734375 0.21484375 0.0828125 0.0765625
10 0.5625 0.91328125 0.0671875 0.1140625
2 0.6515625 0.6046875 0.0625 0.1171875