9 0.46640625 0.309375 0.109375 0.1796875
9 0.5359375 0.43046875 0.05625 0.121875
8 0.35078125 0.615625 0.040625 0.040625
5 0.3484375 0.78125 0.05625 0.140625
0 0.58125 0.82421875 0.1125 0.334375
4 0.40625 0.6796875 0.021875 0.0890625
5 0.42578125 0.803125 0.0296875 0.1125
8 0.58984375 0.22734375 0.0296875 0.1109375
8 0.52890625 0.54921875 0.021875 0.0921875
5 0.32421875 0.49140625 0.0859375 0.1953125
5 0.328125 0.3703125 0.071875 0.1359375
10 0.3765625 0.5453125 0.0546875 0.1265625
8 0.4484375 0.45625 0.115625 0.053125
1 0.46328125 0.625 0.0734375 0.1796875