9 0.31796875 0.44453125 0.07421875 0.1265625
5 0.3328125 0.2625 0.0265625 0.0875
8 0.28125 0.596875 0.05546875 0.0328125
8 0.521875 0.265625 0.01796875 0.1203125
1 0.52890625 0.45078125 0.12109375 0.08515625
10 0.446875 0.33203125 0.02734375 0.0640625
8 0.4125 0.40859375 0.0171875 0.1125
5 0.63203125 0.246875 0.0265625 0.0890625
9 0.3890625 0.54453125 0.05546875 0.075
5 0.4140625 0.2390625 0.03828125 0.1
8 0.475 0.55078125 0.08515625 0.065625
5 0.634375 0.39765625 0.0390625 0.0765625
4 0.571875 0.36015625 0.08671875 0.04296875
0 0.575 0.63671875 0.09765625 0.1765625