9 0.55 0.28046875 0.08125 0.1234375
1 0.4390625 0.24296875 0.1125 0.0984375
8 0.37734375 0.19453125 0.0328125 0.0328125
8 0.49453125 0.19453125 0.0328125 0.0328125
8 0.4546875 0.52421875 0.0234375 0.065625
8 0.5921875 0.37421875 0.046875 0.0421875
8 0.521875 0.50625 0.0453125 0.0359375
8 0.571875 0.51796875 0.025 0.0640625
8 0.43671875 0.5828125 0.04375 0.0421875
9 0.6171875 0.521875 0.05625 0.0984375
8 0.409375 0.3078125 0.034375 0.0359375
8 0.40859375 0.5296875 0.0234375 0.0625
8 0.4578125 0.3890625 0.04375 0.0390625
5 0.37265625 0.36796875 0.0609375 0.0875
4 0.4 0.4515625 0.028125 0.071875
2 0.44921875 0.33203125 0.0546875 0.059375
5 0.45703125 0.42421875 0.0671875 0.059375
5 0.61328125 0.42109375 0.0828125 0.0921875
4 0.46796875 0.46796875 0.0609375 0.040625
10 0.53828125 0.39765625 0.0609375 0.1109375
10 0.5 0.3453125 0.040625 0.078125