1 0.34375 0.375 0.04765625 0.20703125
8 0.29921875 0.49296875 0.0171875 0.0703125
8 0.6109375 0.303125 0.015625 0.06171875
8 0.48046875 0.61640625 0.01640625 0.07734375
8 0.29375 0.27734375 0.0171875 0.06328125
10 0.46796875 0.43125 0.0328125 0.06953125
8 0.5734375 0.4421875 0.0171875 0.075
9 0.6078125 0.59921875 0.04375 0.0921875
4 0.5140625 0.27421875 0.05 0.0453125
10 0.540625 0.45625 0.02265625 0.08125
8 0.57734375 0.33671875 0.03359375 0.03515625
8 0.4 0.30390625 0.015625 0.05625
8 0.4765625 0.36875 0.01640625 0.07109375
9 0.396875 0.5671875 0.078125 0.1359375
8 0.5921875 0.52578125 0.0390625 0.03671875
8 0.575 0.26796875 0.03984375 0.0421875
2 0.4296875 0.365625 0.03515625 0.103125
5 0.5125 0.35546875 0.02265625 0.0671875
5 0.46328125 0.24296875 0.03671875 0.090625
5 0.53203125 0.54765625 0.040625 0.09296875
4 0.53828125 0.36953125 0.0171875 0.0703125