9 0.35703125 0.3359375 0.10625 0.15625
9 0.5734375 0.88046875 0.0734375 0.125
4 0.4265625 0.73125 0.05 0.103125
4 0.3875 0.58828125 0.0546875 0.125
1 0.6640625 0.565625 0.15 0.2875
5 0.59609375 0.85078125 0.075 0.1984375
4 0.49296875 0.7109375 0.0484375 0.10625
8 0.640625 0.79609375 0.0546875 0.13125
8 0.5640625 0.56875 0.0796875 0.0734375
10 0.628125 0.3328125 0.0984375 0.1828125
8 0.44453125 0.66171875 0.06875 0.0578125
2 0.72265625 0.7734375 0.0890625 0.1515625
8 0.69765625 0.415625 0.0546875 0.1109375
4 0.459375 0.56953125 0.0546875 0.1203125
8 0.578125 0.65859375 0.078125 0.059375
8 0.396875 0.475 0.071875 0.0640625
8 0.49140625 0.83359375 0.084375 0.0625
5 0.4984375 0.34765625 0.096875 0.221875
4 0.6921875 0.8609375 0.0625 0.06875