8 0.25390625 0.76640625 0.034375 0.0875
8 0.3234375 0.76796875 0.034375 0.0859375
8 0.41796875 0.8 0.075 0.040625
8 0.415625 0.74296875 0.0734375 0.0328125
8 0.46015625 0.5828125 0.071875 0.065625
8 0.453125 0.4953125 0.0828125 0.0484375
8 0.5578125 0.5453125 0.0390625 0.115625
8 0.61328125 0.55078125 0.0375 0.1109375
8 0.68125 0.6 0.0015625 0.0078125
8 0.67578125 0.553125 0.0484375 0.0953125
5 0.65078125 0.70625 0.0515625 0.121875
5 0.56640625 0.68125 0.0453125 0.0703125
9 0.61171875 0.78984375 0.04375 0.065625
5 0.290625 0.715625 0.0609375 0.1359375
9 0.24765625 0.61328125 0.1234375 0.18125
9 0.3921875 0.68046875 0.0609375 0.1046875
4 0.56328125 0.77421875 0.028125 0.0796875
4 0.5046875 0.7625 0.0265625 0.096875
4 0.3609375 0.5375 0.040625 0.1140625
4 0.26640625 0.49375 0.096875 0.0703125
5 0.49140625 0.6921875 0.0375 0.153125