10 0.6171875 0.290625 0.06171875 0.1265625
4 0.6453125 0.81171875 0.11640625 0.065625
8 0.44296875 0.31875 0.02421875 0.1234375
5 0.58515625 0.15625 0.04609375 0.10390625
8 0.31171875 0.31640625 0.0265625 0.10546875
8 0.27734375 0.76171875 0.03515625 0.1625
9 0.47734375 0.14609375 0.10078125 0.17578125
4 0.59453125 0.57265625 0.0875 0.06640625
8 0.346875 0.57421875 0.10390625 0.0578125
8 0.35390625 0.78359375 0.03125 0.1953125
9 0.3453125 0.159375 0.0578125 0.12109375
5 0.46640625 0.471875 0.11328125 0.11328125
10 0.625 0.4109375 0.0625 0.1515625
8 0.43046875 0.778125 0.0296875 0.18125
8 0.46640625 0.5765625 0.1125 0.05234375
8 0.38203125 0.31015625 0.0234375 0.10625
4 0.68671875 0.64921875 0.03828125 0.16953125
5 0.58828125 0.05625 0.0265625 0.0921875
5 0.35 0.45625 0.11171875 0.0984375
8 0.509375 0.32734375 0.021875 0.128125
8 0.5125 0.7828125 0.02734375 0.2015625