8 0.6234375 0.35390625 0.0171875 0.0578125
8 0.34296875 0.5 0.0171875 0.0609375
1 0.38359375 0.403125 0.04375 0.159375
8 0.43515625 0.35078125 0.0140625 0.046875
8 0.3421875 0.32890625 0.015625 0.0484375
8 0.59140625 0.325 0.0328125 0.034375
8 0.60703125 0.53125 0.034375 0.0359375
9 0.62109375 0.58515625 0.0421875 0.090625
8 0.5046875 0.603125 0.0171875 0.0609375
9 0.42890625 0.56328125 0.0765625 0.1296875
8 0.58984375 0.459375 0.015625 0.05625
8 0.59375 0.37890625 0.03125 0.0296875
4 0.56015625 0.41015625 0.0203125 0.0671875
4 0.5375 0.32890625 0.04375 0.0375
10 0.52265625 0.51875 0.0640625 0.065625
10 0.49609375 0.43671875 0.0296875 0.0625
2 0.4609375 0.403125 0.0328125 0.090625
8 0.5015625 0.39453125 0.0171875 0.040625
5 0.49609375 0.2859375 0.0359375 0.103125
5 0.53125 0.39765625 0.0359375 0.0890625
5 0.553125 0.60859375 0.046875 0.1046875