9 0.51328125 0.83203125 0.1859375 0.265625
9 0.553125 0.10625 0.08125 0.1203125
8 0.778125 0.8234375 0.128125 0.078125
5 0.50234375 0.3203125 0.0671875 0.1078125
8 0.33671875 0.46015625 0.053125 0.13125
8 0.3609375 0.3046875 0.1 0.0640625
8 0.34296875 0.21953125 0.09375 0.059375
8 0.4046875 0.4421875 0.053125 0.146875
8 0.35703125 0.29140625 0.0609375 0.053125
8 0.3296875 0.14375 0.1109375 0.0734375
5 0.45234375 0.09609375 0.090625 0.1625
5 0.4765625 0.228125 0.078125 0.1
5 0.60390625 0.69140625 0.0953125 0.146875
5 0.63046875 0.83359375 0.10625 0.153125
8 0.73046875 0.653125 0.134375 0.084375
8 0.6203125 0.45703125 0.0609375 0.1515625
8 0.70625 0.4265625 0.075 0.1609375
4 0.3890625 0.790625 0.0859375 0.1890625
4 0.4125 0.60703125 0.1296875 0.0734375
4 0.6171875 0.290625 0.134375 0.10625
4 0.5875 0.19609375 0.1078125 0.0828125
9 0.53046875 0.50703125 0.13125 0.153125