9 0.42734375 0.18828125 0.065625 0.1
9 0.525 0.209375 0.103125 0.14375
8 0.47109375 0.31875 0.0375 0.084375
8 0.4375 0.646875 0.05 0.128125
5 0.50703125 0.3875 0.0453125 0.11875
8 0.52265625 0.31796875 0.0234375 0.04375
4 0.5328125 0.528125 0.075 0.0625
4 0.52734375 0.69609375 0.0921875 0.065625
10 0.60546875 0.33359375 0.0453125 0.075
8 0.35390625 0.47265625 0.0828125 0.0578125
8 0.37421875 0.290625 0.0390625 0.0828125
8 0.3796875 0.62734375 0.05 0.121875
8 0.4375 0.4984375 0.0890625 0.059375
8 0.27109375 0.58515625 0.0421875 0.0890625
4 0.5859375 0.58984375 0.0421875 0.09375
10 0.5828125 0.434375 0.059375 0.1078125
5 0.41484375 0.3578125 0.0609375 0.159375
5 0.62890625 0.16015625 0.0453125 0.1
5 0.60234375 0.2375 0.0546875 0.0890625
8 0.32578125 0.60703125 0.0421875 0.0890625