9 0.65 0.7109375 0.1 0.1515625
4 0.48359375 0.46328125 0.05625 0.0515625
1 0.52265625 0.81171875 0.1390625 0.11875
8 0.53125 0.39296875 0.046875 0.0359375
8 0.6734375 0.5609375 0.0484375 0.0375
8 0.6109375 0.8640625 0.0421875 0.0484375
8 0.46484375 0.90625 0.040625 0.0421875
8 0.40390625 0.315625 0.0484375 0.040625
5 0.41875 0.653125 0.0484375 0.1046875
8 0.46328125 0.73203125 0.040625 0.0453125
10 0.56875 0.61484375 0.0390625 0.10625
8 0.59140625 0.3421875 0.03125 0.1234375
5 0.64765625 0.50625 0.053125 0.103125
9 0.65078125 0.3328125 0.059375 0.1046875
8 0.49140625 0.58515625 0.0484375 0.0453125
8 0.4453125 0.396875 0.025 0.0828125
4 0.40546875 0.528125 0.0328125 0.08125
8 0.38515625 0.40390625 0.028125 0.0828125
2 0.51640625 0.68828125 0.0609375 0.0953125
10 0.58515625 0.49296875 0.0734375 0.115625