1 0.5890625 0.38125 0.071875 0.2546875
8 0.50859375 0.36015625 0.0515625 0.053125
5 0.465625 0.59140625 0.0359375 0.225
4 0.571875 0.75 0.0984375 0.0640625
10 0.58984375 0.17265625 0.0390625 0.134375
8 0.40234375 0.24921875 0.0546875 0.05
4 0.34375 0.48046875 0.0296875 0.1125
9 0.41328125 0.14609375 0.053125 0.109375
4 0.40703125 0.48828125 0.028125 0.109375
8 0.36015625 0.62734375 0.0625 0.0515625
8 0.52734375 0.6359375 0.0296875 0.14375
5 0.4984375 0.10859375 0.0296875 0.1796875
8 0.38515625 0.40546875 0.0546875 0.05
4 0.3609375 0.334375 0.028125 0.103125
8 0.6375 0.28203125 0.0265625 0.0875
2 0.61953125 0.55 0.059375 0.1125
4 0.42265625 0.3453125 0.0296875 0.096875
9 0.43203125 0.70859375 0.0625 0.1375
8 0.51015625 0.44375 0.0484375 0.046875