8 0.38828125 0.3328125 0.0375 0.03046875
9 0.66328125 0.234375 0.04140625 0.078125
8 0.584375 0.3828125 0.03828125 0.03359375
4 0.41953125 0.528125 0.0734375 0.04296875
5 0.7171875 0.45078125 0.1109375 0.05859375
8 0.590625 0.325 0.05625 0.03828125
8 0.46171875 0.346875 0.015625 0.06484375
8 0.38671875 0.390625 0.059375 0.03125
8 0.58359375 0.23203125 0.0609375 0.03984375
8 0.46640625 0.3109375 0.0203125 0.14453125
8 0.39375 0.28515625 0.034375 0.028125
10 0.58984375 0.47109375 0.05625 0.09453125
5 0.640625 0.42109375 0.02109375 0.15859375
9 0.68203125 0.3453125 0.07421875 0.13125
8 0.58515625 0.2859375 0.0625 0.03359375
8 0.4015625 0.23828125 0.03203125 0.0296875
8 0.465625 0.26328125 0.01484375 0.04921875
5 0.509375 0.35 0.04140625 0.1015625
4 0.353125 0.47890625 0.02421875 0.06796875
4 0.45390625 0.4546875 0.0234375 0.075
5 0.5125 0.259375 0.0515625 0.07734375
10 0.525 0.475 0.0609375 0.07578125