9 0.47421875 0.2015625 0.10625 0.1484375
8 0.53203125 0.32734375 0.0390625 0.0890625
9 0.57265625 0.184375 0.065625 0.0984375
4 0.47421875 0.54765625 0.071875 0.0625
8 0.62734375 0.30234375 0.0375 0.08125
8 0.575 0.31171875 0.0375 0.08125
8 0.64921875 0.503125 0.0625 0.0484375
4 0.42421875 0.62109375 0.0515625 0.1234375
8 0.56953125 0.52578125 0.0859375 0.0546875
4 0.48359375 0.72265625 0.0890625 0.0609375
5 0.40234375 0.24296875 0.0546875 0.0828125
8 0.6765625 0.64921875 0.05625 0.1375
8 0.72734375 0.61953125 0.05 0.1140625
8 0.56875 0.67734375 0.0515625 0.1375
8 0.621875 0.6515625 0.05 0.1171875
5 0.5453125 0.44609375 0.1 0.0921875
8 0.484375 0.33828125 0.034375 0.0875
10 0.42109375 0.421875 0.05625 0.115625
5 0.3765625 0.16640625 0.046875 0.10625
5 0.625 0.415625 0.1015625 0.0953125
10 0.40078125 0.3375 0.0578125 0.0953125