9 0.30546875 0.6984375 0.13046875 0.225
5 0.44453125 0.88984375 0.0703125 0.20546875
9 0.7203125 0.175 0.13046875 0.23125
5 0.4375 0.71484375 0.06953125 0.05625
8 0.325 0.4859375 0.09609375 0.0453125
2 0.42421875 0.1625 0.09453125 0.1171875
8 0.52109375 0.565625 0.02734375 0.19609375
10 0.16953125 0.44609375 0.096875 0.10859375
8 0.51484375 0.18203125 0.02578125 0.15546875
9 0.3046875 0.1765625 0.06875 0.12578125
5 0.446875 0.54140625 0.07265625 0.18671875
4 0.28359375 0.3671875 0.0265625 0.15546875
4 0.559375 0.80703125 0.09296875 0.053125
0 0.77421875 0.4390625 0.33125 0.2203125
8 0.415625 0.421875 0.02734375 0.15390625
4 0.5578125 0.7125 0.06875 0.05859375
8 0.62421875 0.63046875 0.0265625 0.121875
10 0.51640625 0.36484375 0.05234375 0.08359375
8 0.665625 0.8078125 0.0859375 0.05234375
4 0.75 0.71484375 0.06328125 0.1875
5 0.58984375 0.18515625 0.08125 0.1875