8 0.65546875 0.46953125 0.075 0.03125
8 0.4359375 0.36875 0.071875 0.03125
8 0.4328125 0.45859375 0.075 0.0296875
9 0.32890625 0.4984375 0.08125 0.14375
8 0.44140625 0.27265625 0.071875 0.0359375
8 0.66015625 0.3765625 0.075 0.0328125
4 0.6703125 0.71640625 0.025 0.115625
8 0.4328125 0.55078125 0.075 0.034375
8 0.5734375 0.35390625 0.01875 0.11875
8 0.65234375 0.56015625 0.075 0.03125
4 0.596875 0.76640625 0.075 0.04375
8 0.659375 0.2828125 0.075 0.028125
8 0.57109375 0.4265625 0.021875 0.265625
9 0.3375 0.2984375 0.05 0.08125
8 0.56953125 0.50234375 0.0171875 0.11875
5 0.290625 0.66796875 0.096875 0.0890625
5 0.36953125 0.66875 0.0375 0.1015625
10 0.4234375 0.70390625 0.0625 0.096875
10 0.49453125 0.69921875 0.0828125 0.0984375
4 0.571875 0.66328125 0.040625 0.109375
5 0.51875 0.503125 0.05 0.153125
5 0.51953125 0.3453125 0.0484375 0.14375