1 0.5015625 0.2296875 0.2046875 0.1734375
4 0.53203125 0.60234375 0.1046875 0.078125
4 0.384375 0.75625 0.10546875 0.075
10 0.6921875 0.19765625 0.05703125 0.15859375
4 0.53828125 0.7515625 0.1 0.0796875
2 0.3203125 0.16953125 0.0578125 0.215625
8 0.63984375 0.6734375 0.03203125 0.1421875
5 0.271875 0.396875 0.096875 0.18359375
9 0.184375 0.4953125 0.090625 0.159375
9 0.76328125 0.67109375 0.0921875 0.1703125
4 0.390625 0.596875 0.10390625 0.0765625
4 0.1984375 0.26171875 0.04921875 0.1828125
8 0.5171875 0.40390625 0.02734375 0.1546875
5 0.74609375 0.37890625 0.0703125 0.221875
8 0.24765625 0.6625 0.04140625 0.1515625
8 0.4625 0.67421875 0.03046875 0.17421875
8 0.43515625 0.4015625 0.028125 0.159375
8 0.61015625 0.13671875 0.0609375 0.0546875