9 0.5625 0.30234375 0.06640625 0.12109375
8 0.6515625 0.35078125 0.0171875 0.0546875
1 0.62421875 0.446875 0.04921875 0.178125
8 0.35 0.51875 0.015625 0.06015625
5 0.45859375 0.38203125 0.021875 0.0625
8 0.40234375 0.4015625 0.01640625 0.0640625
8 0.4921875 0.27890625 0.01328125 0.05234375
8 0.68671875 0.52578125 0.01796875 0.06328125
10 0.4359375 0.30234375 0.02109375 0.06640625
8 0.571875 0.50390625 0.01640625 0.05703125
8 0.39140625 0.48359375 0.0375 0.03671875
8 0.39296875 0.3375 0.03359375 0.0328125
9 0.38828125 0.2828125 0.040625 0.07890625
10 0.5015625 0.3546875 0.03125 0.109375
8 0.49140625 0.44453125 0.01640625 0.05390625
4 0.43046875 0.45390625 0.01875 0.07890625
4 0.44921875 0.55 0.0578125 0.0453125
8 0.38671875 0.546875 0.0421875 0.03671875
2 0.53671875 0.4015625 0.05234375 0.08125
5 0.45 0.2609375 0.03984375 0.11328125
5 0.5078125 0.51484375 0.05859375 0.13359375