8 0.42109375 0.671875 0.03125 0.059375
8 0.7 0.61484375 0.0296875 0.0546875
8 0.65078125 0.45 0.03125 0.0625
8 0.60390625 0.621875 0.0265625 0.053125
8 0.46640625 0.396875 0.03125 0.065625
8 0.425 0.5578125 0.03125 0.0640625
1 0.6375 0.5546875 0.0828125 0.171875
8 0.4625 0.68828125 0.040625 0.0421875
8 0.44296875 0.6375 0.0390625 0.0421875
8 0.3890625 0.49609375 0.04375 0.04375
9 0.35859375 0.4421875 0.0640625 0.0953125
9 0.55 0.41640625 0.1015625 0.1421875
4 0.46640625 0.5984375 0.0359375 0.071875
8 0.528125 0.6 0.025 0.04375
4 0.51171875 0.6703125 0.046875 0.0484375
10 0.4734375 0.48671875 0.0875 0.0765625
2 0.5625 0.5796875 0.0515625 0.0859375
5 0.49921875 0.60625 0.0546875 0.0984375
5 0.5625 0.69609375 0.065625 0.125
5 0.41875 0.4078125 0.065625 0.0984375