8 0.48359375 0.3359375 0.04375 0.0390625
9 0.51171875 0.20078125 0.08125 0.134375
9 0.56171875 0.30546875 0.05 0.1015625
5 0.37734375 0.26796875 0.0546875 0.084375
4 0.41640625 0.59453125 0.03125 0.1515625
8 0.55390625 0.4421875 0.028125 0.1140625
8 0.5984375 0.171875 0.0203125 0.078125
8 0.365625 0.49609375 0.096875 0.04375
10 0.4234375 0.34296875 0.0625 0.125
5 0.41015625 0.18671875 0.046875 0.0984375
5 0.4359375 0.6671875 0.046875 0.165625
0 0.63203125 0.49609375 0.153125 0.346875
5 0.33046875 0.6375 0.0640625 0.090625
1 0.490625 0.51171875 0.0859375 0.2484375