9 0.39921875 0.2609375 0.0984375 0.1390625
8 0.30859375 0.41484375 0.040625 0.0984375
4 0.6046875 0.71328125 0.0875 0.0640625
8 0.35390625 0.38515625 0.028125 0.059375
8 0.353125 0.72734375 0.04375 0.1078125
8 0.4015625 0.39375 0.034375 0.090625
5 0.37265625 0.46015625 0.04375 0.1046875
8 0.45390625 0.5828125 0.0828125 0.0546875
5 0.478125 0.265625 0.05 0.08125
4 0.5421875 0.5609375 0.06875 0.0578125
8 0.4453125 0.37734375 0.028125 0.0703125
10 0.5453125 0.459375 0.0515625 0.0953125
10 0.521875 0.35078125 0.0453125 0.0796875
9 0.30703125 0.28984375 0.0625 0.0984375
8 0.4578125 0.709375 0.040625 0.103125
8 0.4078125 0.71953125 0.0421875 0.1078125
8 0.5109375 0.7 0.0375 0.1
8 0.375 0.59765625 0.065625 0.0484375
4 0.61484375 0.6046875 0.046875 0.1171875
5 0.46796875 0.47421875 0.0515625 0.125
5 0.47109375 0.19296875 0.05625 0.1203125