4 0.63984375 0.16875 0.078125 0.0484375
4 0.66953125 0.25 0.0265625 0.115625
4 0.61328125 0.29453125 0.0640625 0.0453125
10 0.6359375 0.36015625 0.046875 0.09375
10 0.6265625 0.4515625 0.0578125 0.0875
5 0.59921875 0.54375 0.06875 0.1109375
5 0.603125 0.64921875 0.0578125 0.1
9 0.49765625 0.640625 0.109375 0.1734375
9 0.38828125 0.60703125 0.0609375 0.1
5 0.5578125 0.321875 0.0359375 0.1234375
5 0.46796875 0.32890625 0.034375 0.125
8 0.565625 0.184375 0.0296875 0.10625
8 0.51875 0.17265625 0.03125 0.096875
8 0.4765625 0.18828125 0.0296875 0.09375
8 0.43359375 0.19140625 0.0359375 0.115625
8 0.5203125 0.28671875 0.0609375 0.0484375
8 0.4375 0.2796875 0.0515625 0.046875
8 0.54375 0.484375 0.0328125 0.1171875
8 0.48828125 0.48359375 0.0375 0.121875
8 0.43984375 0.48203125 0.0359375 0.1265625
8 0.39375 0.47421875 0.034375 0.11875