8 0.421875 0.54375 0.0703125 0.0296875
8 0.42421875 0.63359375 0.06953125 0.03125
8 0.6453125 0.5390625 0.075 0.0296875
8 0.64921875 0.63046875 0.07265625 0.0296875
9 0.315625 0.5 0.08359375 0.146875
8 0.64296875 0.446875 0.07578125 0.0328125
8 0.4234375 0.453125 0.0765625 0.03203125
4 0.6609375 0.284375 0.0203125 0.12421875
8 0.646875 0.72421875 0.07734375 0.03125
8 0.56171875 0.65 0.01796875 0.11875
8 0.42265625 0.7296875 0.07734375 0.0390625
8 0.559375 0.5765625 0.021875 0.26015625
9 0.321875 0.70703125 0.05703125 0.10546875
5 0.5046875 0.49453125 0.0609375 0.153125
5 0.5109375 0.6640625 0.04453125 0.13046875
5 0.27734375 0.3265625 0.1046875 0.08046875
5 0.3609375 0.3265625 0.04296875 0.103125
10 0.4125 0.2984375 0.07265625 0.103125
10 0.4859375 0.29296875 0.06640625 0.10859375
4 0.58515625 0.23984375 0.0953125 0.0625
4 0.55 0.3578125 0.05546875 0.15390625