9 0.5609375 0.296875 0.06640625 0.11953125
8 0.65078125 0.34765625 0.0171875 0.0546875
8 0.56953125 0.503125 0.0171875 0.06484375
10 0.43359375 0.29765625 0.02265625 0.065625
8 0.48984375 0.2734375 0.0125 0.05078125
1 0.621875 0.44375 0.04921875 0.1828125
8 0.48984375 0.434375 0.015625 0.065625
5 0.45625 0.37734375 0.02109375 0.0609375
5 0.503125 0.5015625 0.0390625 0.103125
8 0.34609375 0.51640625 0.015625 0.0625
8 0.6859375 0.5234375 0.01875 0.0625
8 0.390625 0.334375 0.034375 0.03125
8 0.40078125 0.39375 0.015625 0.06171875
4 0.428125 0.44921875 0.01875 0.07421875
8 0.3890625 0.48125 0.0375 0.03828125
9 0.38515625 0.28125 0.040625 0.0828125
5 0.446875 0.25546875 0.0328125 0.09921875
8 0.384375 0.54375 0.04140625 0.040625
4 0.44453125 0.54296875 0.04765625 0.04921875
2 0.540625 0.40546875 0.05703125 0.08515625
10 0.5 0.34375 0.0390625 0.10546875