5 0.71953125 0.57109375 0.071875 0.0828125
5 0.64140625 0.59140625 0.05 0.0703125
5 0.57578125 0.603125 0.0453125 0.0875
5 0.35859375 0.64765625 0.065625 0.1046875
5 0.4046875 0.64453125 0.0609375 0.090625
8 0.56015625 0.82578125 0.0984375 0.0703125
8 0.5265625 0.71953125 0.090625 0.065625
8 0.44921875 0.79453125 0.0515625 0.115625
8 0.3890625 0.8 0.0578125 0.1390625
8 0.5140625 0.45859375 0.0953125 0.0625
8 0.49453125 0.3734375 0.1046875 0.075
8 0.58515625 0.415625 0.0578125 0.1640625
8 0.63359375 0.41171875 0.05625 0.16875
8 0.68359375 0.396875 0.0578125 0.1609375
9 0.73828125 0.72734375 0.0578125 0.0890625
9 0.35234375 0.52578125 0.1078125 0.1546875
9 0.4890625 0.609375 0.0625 0.090625
4 0.68515625 0.73828125 0.0515625 0.15625
4 0.62109375 0.7546875 0.053125 0.1578125
4 0.43125 0.44765625 0.05 0.1390625
4 0.35390625 0.39921875 0.0796875 0.059375