9 0.45625 0.303125 0.040625 0.09140625
9 0.5125 0.2 0.07265625 0.1359375
0 0.38828125 0.75703125 0.090625 0.31015625
8 0.5328125 0.34296875 0.04140625 0.0359375
8 0.62578125 0.5203125 0.08203125 0.03671875
8 0.43046875 0.15703125 0.015625 0.0703125
5 0.63125 0.40390625 0.03984375 0.08984375
5 0.61796875 0.19453125 0.05078125 0.10625
5 0.50625 0.70625 0.07890625 0.090625
1 0.51328125 0.5328125 0.06796875 0.221875
8 0.4546875 0.4375 0.01875 0.10234375
10 0.5921875 0.43828125 0.034375 0.09296875
4 0.575 0.60078125 0.028125 0.146875
5 0.64296875 0.7765625 0.05234375 0.14140625