9 0.61328125 0.4171875 0.0921875 0.153125
1 0.39921875 0.5375 0.2171875 0.171875
8 0.42265625 0.80703125 0.0609375 0.2265625
9 0.75 0.5 0.1625 0.2484375
4 0.33125 0.67265625 0.153125 0.0875
8 0.5984375 0.56640625 0.04375 0.175
5 0.546875 0.78359375 0.103125 0.1390625
8 0.48515625 0.43984375 0.10625 0.06875
10 0.51328125 0.69453125 0.1171875 0.1203125
0 0.2015625 0.31640625 0.290625 0.275
5 0.2390625 0.54296875 0.0890625 0.16875
5 0.1625 0.82265625 0.184375 0.171875
5 0.81796875 0.74921875 0.1640625 0.1703125
8 0.7625 0.34609375 0.125 0.0953125