9 0.5609375 0.11015625 0.10078125 0.190625
9 0.49296875 0.375 0.059375 0.1359375
9 0.3859375 0.8390625 0.07265625 0.11640625
8 0.3796875 0.0828125 0.096875 0.05390625
8 0.3796875 0.22421875 0.10078125 0.059375
8 0.33984375 0.42734375 0.0328125 0.17109375
8 0.41640625 0.42421875 0.0390625 0.1734375
8 0.5890625 0.490625 0.02890625 0.171875
8 0.64765625 0.5 0.0296875 0.1859375
8 0.60703125 0.665625 0.1046875 0.05390625
8 0.60625 0.765625 0.10390625 0.0640625
8 0.60546875 0.8703125 0.1015625 0.065625
4 0.3796875 0.59140625 0.09921875 0.0609375
4 0.3796875 0.7390625 0.10078125 0.05859375
4 0.6078125 0.32265625 0.0984375 0.0625
4 0.64765625 0.16875 0.03125 0.165625
5 0.48203125 0.0734375 0.053125 0.10859375
5 0.4796875 0.1796875 0.05390625 0.1265625
5 0.4828125 0.56171875 0.05546875 0.07890625
5 0.4828125 0.71953125 0.0359375 0.10546875
5 0.484375 0.88359375 0.04140625 0.14140625