8 0.1671875 0.1484375 0.1421875 0.09375
8 0.18203125 0.25390625 0.159375 0.1140625
8 0.30234375 0.19453125 0.0890625 0.2015625
8 0.34609375 0.3828125 0.0875 0.196875
8 0.20625 0.3625 0.15625 0.1078125
8 0.22734375 0.48828125 0.1609375 0.096875
8 0.4734375 0.065625 0.1421875 0.1078125
8 0.509375 0.1796875 0.134375 0.0859375
8 0.54296875 0.2828125 0.140625 0.1015625
8 0.57734375 0.4015625 0.1546875 0.1046875
5 0.38046875 0.16796875 0.1484375 0.2453125
5 0.4296875 0.38828125 0.1296875 0.190625
5 0.8359375 0.50859375 0.18125 0.2484375
5 0.71484375 0.4953125 0.13125 0.259375
10 0.62578125 0.6078125 0.128125 0.2109375
10 0.51015625 0.640625 0.11875 0.2109375
9 0.61953125 0.07265625 0.1390625 0.1453125
9 0.7203125 0.2875 0.240625 0.290625
4 0.3984375 0.61015625 0.1 0.2078125
4 0.2359375 0.740625 0.115625 0.2515625
4 0.37578125 0.80703125 0.178125 0.1390625