8 0.51953125 0.7859375 0.0359375 0.1953125
8 0.45625 0.5765625 0.115625 0.059375
10 0.61953125 0.425 0.059375 0.1515625
9 0.45234375 0.16953125 0.1078125 0.1734375
8 0.490625 0.32265625 0.021875 0.09375
8 0.43359375 0.78671875 0.0359375 0.1921875
4 0.65859375 0.79765625 0.121875 0.0703125
5 0.56171875 0.171875 0.0515625 0.1171875
8 0.33671875 0.5859375 0.1109375 0.0578125
8 0.42578125 0.3375 0.0296875 0.125
4 0.59296875 0.56875 0.0921875 0.0640625
8 0.353125 0.79375 0.040625 0.1984375
8 0.2703125 0.7921875 0.0453125 0.196875
8 0.29140625 0.34609375 0.0328125 0.1203125
9 0.31875 0.18828125 0.0625 0.121875
10 0.6078125 0.31171875 0.053125 0.140625
5 0.56328125 0.0578125 0.0359375 0.115625
5 0.37109375 0.41640625 0.0484375 0.2328125
4 0.69140625 0.65234375 0.0453125 0.1703125
5 0.5046875 0.425 0.0359375 0.209375
5 0.5625 0.13984375 0.0578125 0.2765625