1 0.54140625 0.7453125 0.24375 0.1828125
4 0.44609375 0.34453125 0.1 0.071875
8 0.33984375 0.29453125 0.0515625 0.15
5 0.72265625 0.44921875 0.09375 0.0703125
9 0.23203125 0.31484375 0.10625 0.1671875
8 0.45859375 0.8765625 0.103125 0.065625
8 0.575 0.5359375 0.0578125 0.184375
10 0.33359375 0.77890625 0.0828125 0.1171875
8 0.68984375 0.23203125 0.05625 0.15625
4 0.4171875 0.1984375 0.10625 0.0796875
4 0.575 0.31875 0.1046875 0.071875
4 0.54375 0.171875 0.0921875 0.071875
5 0.25546875 0.5359375 0.121875 0.0875
8 0.49921875 0.275 0.053125 0.1578125
8 0.734375 0.58359375 0.1 0.0609375
8 0.49296875 0.54375 0.053125 0.1515625
4 0.84765625 0.6671875 0.065625 0.2140625
2 0.7421875 0.76328125 0.0890625 0.1796875
9 0.784375 0.3734375 0.0890625 0.1328125