10 0.63984375 0.2765625 0.0578125 0.140625
1 0.5171875 0.26328125 0.1515625 0.1265625
4 0.42265625 0.46796875 0.0734375 0.059375
4 0.51015625 0.5625 0.075 0.0625
8 0.46171875 0.359375 0.028125 0.09375
9 0.65703125 0.5296875 0.065625 0.1234375
8 0.3296875 0.50390625 0.0359375 0.1
8 0.4671875 0.5140625 0.028125 0.084375
9 0.30234375 0.3984375 0.06875 0.1125
8 0.5796875 0.51953125 0.0296875 0.0921875
4 0.31328125 0.2609375 0.0359375 0.10625
4 0.4171875 0.553125 0.0671875 0.0640625
2 0.40234375 0.2171875 0.0484375 0.1515625
4 0.5125 0.47734375 0.071875 0.05625
5 0.6734375 0.37109375 0.065625 0.1421875
8 0.51640625 0.3609375 0.0265625 0.08125
5 0.36875 0.3375 0.075 0.134375
8 0.5859375 0.21796875 0.0390625 0.04375