5 0.37109375 0.809375 0.0625 0.1078125
5 0.31796875 0.38203125 0.09375 0.1671875
5 0.446875 0.36640625 0.0578125 0.2171875
8 0.36015625 0.5453125 0.1125 0.0515625
9 0.59296875 0.75703125 0.0546875 0.1234375
9 0.52890625 0.86171875 0.1 0.1640625
8 0.50234375 0.71640625 0.109375 0.0546875
4 0.42265625 0.43515625 0.0359375 0.16875
10 0.42578125 0.7140625 0.071875 0.1453125
8 0.58671875 0.60859375 0.0296875 0.1203125
5 0.41171875 0.890625 0.05 0.121875
0 0.70234375 0.60546875 0.1953125 0.4765625
1 0.5109375 0.515625 0.0984375 0.2625
8 0.628125 0.884375 0.0234375 0.084375