9 0.39453125 0.50078125 0.0859375 0.1328125
9 0.31484375 0.3875 0.1484375 0.2125
10 0.5140625 0.27578125 0.0515625 0.1640625
0 0.71875 0.44140625 0.196875 0.4296875
5 0.378125 0.1953125 0.0515625 0.18125
5 0.7734375 0.17890625 0.053125 0.125
8 0.2125 0.546875 0.065625 0.0578125
5 0.48359375 0.1890625 0.05 0.2109375
8 0.61484375 0.26796875 0.03125 0.0875
8 0.44921875 0.396875 0.04375 0.1484375
4 0.65859375 0.3390625 0.040625 0.0515625
1 0.60078125 0.40703125 0.15 0.16875
8 0.52265625 0.51953125 0.1109375 0.06875