8 0.5796875 0.33515625 0.0390625 0.03515625
8 0.41640625 0.43671875 0.040625 0.0375
9 0.6078125 0.640625 0.0921875 0.1515625
9 0.41953125 0.24296875 0.07734375 0.11953125
8 0.54765625 0.43125 0.0421875 0.034375
8 0.6359375 0.3 0.01640625 0.06640625
9 0.40390625 0.64453125 0.05234375 0.09921875
8 0.496875 0.53359375 0.040625 0.0375
4 0.60625 0.2265625 0.04375 0.03984375
4 0.6390625 0.39296875 0.021875 0.07578125
4 0.60625 0.39140625 0.021875 0.07109375
8 0.525 0.62890625 0.0171875 0.08671875
5 0.5375 0.49921875 0.05390625 0.08671875
5 0.6109375 0.46640625 0.01953125 0.10390625
0 0.5140625 0.18828125 0.06953125 0.31484375
5 0.41484375 0.35625 0.0625 0.059375
10 0.48125 0.4125 0.03828125 0.09453125
2 0.4 0.5265625 0.03671875 0.0890625
4 0.4765625 0.67734375 0.05859375 0.059375
10 0.5125 0.8078125 0.06796875 0.115625
5 0.6796875 0.50703125 0.08046875 0.09140625