9 0.36484375 0.35234375 0.1796875 0.2640625
10 0.46171875 0.5765625 0.0859375 0.2078125
1 0.2671875 0.60078125 0.134375 0.275
8 0.3484375 0.6859375 0.0375 0.090625
5 0.60390625 0.31796875 0.0921875 0.175
8 0.19453125 0.6875 0.0453125 0.1015625
2 0.39765625 0.63125 0.0703125 0.15
4 0.5015625 0.74921875 0.06875 0.0671875
4 0.56640625 0.6359375 0.04375 0.1125
8 0.63125 0.565625 0.040625 0.0984375
8 0.5171875 0.2921875 0.05 0.15625
8 0.65546875 0.74453125 0.0375 0.0828125
8 0.6125 0.69453125 0.053125 0.0578125
10 0.53203125 0.4578125 0.1125 0.1203125
8 0.5984375 0.77109375 0.0640625 0.05625
8 0.68828125 0.4609375 0.1125 0.078125
9 0.728125 0.36328125 0.103125 0.1625
5 0.4296875 0.8109375 0.0765625 0.175
5 0.51953125 0.64921875 0.0734375 0.15625
8 0.209375 0.43046875 0.046875 0.1109375