9 0.53984375 0.475 0.05625 0.1078125
5 0.571875 0.69765625 0.053125 0.0875
9 0.5953125 0.1734375 0.0484375 0.0890625
9 0.4921875 0.690625 0.109375 0.178125
8 0.675 0.43125 0.0296875 0.0921875
5 0.534375 0.3296875 0.040625 0.078125
8 0.66015625 0.59140625 0.084375 0.0515625
8 0.3984375 0.41171875 0.0234375 0.0734375
8 0.425 0.234375 0.0375 0.0359375
8 0.6078125 0.45 0.0265625 0.1046875
4 0.62421875 0.32265625 0.06875 0.0484375
4 0.60859375 0.24296875 0.065625 0.0453125
4 0.44140625 0.52421875 0.0859375 0.053125
8 0.42109375 0.17578125 0.0359375 0.03125
8 0.428125 0.2921875 0.040625 0.0390625
4 0.4046875 0.65859375 0.0296875 0.1
8 0.6765625 0.7109375 0.0828125 0.04375
5 0.51796875 0.140625 0.0453125 0.1109375
5 0.528125 0.2484375 0.034375 0.075
5 0.56328125 0.60390625 0.053125 0.0984375
8 0.45 0.40625 0.025 0.1078125