9 0.42890625 0.671875 0.065625 0.096875
5 0.44296875 0.4359375 0.0703125 0.0890625
1 0.55078125 0.57109375 0.134375 0.1203125
9 0.3421875 0.62578125 0.103125 0.146875
8 0.51015625 0.64609375 0.0703125 0.046875
8 0.4296875 0.57421875 0.0390625 0.1015625
5 0.64921875 0.55703125 0.059375 0.1078125
0 0.68359375 0.70390625 0.2171875 0.1765625
8 0.51484375 0.41328125 0.04375 0.1234375
8 0.3390625 0.72421875 0.0578125 0.05
10 0.4703125 0.48828125 0.0765625 0.0703125
4 0.58125 0.48671875 0.090625 0.0625
5 0.28828125 0.475 0.0828125 0.0796875
5 0.66640625 0.3859375 0.134375 0.134375