9 0.31875 0.31171875 0.1484375 0.2125
5 0.53359375 0.18203125 0.0640625 0.0734375
4 0.67265625 0.29375 0.1140625 0.0640625
9 0.39296875 0.428125 0.090625 0.1375
5 0.74609375 0.40390625 0.071875 0.1359375
5 0.34765625 0.18046875 0.0828125 0.0890625
8 0.61484375 0.2234375 0.0328125 0.0921875
8 0.45 0.34140625 0.046875 0.14375
1 0.6140625 0.37109375 0.1859375 0.14375
10 0.5328125 0.24453125 0.1 0.10625
0 0.82890625 0.51328125 0.2703125 0.240625
8 0.5203125 0.45546875 0.1078125 0.06875
8 0.21796875 0.4703125 0.0875 0.065625
5 0.790625 0.2328125 0.10625 0.0984375