8 0.51484375 0.41015625 0.0265625 0.0984375
8 0.60703125 0.684375 0.0234375 0.0765625
9 0.38984375 0.73828125 0.10625 0.1734375
5 0.48046875 0.62890625 0.053125 0.1078125
4 0.5640625 0.7265625 0.05625 0.053125
8 0.53203125 0.6453125 0.0234375 0.0796875
2 0.44296875 0.38515625 0.071875 0.09375
4 0.34609375 0.54375 0.0265625 0.0875
8 0.3890625 0.61484375 0.0703125 0.059375
8 0.44921875 0.56484375 0.0265625 0.09375
8 0.63359375 0.76640625 0.0515625 0.053125
9 0.68125 0.3828125 0.1203125 0.190625
9 0.3484375 0.421875 0.065625 0.1203125
5 0.48671875 0.78515625 0.046875 0.090625
4 0.56328125 0.77421875 0.0625 0.05625
0 0.7140625 0.61328125 0.246875 0.1984375
4 0.69921875 0.72578125 0.028125 0.071875
10 0.52421875 0.5484375 0.0484375 0.109375
10 0.2703125 0.609375 0.0734375 0.084375
5 0.584375 0.41640625 0.0375 0.1109375