5 0.2984375 0.38828125 0.05859375 0.0734375
5 0.37890625 0.38359375 0.0390625 0.0640625
5 0.4453125 0.384375 0.0296875 0.08359375
5 0.6671875 0.38203125 0.04765625 0.096875
5 0.62109375 0.3765625 0.0453125 0.08359375
8 0.503125 0.16875 0.08984375 0.05390625
8 0.515625 0.2796875 0.08203125 0.0515625
8 0.60625 0.2203125 0.03125 0.1125
8 0.66640625 0.2265625 0.0328125 0.1359375
8 0.478125 0.53828125 0.08828125 0.04609375
8 0.48125 0.625 0.09453125 0.05859375
8 0.4 0.56640625 0.028125 0.1609375
8 0.35234375 0.5609375 0.025 0.16640625
8 0.3 0.56640625 0.02734375 0.15859375
9 0.309375 0.23125 0.04296875 0.08203125
9 0.65 0.503125 0.0828125 0.14140625
9 0.53203125 0.39453125 0.046875 0.08359375
4 0.3640625 0.23046875 0.02265625 0.15546875
4 0.4296875 0.2265625 0.02421875 0.15546875
4 0.5578125 0.56484375 0.02421875 0.1375
4 0.62421875 0.6265625 0.071875 0.046875