9 0.36328125 0.21015625 0.053125 0.10390625
9 0.465625 0.215625 0.07890625 0.14140625
5 0.5546875 0.1515625 0.0484375 0.1140625
5 0.54375 0.2265625 0.04453125 0.125
10 0.56875 0.3265625 0.04140625 0.09453125
10 0.56875 0.421875 0.05234375 0.109375
5 0.4875 0.39375 0.03359375 0.11796875
5 0.38984375 0.3828125 0.034375 0.1375
4 0.53984375 0.51796875 0.0765625 0.071875
4 0.60546875 0.5671875 0.0296875 0.115625
4 0.5734375 0.684375 0.09921875 0.05859375
8 0.33125 0.3265625 0.02578125 0.0890625
8 0.38671875 0.3140625 0.0203125 0.08046875
8 0.43203125 0.334375 0.01875 0.1
8 0.484375 0.32734375 0.02109375 0.0625
8 0.3515625 0.5078125 0.08359375 0.0515625
8 0.440625 0.51796875 0.09140625 0.046875
8 0.3078125 0.62734375 0.05390625 0.1265625
8 0.36796875 0.64453125 0.046875 0.121875
8 0.41484375 0.646875 0.0328125 0.1265625
8 0.4734375 0.65 0.02734375 0.121875