4 0.61796875 0.64140625 0.0953125 0.071875
4 0.6 0.54375 0.046875 0.0953125
9 0.39765625 0.3578125 0.115625 0.16875
8 0.50078125 0.35078125 0.0765625 0.059375
8 0.728125 0.275 0.0765625 0.05
8 0.5125 0.28671875 0.0671875 0.05625
8 0.71640625 0.33984375 0.065625 0.0484375
8 0.628125 0.40234375 0.0359375 0.078125
8 0.48671875 0.42578125 0.08125 0.053125
8 0.65 0.29609375 0.0328125 0.06875
9 0.44921875 0.21796875 0.0625 0.0921875
10 0.45234375 0.5375 0.090625 0.1140625
5 0.415625 0.475 0.0578125 0.1515625
8 0.71015625 0.40078125 0.05 0.046875
8 0.696875 0.47734375 0.08125 0.053125
4 0.69921875 0.61328125 0.05625 0.11875
5 0.59921875 0.278125 0.0609375 0.1015625
8 0.53515625 0.22578125 0.05 0.046875
5 0.58125 0.3796875 0.065625 0.109375
5 0.5640625 0.42734375 0.0453125 0.0671875
10 0.515625 0.5578125 0.084375 0.1
5 0.32421875 0.4875 0.1140625 0.096875