8 0.346875 0.54140625 0.078125 0.0359375
8 0.5734375 0.6265625 0.0734375 0.0375
8 0.56953125 0.53671875 0.0765625 0.034375
9 0.67109375 0.48984375 0.090625 0.1484375
8 0.57421875 0.72265625 0.0734375 0.040625
8 0.34921875 0.634375 0.078125 0.0375
4 0.31484375 0.29609375 0.034375 0.115625
8 0.56328125 0.44453125 0.078125 0.0390625
8 0.43671875 0.65078125 0.0265625 0.11875
8 0.34375 0.45078125 0.0765625 0.0359375
4 0.38515625 0.240625 0.0765625 0.0484375
8 0.35625 0.728125 0.0765625 0.0328125
8 0.434375 0.578125 0.040625 0.2671875
9 0.67578125 0.68984375 0.0546875 0.0859375
8 0.43046875 0.50234375 0.025 0.1203125
5 0.696875 0.31796875 0.103125 0.0953125
5 0.61875 0.32265625 0.04375 0.1046875
10 0.5625 0.29140625 0.06875 0.1015625
10 0.49140625 0.30078125 0.0890625 0.1046875
4 0.4171875 0.3421875 0.046875 0.1125
5 0.48125 0.4984375 0.0609375 0.15625
5 0.49140625 0.65546875 0.0578125 0.1453125