8 0.4171875 0.88984375 0.096875 0.04375
4 0.43046875 0.38984375 0.084375 0.0484375
9 0.53671875 0.06484375 0.04375 0.1078125
8 0.4234375 0.62578125 0.090625 0.05
9 0.59375 0.784375 0.1015625 0.1734375
8 0.42109375 0.76953125 0.09375 0.04375
9 0.5765625 0.28046875 0.05 0.10625
4 0.4265625 0.5046875 0.0875 0.05
8 0.465625 0.225 0.0203125 0.121875
10 0.6046875 0.48984375 0.034375 0.13125
10 0.51015625 0.428125 0.0421875 0.121875
8 0.39765625 0.228125 0.01875 0.140625
4 0.565625 0.61328125 0.1015625 0.153125