0 0.46875 0.71875 0.1609375 0.534375
9 0.6671875 0.6953125 0.17890625 0.34609375
9 0.609375 0.19375 0.0796875 0.134375
5 0.340625 0.27734375 0.06015625 0.234375
5 0.24609375 0.33828125 0.1140625 0.14609375
5 0.434375 0.346875 0.11640625 0.103125
5 0.6359375 0.50390625 0.12421875 0.11953125
4 0.278125 0.47421875 0.046875 0.140625
4 0.3265625 0.459375 0.05234375 0.1375
4 0.5203125 0.209375 0.08671875 0.06953125
8 0.4640625 0.2359375 0.02734375 0.128125
8 0.62421875 0.409375 0.10625 0.0765625
8 0.425 0.42421875 0.1046875 0.06796875
8 0.3609375 0.5453125 0.103125 0.0734375
10 0.528125 0.378125 0.06640625 0.190625
10 0.48359375 0.103125 0.0640625 0.1265625