8 0.49453125 0.246875 0.0625 0.0546875
9 0.45 0.33671875 0.0734375 0.1140625
9 0.271875 0.4046875 0.1421875 0.1953125
8 0.58984375 0.54296875 0.0421875 0.1171875
8 0.40078125 0.1765625 0.0328125 0.0765625
9 0.72578125 0.2515625 0.0734375 0.1234375
4 0.66875 0.2421875 0.040625 0.1109375
8 0.3265625 0.16015625 0.034375 0.0765625
8 0.5140625 0.15625 0.05625 0.05
8 0.715625 0.57265625 0.040625 0.0953125
8 0.49375 0.4953125 0.05625 0.059375
5 0.7421875 0.3625 0.075 0.1296875
8 0.36796875 0.17265625 0.10625 0.103125
5 0.56015625 0.33046875 0.040625 0.125
4 0.26796875 0.5484375 0.0875 0.0671875
8 0.4671875 0.5921875 0.0640625 0.0546875
4 0.59609375 0.228125 0.040625 0.1125
5 0.2875 0.2625 0.0625 0.1265625
5 0.640625 0.3578125 0.046875 0.090625
4 0.378125 0.51640625 0.0546875 0.1546875
5 0.34609375 0.2734375 0.0765625 0.1359375
8 0.65078125 0.56953125 0.05 0.1421875