9 0.425 0.52265625 0.0921875 0.153125
8 0.47109375 0.36328125 0.04375 0.0359375
1 0.565625 0.43125 0.1453125 0.1203125
8 0.64453125 0.32890625 0.05 0.0421875
8 0.61640625 0.51875 0.0390625 0.0375
8 0.3984375 0.634375 0.040625 0.0421875
9 0.42109375 0.78984375 0.040625 0.0890625
8 0.6078125 0.80546875 0.0453125 0.034375
8 0.51796875 0.75078125 0.0375 0.0375
4 0.56484375 0.7140625 0.0390625 0.0390625
5 0.665625 0.64765625 0.0671875 0.10625
8 0.465625 0.771875 0.0171875 0.0640625
8 0.56796875 0.63359375 0.0546875 0.05
4 0.6375 0.68046875 0.0234375 0.071875
10 0.46796875 0.653125 0.0328125 0.0734375
8 0.5875 0.765625 0.0171875 0.053125
5 0.57109375 0.6796875 0.0640625 0.05
5 0.39296875 0.7203125 0.0640625 0.08125
10 0.509375 0.6671875 0.0328125 0.0890625
2 0.5625 0.5765625 0.0625 0.071875