5 0.58828125 0.57734375 0.06875 0.215625
0 0.459375 0.62109375 0.23125 0.56875
9 0.35703125 0.70625 0.075 0.11875
9 0.21484375 0.29375 0.209375 0.2765625
5 0.54765625 0.58359375 0.0671875 0.2125
2 0.290625 0.61953125 0.065625 0.1296875
5 0.64140625 0.58046875 0.0734375 0.2046875
4 0.571875 0.4265625 0.046875 0.1078125
4 0.62109375 0.4109375 0.053125 0.1109375
8 0.5234375 0.35859375 0.075 0.0640625
8 0.30234375 0.521875 0.0734375 0.0609375
8 0.61640625 0.29609375 0.0515625 0.103125
5 0.22890625 0.4984375 0.0703125 0.1484375
9 0.58359375 0.65234375 0.1296875 0.1875
4 0.5671875 0.1765625 0.103125 0.0875