10 0.490625 0.371875 0.06015625 0.075
9 0.3390625 0.45859375 0.07109375 0.13046875
9 0.409375 0.55859375 0.059375 0.0859375
5 0.3421875 0.296875 0.06953125 0.0890625
5 0.46015625 0.2984375 0.0734375 0.071875
5 0.625 0.490625 0.03671875 0.11796875
5 0.65859375 0.31953125 0.0765625 0.09140625
8 0.5375 0.31640625 0.01796875 0.146875
8 0.434375 0.44609375 0.02578125 0.128125
8 0.4921875 0.56796875 0.08984375 0.046875
8 0.30625 0.609375 0.071875 0.04140625
4 0.5765625 0.403125 0.07578125 0.0484375
1 0.5359375 0.47890625 0.11484375 0.11953125
0 0.6546875 0.6421875 0.17421875 0.159375