1 0.61875 0.6046875 0.065625 0.1765625
8 0.3625 0.63046875 0.0234375 0.0578125
8 0.3984375 0.4546875 0.040625 0.040625
5 0.4578125 0.6203125 0.0296875 0.0671875
8 0.653125 0.68125 0.021875 0.053125
8 0.6734375 0.5109375 0.0234375 0.0640625
5 0.45625 0.4578125 0.0484375 0.1046875
8 0.39453125 0.66015625 0.04375 0.040625
8 0.55859375 0.65234375 0.01875 0.05
9 0.38984375 0.3984375 0.0546875 0.1
9 0.5890625 0.44296875 0.096875 0.1484375
8 0.409375 0.52578125 0.0234375 0.0609375
5 0.49296875 0.7015625 0.046875 0.09375
2 0.53359375 0.596875 0.046875 0.1140625
8 0.4921875 0.60234375 0.0171875 0.0390625
8 0.51484375 0.390625 0.025 0.0703125
8 0.3953125 0.60859375 0.0375 0.0375
10 0.43984375 0.53671875 0.03125 0.0703125
10 0.503125 0.55625 0.0421875 0.1265625
4 0.45078125 0.66328125 0.053125 0.0484375
4 0.43515625 0.58984375 0.0265625 0.0484375