8 0.4453125 0.1671875 0.0640625 0.05625
5 0.27890625 0.43203125 0.0671875 0.13125
8 0.5421875 0.56484375 0.1453125 0.0734375
9 0.7453125 0.25625 0.1640625 0.2453125
9 0.1515625 0.66171875 0.1328125 0.209375
4 0.5734375 0.21953125 0.046875 0.146875
5 0.39921875 0.3890625 0.05625 0.190625
5 0.128125 0.421875 0.1125 0.1921875
5 0.815625 0.34375 0.0828125 0.196875
8 0.5640625 0.7484375 0.1703125 0.0875
9 0.5546875 0.38046875 0.103125 0.1640625
8 0.16953125 0.2671875 0.0578125 0.14375
8 0.44375 0.25546875 0.109375 0.0640625
8 0.88125 0.621875 0.078125 0.2078125
8 0.7421875 0.6375 0.071875 0.2125
4 0.25390625 0.690625 0.0875 0.2203125
4 0.38671875 0.67734375 0.071875 0.2234375
8 0.31875 0.24140625 0.040625 0.1125
8 0.24375 0.25546875 0.046875 0.125
4 0.66875 0.14296875 0.096875 0.075
5 0.72421875 0.3546875 0.11875 0.203125