9 0.4234375 0.5796875 0.03828125 0.0671875
9 0.2890625 0.52890625 0.04375 0.0703125
8 0.3890625 0.42734375 0.08359375 0.03125
9 0.67265625 0.57109375 0.07109375 0.1234375
8 0.596875 0.378125 0.01796875 0.10234375
10 0.54453125 0.65 0.0359375 0.1140625
4 0.4828125 0.371875 0.01953125 0.1078125
8 0.65625 0.37734375 0.01796875 0.09609375
10 0.5109375 0.52890625 0.040625 0.07421875
8 0.7046875 0.37265625 0.01640625 0.09375
4 0.5421875 0.371875 0.01953125 0.11796875
8 0.390625 0.328125 0.08359375 0.03125