2 0.32890625 0.284375 0.0828125 0.2265625
9 0.27109375 0.575 0.084375 0.15
4 0.575 0.609375 0.0875 0.065625
5 0.34375 0.596875 0.09375 0.2015625
5 0.796875 0.5578125 0.1046875 0.1953125
8 0.559375 0.44765625 0.0390625 0.1375
8 0.478125 0.465625 0.034375 0.1421875
4 0.4546875 0.61484375 0.0859375 0.065625
4 0.20703125 0.32734375 0.065625 0.2078125
9 0.765625 0.653125 0.0859375 0.14375
8 0.6546875 0.18515625 0.10625 0.1015625
8 0.32578125 0.425 0.1 0.0796875
4 0.465625 0.70859375 0.0828125 0.0609375
8 0.6640625 0.63515625 0.0375 0.1171875
4 0.58203125 0.70078125 0.0859375 0.0671875
10 0.76953125 0.34609375 0.0796875 0.1265625
8 0.51953125 0.64609375 0.03125 0.1125
1 0.5390625 0.29140625 0.2625 0.2