8 0.40234375 0.72109375 0.040625 0.0375
8 0.3828125 0.634375 0.0328125 0.06875
8 0.58671875 0.63125 0.0375 0.0859375
5 0.4734375 0.84375 0.0515625 0.103125
8 0.68359375 0.45078125 0.053125 0.0515625
8 0.65390625 0.53828125 0.05 0.046875
8 0.43046875 0.64609375 0.03125 0.0703125
9 0.4921875 0.44453125 0.13125 0.18125
5 0.571875 0.4609375 0.0640625 0.1015625
9 0.521875 0.61328125 0.0640625 0.1046875
8 0.39453125 0.76640625 0.0375 0.0390625
8 0.3859375 0.8046875 0.0375 0.0359375
9 0.55078125 0.8265625 0.0546875 0.0765625
4 0.42734375 0.55625 0.0859375 0.0609375
4 0.4046875 0.46015625 0.04375 0.090625
5 0.50390625 0.71953125 0.0515625 0.0890625
8 0.65078125 0.65234375 0.0359375 0.06875
4 0.5671875 0.78671875 0.05625 0.0484375
4 0.58671875 0.725 0.071875 0.053125
5 0.55546875 0.540625 0.0578125 0.0890625
5 0.4890625 0.7796875 0.0671875 0.0765625