9 0.6375 0.21796875 0.05546875 0.109375
8 0.50859375 0.2453125 0.0203125 0.08984375
8 0.540625 0.34140625 0.0453125 0.0390625
4 0.55546875 0.2046875 0.04453125 0.04453125
9 0.66328125 0.7296875 0.121875 0.20625
5 0.4921875 0.3765625 0.06171875 0.09140625
9 0.4234375 0.2296875 0.09609375 0.16484375
0 0.51953125 0.79375 0.10703125 0.40078125
8 0.4359375 0.59453125 0.05703125 0.04296875
8 0.35390625 0.64375 0.028125 0.10234375
8 0.64609375 0.45546875 0.053125 0.04453125
5 0.653125 0.56328125 0.08046875 0.0796875
5 0.3421875 0.3546875 0.10546875 0.09140625
8 0.4796875 0.46171875 0.06640625 0.03984375
4 0.403125 0.51640625 0.025 0.1078125
4 0.36015625 0.51328125 0.028125 0.11015625
2 0.65703125 0.35703125 0.0515625 0.10625
10 0.525 0.08828125 0.04375 0.11328125
4 0.3890625 0.77890625 0.08125 0.05703125
10 0.5609375 0.43828125 0.03828125 0.13828125
5 0.409375 0.328125 0.04921875 0.15390625