10 0.45703125 0.24609375 0.0375 0.0765625
4 0.3765625 0.2609375 0.0703125 0.053125
9 0.66484375 0.37890625 0.1203125 0.1671875
5 0.46171875 0.3296875 0.0515625 0.090625
8 0.5890625 0.5109375 0.084375 0.0546875
8 0.34453125 0.4125 0.0765625 0.05
8 0.6015625 0.59140625 0.0890625 0.0484375
10 0.52421875 0.25 0.046875 0.1125
5 0.49375 0.4671875 0.065625 0.1203125
8 0.3703125 0.6375 0.0828125 0.0484375
4 0.31875 0.3171875 0.0390625 0.096875
8 0.571875 0.4375 0.0828125 0.0546875
8 0.54921875 0.37421875 0.0671875 0.046875
8 0.3515625 0.48828125 0.08125 0.0453125
8 0.4328125 0.4390625 0.0265625 0.065625
9 0.69765625 0.53671875 0.071875 0.1078125
8 0.44921875 0.565625 0.0296875 0.075
4 0.415625 0.32890625 0.0375 0.0875
5 0.6421875 0.2171875 0.065625 0.1328125
8 0.3609375 0.5578125 0.0796875 0.0515625
5 0.5875 0.26328125 0.0515625 0.1640625