10 0.42421875 0.521875 0.06875 0.125
0 0.52421875 0.84375 0.1703125 0.3125
1 0.4828125 0.6234375 0.1203125 0.2234375
5 0.43984375 0.76875 0.090625 0.084375
5 0.33125 0.7671875 0.078125 0.1203125
5 0.3921875 0.4671875 0.0921875 0.15
5 0.44921875 0.23125 0.1125 0.1625
8 0.36953125 0.58125 0.09375 0.0703125
8 0.56328125 0.578125 0.065625 0.1296875
8 0.51171875 0.4375 0.1140625 0.0859375
8 0.70390625 0.2453125 0.0921875 0.1640625
4 0.41171875 0.67109375 0.0640625 0.13125
9 0.56875 0.28125 0.134375 0.1984375
9 0.59921875 0.44375 0.0890625 0.128125