1 0.22734375 0.65234375 0.1515625 0.309375
9 0.8171875 0.35078125 0.14375 0.246875
8 0.34609375 0.73515625 0.0359375 0.1
5 0.62890625 0.4828125 0.103125 0.2578125
8 0.5203125 0.26015625 0.053125 0.2015625
9 0.31640625 0.35859375 0.2234375 0.346875
10 0.46875 0.59765625 0.096875 0.24375
2 0.39453125 0.68828125 0.0875 0.2296875
8 0.1234375 0.45859375 0.0578125 0.15625
8 0.74375 0.459375 0.128125 0.0953125
8 0.678125 0.7234375 0.065625 0.0640625
8 0.73203125 0.76171875 0.0484375 0.121875
5 0.546875 0.725 0.078125 0.2578125
8 0.69140625 0.58671875 0.0453125 0.1140625
8 0.15625 0.74921875 0.05 0.1125
5 0.453125 0.8671875 0.09375 0.2421875
10 0.634375 0.6484375 0.0765625 0.146875
8 0.65625 0.80234375 0.0890625 0.071875