5 0.63984375 0.646875 0.05 0.084375
8 0.553125 0.70625 0.046875 0.0421875
0 0.3453125 0.42109375 0.1515625 0.3046875
10 0.59609375 0.61796875 0.0453125 0.0859375
9 0.48671875 0.7546875 0.0515625 0.0921875
4 0.5515625 0.48203125 0.0421875 0.1265625
8 0.48828125 0.86875 0.0234375 0.0609375
8 0.62421875 0.546875 0.0890625 0.0515625
1 0.50390625 0.55859375 0.1046875 0.21875
8 0.465625 0.64609375 0.03125 0.0765625
9 0.55859375 0.8265625 0.09375 0.140625
5 0.6546875 0.80859375 0.0609375 0.1046875
5 0.59296875 0.3265625 0.08125 0.1375
5 0.4703125 0.415625 0.0921875 0.1046875