4 0.3703125 0.575 0.0359375 0.1140625
2 0.72890625 0.428125 0.0453125 0.13125
8 0.35390625 0.6984375 0.03984375 0.12734375
5 0.37890625 0.39921875 0.0375 0.19140625
0 0.565625 0.3953125 0.1359375 0.5453125
9 0.67890625 0.32734375 0.05625 0.10703125
8 0.4546875 0.6375 0.06484375 0.053125
4 0.4203125 0.56640625 0.02890625 0.10234375
5 0.471875 0.41328125 0.03125 0.203125
5 0.43046875 0.40625 0.03125 0.203125
9 0.75 0.759375 0.16484375 0.24921875
5 0.7671875 0.55625 0.04609375 0.14296875
8 0.696875 0.5203125 0.0734375 0.0515625
9 0.45078125 0.34296875 0.10234375 0.1625
4 0.38828125 0.809375 0.10078125 0.071875