8 0.56484375 0.5875 0.0265625 0.0671875
8 0.61640625 0.396875 0.075 0.046875
1 0.49375 0.36875 0.1171875 0.090625
4 0.640625 0.34296875 0.0359375 0.096875
8 0.653125 0.5609375 0.034375 0.0859375
8 0.54453125 0.44296875 0.03125 0.084375
4 0.58828125 0.546875 0.046875 0.0359375
8 0.42578125 0.3328125 0.0375 0.0328125
8 0.509375 0.46171875 0.028125 0.071875
4 0.5234375 0.565625 0.0484375 0.0390625
4 0.53984375 0.6390625 0.0453125 0.046875
8 0.48984375 0.609375 0.0265625 0.0640625
4 0.60703125 0.621875 0.040625 0.0453125
5 0.621875 0.46328125 0.05 0.046875
9 0.66484375 0.47890625 0.0578125 0.071875
9 0.43671875 0.62265625 0.05625 0.090625
2 0.5734375 0.315625 0.05 0.0796875
10 0.396875 0.3828125 0.0578125 0.078125
5 0.40234375 0.4875 0.0640625 0.1125