9 0.3484375 0.61171875 0.14140625 0.23671875
8 0.63984375 0.43828125 0.02734375 0.09140625
5 0.5796875 0.67890625 0.07109375 0.16328125
8 0.69140625 0.27265625 0.0265625 0.08359375
1 0.284375 0.3578125 0.09765625 0.26640625
8 0.3796875 0.28359375 0.025 0.0828125
4 0.5859375 0.3546875 0.02890625 0.1125
2 0.41953125 0.33984375 0.04921875 0.13828125
4 0.5421875 0.23828125 0.0515625 0.05546875
10 0.5296875 0.5296875 0.09921875 0.10234375
8 0.228125 0.2625 0.03359375 0.09609375
10 0.471875 0.40625 0.0515625 0.1953125
8 0.64140625 0.3125 0.0515625 0.05546875
8 0.63671875 0.2359375 0.05703125 0.05078125
8 0.490625 0.6984375 0.03046875 0.15078125
8 0.20390625 0.51015625 0.03125 0.0984375
8 0.6796875 0.55078125 0.1125 0.065625
9 0.7078125 0.64765625 0.0796875 0.1546875
5 0.540625 0.3390625 0.04375 0.14921875
5 0.478125 0.171875 0.0625 0.184375