2 0.609375 0.5625 0.04375 0.10546875
8 0.6203125 0.49140625 0.06640625 0.05
8 0.54296875 0.4609375 0.03125 0.0890625
8 0.5046875 0.4625 0.02578125 0.075
8 0.621875 0.3359375 0.03046875 0.05546875
8 0.453125 0.3515625 0.02734375 0.0859375
8 0.5296875 0.3515625 0.01953125 0.0890625
8 0.4625 0.60625 0.06796875 0.04609375
4 0.675 0.53203125 0.02578125 0.11953125
4 0.5625 0.37578125 0.05234375 0.040625
4 0.5609375 0.31640625 0.04765625 0.04453125
4 0.4953125 0.31875 0.05234375 0.05390625
4 0.4953125 0.3765625 0.05078125 0.046875
5 0.61328125 0.40078125 0.0375 0.09609375
5 0.39375 0.46171875 0.05703125 0.10703125
10 0.4046875 0.5625 0.04296875 0.09453125
1 0.5109375 0.5484375 0.12109375 0.09140625
9 0.6609375 0.409375 0.05390625 0.07890625
9 0.4 0.34765625 0.05078125 0.090625