9 0.43046875 0.23671875 0.084375 0.15625
9 0.63359375 0.7625 0.0921875 0.1640625
8 0.48515625 0.49453125 0.04453125 0.03125
8 0.53984375 0.36875 0.046875 0.03203125
8 0.38046875 0.66953125 0.02109375 0.08125
5 0.4953125 0.40859375 0.05625 0.08671875
8 0.5109375 0.25546875 0.01875 0.07890625
9 0.62890625 0.2390625 0.04765625 0.08984375
4 0.55390625 0.21328125 0.05 0.0375
5 0.41875 0.37890625 0.02109375 0.096875
8 0.4484375 0.62421875 0.0453125 0.03125
4 0.38203125 0.5328125 0.02265625 0.0859375
5 0.34140625 0.3921875 0.05859375 0.075
0 0.521875 0.79375 0.084375 0.3765625
8 0.6296875 0.49453125 0.04453125 0.0328125
5 0.628125 0.59609375 0.0671875 0.08125
4 0.41953125 0.54140625 0.02109375 0.0828125
10 0.5578125 0.48828125 0.046875 0.09609375
4 0.40234375 0.79453125 0.0765625 0.06953125
10 0.5265625 0.0828125 0.0578125 0.109375
2 0.6421875 0.3828125 0.05234375 0.1125