1 0.53671875 0.546875 0.0765625 0.165625
4 0.40234375 0.5984375 0.03125 0.065625
8 0.396875 0.53984375 0.04375 0.04375
8 0.57890625 0.49296875 0.0296875 0.0625
4 0.36015625 0.58203125 0.0328125 0.0703125
4 0.3921875 0.4875 0.03125 0.0671875
5 0.509375 0.365625 0.0421875 0.1125
4 0.42890625 0.50703125 0.0328125 0.0703125
8 0.35859375 0.675 0.05625 0.05
9 0.39375 0.7296875 0.0671875 0.1109375
8 0.48359375 0.52265625 0.046875 0.040625
8 0.4734375 0.571875 0.0515625 0.05
8 0.465625 0.68515625 0.0359375 0.0765625
4 0.4796875 0.76484375 0.0734375 0.0671875
8 0.42890625 0.440625 0.0390625 0.040625
9 0.44765625 0.3796875 0.0515625 0.0703125
10 0.56171875 0.41328125 0.0515625 0.090625
2 0.5359375 0.6453125 0.065625 0.0859375
5 0.43515625 0.63515625 0.05 0.1203125