4 0.3671875 0.49375 0.128125 0.06484375
8 0.4046875 0.10859375 0.05 0.03984375
8 0.703125 0.5578125 0.12265625 0.065625
8 0.6609375 0.4078125 0.034375 0.1421875
8 0.396875 0.19375 0.053125 0.04140625
8 0.73984375 0.39765625 0.034375 0.13671875
9 0.6046875 0.10078125 0.1109375 0.1796875
8 0.33125 0.34140625 0.03203125 0.096875
4 0.35625 0.63984375 0.13046875 0.07890625
8 0.73203125 0.8265625 0.16328125 0.07109375
8 0.42890625 0.3375 0.0296875 0.09296875
8 0.7171875 0.67890625 0.15078125 0.0859375
4 0.6640625 0.25234375 0.12890625 0.090625
4 0.6984375 0.14140625 0.0453125 0.10859375
9 0.528125 0.271875 0.08046875 0.11953125
5 0.52265625 0.4171875 0.071875 0.15390625
5 0.5078125 0.61484375 0.07265625 0.17109375
5 0.5125 0.79609375 0.09765625 0.21640625
5 0.515625 0.125 0.06484375 0.153125
5 0.5125 0.05859375 0.06015625 0.1140625
9 0.35078125 0.771875 0.115625 0.17890625