8 0.171875 0.615625 0.04296875 0.11796875
1 0.74609375 0.48203125 0.13359375 0.30546875
9 0.6046875 0.26484375 0.12890625 0.20078125
9 0.2890625 0.24921875 0.07734375 0.13203125
5 0.39765625 0.1765625 0.0546875 0.1671875
10 0.371875 0.3109375 0.04609375 0.28515625
8 0.64375 0.60625 0.04296875 0.14609375
8 0.24296875 0.6703125 0.08828125 0.07578125
2 0.5640625 0.396875 0.06640625 0.15078125
8 0.26484375 0.553125 0.08515625 0.07109375
8 0.8953125 0.6296875 0.06328125 0.1359375
8 0.30390625 0.41484375 0.03359375 0.10078125
8 0.29140625 0.32890625 0.06171875 0.05625
10 0.49609375 0.353125 0.06640625 0.2390625
8 0.7734375 0.34921875 0.0359375 0.08515625
5 0.409375 0.4 0.0671875 0.16328125
4 0.3515625 0.49609375 0.0390625 0.128125
4 0.3828125 0.665625 0.11875 0.0953125
5 0.50078125 0.59375 0.08359375 0.28203125