9 0.5078125 0.13984375 0.1015625 0.159375
9 0.42734375 0.22734375 0.05625 0.09609375
8 0.40546875 0.13125 0.034375 0.109375
8 0.409375 0.390625 0.04375 0.14296875
8 0.525 0.296875 0.11875 0.053125
8 0.6609375 0.47578125 0.1421875 0.06796875
5 0.640625 0.1515625 0.06796875 0.1359375
5 0.65 0.3359375 0.08359375 0.128125
5 0.6890625 0.790625 0.10546875 0.240625
5 0.4859375 0.68671875 0.13125 0.159375
1 0.4890625 0.459375 0.09765625 0.2625
1 0.2890625 0.728125 0.20625 0.42109375
4 0.57890625 0.575 0.04375 0.225
10 0.5984375 0.38125 0.0765625 0.109375