9 0.6421875 0.2203125 0.0515625 0.078125
1 0.48125 0.3578125 0.078125 0.178125
8 0.62890625 0.29453125 0.0390625 0.0390625
4 0.6421875 0.35859375 0.0328125 0.075
8 0.58515625 0.55078125 0.0546875 0.05
4 0.58125 0.4578125 0.03125 0.0703125
8 0.5390625 0.35546875 0.040625 0.0421875
8 0.4828125 0.51796875 0.0296875 0.071875
4 0.43984375 0.58984375 0.0640625 0.059375
8 0.6125 0.40234375 0.040625 0.0390625
4 0.6265625 0.45859375 0.034375 0.0734375
5 0.5234375 0.51640625 0.0546875 0.159375
4 0.5984375 0.3578125 0.0328125 0.06875
8 0.525 0.40703125 0.0421875 0.040625
9 0.52890625 0.5875 0.0625 0.1046875
8 0.46796875 0.28125 0.0265625 0.0578125
5 0.5640625 0.2140625 0.0796875 0.0859375
10 0.5046875 0.21875 0.0625 0.0921875
2 0.440625 0.453125 0.071875 0.0890625