8 0.453125 0.59453125 0.059375 0.0453125
4 0.51796875 0.31328125 0.0984375 0.0703125
8 0.45234375 0.37421875 0.0421875 0.1171875
9 0.63828125 0.35078125 0.103125 0.1703125
9 0.325 0.39296875 0.1796875 0.253125
5 0.36015625 0.6046875 0.059375 0.196875
9 0.64375 0.73984375 0.1296875 0.1734375
5 0.24609375 0.57578125 0.1125 0.11875
5 0.6390625 0.6390625 0.0921875 0.0953125
0 0.53203125 0.8203125 0.1359375 0.35
10 0.54921875 0.60546875 0.0609375 0.159375
8 0.5078125 0.4765625 0.075 0.0625
5 0.45859375 0.53203125 0.0890625 0.115625
8 0.4265625 0.684375 0.0546875 0.0484375
8 0.62890625 0.5609375 0.0703125 0.053125
10 0.446875 0.1453125 0.0890625 0.1734375
8 0.359375 0.73125 0.0359375 0.0671875
4 0.4046875 0.78046875 0.0671875 0.0609375
4 0.3359375 0.65234375 0.0453125 0.103125
4 0.3765625 0.63515625 0.0390625 0.1109375
2 0.6546875 0.4796875 0.0734375 0.1203125