9 0.7046875 0.72265625 0.05625 0.0859375
9 0.63984375 0.334375 0.115625 0.1625
10 0.63203125 0.82578125 0.040625 0.065625
8 0.4265625 0.4421875 0.034375 0.075
9 0.5390625 0.7453125 0.0921875 0.125
8 0.4921875 0.4640625 0.04375 0.0390625
8 0.60390625 0.72421875 0.028125 0.0625
0 0.57890625 0.5671875 0.1328125 0.2640625
8 0.6703125 0.5390625 0.0453125 0.0453125
4 0.646875 0.74375 0.0421875 0.04375
4 0.48203125 0.534375 0.0328125 0.0703125
5 0.5390625 0.6640625 0.0390625 0.0953125
4 0.45 0.5359375 0.0328125 0.071875
8 0.53359375 0.559375 0.0203125 0.0328125
5 0.50703125 0.6453125 0.053125 0.1484375
4 0.42734375 0.33984375 0.05625 0.05