8 0.709375 0.82890625 0.06875 0.1890625
8 0.621875 0.90859375 0.11875 0.0984375
8 0.64765625 0.75390625 0.1171875 0.0828125
8 0.478125 0.6640625 0.0578125 0.1921875
8 0.31953125 0.7828125 0.0765625 0.2078125
8 0.1203125 0.79921875 0.084375 0.190625
8 0.19921875 0.38515625 0.075 0.203125
8 0.72109375 0.375 0.140625 0.0890625
8 0.665625 0.54375 0.0671875 0.215625
8 0.546875 0.18671875 0.0796875 0.221875
2 0.39609375 0.61953125 0.1125 0.1703125
5 0.4125 0.9078125 0.1171875 0.1796875
5 0.54453125 0.61796875 0.09375 0.153125
5 0.6296875 0.2375 0.109375 0.1640625
1 0.24453125 0.63125 0.1578125 0.4328125
4 0.51953125 0.884375 0.1234375 0.1234375
4 0.59296875 0.67421875 0.0703125 0.225
10 0.62265625 0.4234375 0.059375 0.1546875
10 0.48671875 0.46328125 0.1046875 0.13125
9 0.39609375 0.2484375 0.1921875 0.26875
9 0.765625 0.22265625 0.1265625 0.1859375