4 0.38515625 0.59609375 0.0546875 0.11875
2 0.71328125 0.38984375 0.0671875 0.1375
8 0.390625 0.72109375 0.0609375 0.1328125
5 0.36328125 0.421875 0.0703125 0.1953125
0 0.54609375 0.38515625 0.228125 0.5609375
9 0.64609375 0.29921875 0.0734375 0.115625
8 0.47890625 0.64296875 0.0734375 0.0640625
4 0.4328125 0.57890625 0.046875 0.10625
5 0.45703125 0.41953125 0.065625 0.2046875
5 0.415625 0.41953125 0.065625 0.2046875
9 0.79140625 0.71171875 0.20625 0.2734375
5 0.77265625 0.509375 0.0703125 0.1484375
8 0.69765625 0.4859375 0.08125 0.0640625
9 0.42421875 0.35390625 0.1296875 0.178125
4 0.44375 0.82421875 0.1125 0.0890625