8 0.3671875 0.43046875 0.046875 0.040625
8 0.5 0.41171875 0.046875 0.0390625
9 0.38359375 0.60625 0.1203125 0.1734375
8 0.4375 0.34453125 0.0390625 0.0375
4 0.61640625 0.5984375 0.0609375 0.0578125
8 0.6234375 0.50703125 0.034375 0.06875
10 0.42265625 0.1859375 0.0421875 0.0765625
8 0.5515625 0.48984375 0.05 0.0453125
4 0.5671875 0.4265625 0.0296875 0.06875
5 0.61484375 0.325 0.0609375 0.065625
4 0.59921875 0.42421875 0.0328125 0.0625
9 0.51875 0.25625 0.09375 0.1375
4 0.40859375 0.26484375 0.0375 0.040625
2 0.43046875 0.3796875 0.0421875 0.0828125
9 0.35 0.278125 0.0578125 0.096875
5 0.48046875 0.36171875 0.0625 0.0734375
5 0.5390625 0.29140625 0.0390625 0.1078125
2 0.3515625 0.35 0.0328125 0.0625
0 0.50546875 0.5953125 0.1375 0.296875
4 0.45234375 0.28125 0.028125 0.0625
5 0.371875 0.49765625 0.08125 0.0640625