4 0.34375 0.31484375 0.159375 0.0984375
9 0.61015625 0.5890625 0.1015625 0.159375
5 0.56640625 0.21953125 0.1109375 0.14375
5 0.84140625 0.2609375 0.1515625 0.1625
9 0.746875 0.5171875 0.1765625 0.253125
8 0.48203125 0.55703125 0.115625 0.0765625
0 0.19453125 0.64609375 0.2953125 0.2625
5 0.246875 0.4515625 0.0875 0.121875
10 0.5296875 0.30390625 0.1265625 0.128125
8 0.6046875 0.440625 0.05625 0.1796875
1 0.40234375 0.45859375 0.225 0.190625
8 0.44453125 0.18359375 0.0765625 0.228125
5 0.18046875 0.1421875 0.18125 0.175
8 0.75234375 0.659375 0.0875 0.075