1 0.2359375 0.33359375 0.1359375 0.303125
9 0.80859375 0.665625 0.13125 0.23984375
8 0.35859375 0.25703125 0.03125 0.0984375
5 0.628125 0.52421875 0.08984375 0.25390625
8 0.5078125 0.740625 0.0421875 0.19921875
9 0.309375 0.63125 0.20546875 0.33671875
10 0.47421875 0.40078125 0.084375 0.2390625
2 0.4046875 0.30625 0.0765625 0.22578125
8 0.121875 0.521875 0.05 0.15390625
8 0.74140625 0.553125 0.12421875 0.08828125
8 0.68984375 0.2859375 0.06328125 0.06015625
8 0.7453125 0.25078125 0.04296875 0.1203125
5 0.55859375 0.278125 0.06484375 0.2546875
8 0.6953125 0.4234375 0.03984375 0.11171875
8 0.16953125 0.2328125 0.04453125 0.11015625
5 0.47265625 0.13125 0.08125 0.23828125
10 0.6421875 0.35859375 0.06953125 0.14296875
8 0.671875 0.20625 0.08515625 0.06796875