9 0.728125 0.74609375 0.1703125 0.2484375
8 0.59140625 0.5015625 0.05 0.1515625
5 0.61328125 0.85234375 0.0734375 0.1015625
9 0.2125 0.30234375 0.196875 0.2859375
5 0.62109375 0.93203125 0.0734375 0.1171875
8 0.69609375 0.55703125 0.0765625 0.0671875
10 0.81328125 0.53046875 0.08125 0.1875
4 0.49375 0.871875 0.0828125 0.0703125
0 0.36640625 0.7375 0.2796875 0.525
8 0.45390625 0.27265625 0.05625 0.18125
5 0.596875 0.753125 0.075 0.115625
9 0.6890625 0.259375 0.10625 0.159375
2 0.5515625 0.20078125 0.1234375 0.11875
8 0.503125 0.6609375 0.053125 0.1875
5 0.3515625 0.21953125 0.0984375 0.1078125
4 0.728125 0.43125 0.0546875 0.15
4 0.48203125 0.79921875 0.0671875 0.0734375