1 0.56015625 0.6359375 0.109375 0.259375
8 0.47734375 0.63828125 0.0578125 0.059375
5 0.48671875 0.40390625 0.0703125 0.225
4 0.6265625 0.271875 0.10625 0.078125
10 0.51328125 0.8390625 0.059375 0.1375
8 0.3484375 0.721875 0.0609375 0.05625
4 0.34296875 0.48359375 0.046875 0.1140625
9 0.3359375 0.82578125 0.06875 0.1140625
4 0.40703125 0.490625 0.0453125 0.1109375
8 0.3921875 0.34453125 0.06875 0.059375
8 0.55703125 0.3734375 0.0515625 0.1453125
5 0.4109375 0.88125 0.0578125 0.18125
8 0.3671875 0.56640625 0.0609375 0.05625
4 0.32734375 0.63046875 0.04375 0.1046875
8 0.58515625 0.74296875 0.040625 0.0890625
2 0.62734375 0.478125 0.075 0.11875
4 0.38984375 0.6328125 0.04375 0.0984375
9 0.48046875 0.28125 0.08125 0.14375
8 0.496875 0.55703125 0.0546875 0.053125