1 0.74765625 0.321875 0.1265625 0.3703125
9 0.69296875 0.68984375 0.1734375 0.265625
8 0.63359375 0.2171875 0.0390625 0.128125
8 0.27265625 0.24609375 0.0453125 0.14375
8 0.846875 0.540625 0.04375 0.1328125
9 0.3109375 0.78046875 0.1015625 0.159375
8 0.3359375 0.63984375 0.125 0.0625
8 0.35625 0.4859375 0.05 0.165625
8 0.81015625 0.1671875 0.0453125 0.1390625
8 0.5140625 0.3375 0.040625 0.1390625
5 0.446875 0.6875 0.0859375 0.165625
4 0.4046875 0.34765625 0.04375 0.146875
5 0.46015625 0.3390625 0.0734375 0.171875
8 0.54921875 0.80703125 0.0484375 0.1921875
10 0.546875 0.4796875 0.08125 0.16875
8 0.3359375 0.1671875 0.096875 0.0671875
5 0.51484375 0.09453125 0.0859375 0.184375
2 0.59296875 0.32578125 0.08125 0.1890625
8 0.3359375 0.28984375 0.090625 0.053125
10 0.42265625 0.534375 0.08125 0.1875
4 0.4359375 0.16328125 0.10625 0.0875