8 0.6984375 0.86953125 0.125 0.059375
9 0.37890625 0.80859375 0.078125 0.1453125
4 0.3796875 0.68515625 0.115625 0.0703125
8 0.6828125 0.6046875 0.10859375 0.05625
9 0.5328125 0.31484375 0.059375 0.12734375
5 0.52109375 0.465625 0.0546875 0.1125
5 0.5203125 0.65546875 0.04609375 0.1078125
4 0.38828125 0.534375 0.11328125 0.0609375
5 0.5171875 0.84921875 0.0640625 0.1375
9 0.60390625 0.10234375 0.1046875 0.1734375
8 0.7203125 0.4203125 0.02578125 0.09765625
8 0.4078125 0.19921875 0.05234375 0.04609375
8 0.41328125 0.10078125 0.04765625 0.04140625
4 0.66484375 0.26953125 0.0984375 0.059375
8 0.35 0.37578125 0.02734375 0.1125
4 0.696875 0.15390625 0.028125 0.09375
5 0.51875 0.13046875 0.05 0.14140625
8 0.690625 0.7328125 0.11953125 0.0515625
8 0.440625 0.365625 0.02734375 0.125
8 0.65 0.440625 0.03515625 0.13046875