8 0.225 0.725 0.0328125 0.078125
8 0.54375 0.7203125 0.046875 0.0390625
5 0.3984375 0.790625 0.059375 0.084375
8 0.5125 0.3765625 0.0328125 0.0796875
8 0.565625 0.590625 0.0328125 0.0828125
8 0.5234375 0.809375 0.05 0.040625
9 0.63671875 0.41484375 0.0625 0.0875
8 0.446875 0.65078125 0.0359375 0.0875
8 0.346875 0.71796875 0.03125 0.0703125
2 0.4015625 0.64609375 0.0515625 0.06875
8 0.57109375 0.77578125 0.0328125 0.078125
1 0.30625 0.6171875 0.10625 0.2328125
5 0.55390625 0.42578125 0.053125 0.0765625
4 0.51015625 0.6796875 0.0359375 0.0859375
8 0.3015625 0.46953125 0.0359375 0.0796875
10 0.54453125 0.5234375 0.0390625 0.06875
10 0.4640625 0.54921875 0.046875 0.0765625
8 0.603125 0.4953125 0.0734375 0.046875
9 0.41953125 0.40546875 0.103125 0.15
5 0.490625 0.63125 0.05 0.090625
4 0.4578125 0.79140625 0.053125 0.0453125