9 0.48125 0.32109375 0.096875 0.1734375
9 0.5421875 0.53359375 0.046875 0.1078125
8 0.6109375 0.55390625 0.01875 0.1
8 0.44453125 0.8375 0.034375 0.03125
8 0.40546875 0.60234375 0.0171875 0.071875
8 0.6796875 0.5640625 0.021875 0.0875
5 0.54609375 0.678125 0.0359375 0.0765625
8 0.65625 0.41328125 0.04375 0.040625
8 0.44375 0.71875 0.0375 0.034375
5 0.55859375 0.3109375 0.046875 0.0859375
4 0.43828125 0.4875 0.08125 0.046875
8 0.45625 0.6140625 0.015625 0.075
8 0.44296875 0.78046875 0.0359375 0.034375
9 0.61875 0.828125 0.040625 0.0828125
8 0.66484375 0.29140625 0.04375 0.0375
8 0.64140625 0.559375 0.0875 0.1125
4 0.39765625 0.36875 0.021875 0.084375
4 0.62734375 0.75859375 0.059375 0.040625
5 0.546875 0.75 0.025 0.071875
5 0.54296875 0.865625 0.04375 0.121875
5 0.559375 0.396875 0.05 0.096875