0 0.365625 0.25546875 0.09921875 0.46171875
9 0.61640625 0.46640625 0.0703125 0.1234375
1 0.42109375 0.5609375 0.17265625 0.13359375
9 0.72890625 0.5515625 0.11640625 0.18828125
8 0.75078125 0.4171875 0.06640625 0.0546875
5 0.60703125 0.7609375 0.05390625 0.2046875
10 0.5484375 0.6890625 0.03671875 0.15234375
5 0.740625 0.721875 0.04296875 0.096875
4 0.35859375 0.675 0.12578125 0.0640625
8 0.50390625 0.471875 0.09453125 0.05703125
8 0.4296875 0.80390625 0.0296875 0.1953125
5 0.2453125 0.78359375 0.05078125 0.24375
5 0.26640625 0.5609375 0.06484375 0.109375
8 0.59609375 0.59296875 0.028125 0.15859375