8 0.61875 0.86640625 0.10078125 0.05
9 0.43984375 0.2890625 0.0484375 0.11328125
10 0.4765625 0.43671875 0.05703125 0.0875
10 0.3796875 0.50390625 0.08828125 0.08125
9 0.43046875 0.75703125 0.10703125 0.17734375
9 0.478125 0.10390625 0.0421875 0.09921875
8 0.6046875 0.61015625 0.096875 0.05546875
4 0.59140625 0.390625 0.084375 0.05078125
8 0.6109375 0.7453125 0.1 0.05546875
4 0.59921875 0.49765625 0.08984375 0.05
8 0.5484375 0.25390625 0.02109375 0.11875
8 0.6171875 0.25390625 0.021875 0.1203125