8 0.43203125 0.509375 0.0265625 0.06875
8 0.68125 0.48125 0.0265625 0.06875
8 0.6015625 0.34375 0.0234375 0.0625
8 0.30703125 0.55625 0.0296875 0.071875
4 0.58046875 0.425 0.03125 0.0875
5 0.409375 0.26640625 0.090625 0.14375
8 0.51015625 0.43046875 0.0265625 0.0765625
4 0.57578125 0.53515625 0.059375 0.0578125
1 0.3625 0.44765625 0.0796875 0.2078125
8 0.3203125 0.3421875 0.0265625 0.0625
8 0.48515625 0.2296875 0.025 0.071875
8 0.64453125 0.52578125 0.05 0.04375
5 0.5453125 0.4359375 0.0359375 0.096875
8 0.63046875 0.44453125 0.040625 0.040625
10 0.4875 0.31171875 0.040625 0.0734375
9 0.6015625 0.21484375 0.05625 0.1
5 0.52734375 0.1859375 0.0484375 0.1140625
8 0.60390625 0.27578125 0.0421875 0.0390625
5 0.51171875 0.5453125 0.0734375 0.0875
10 0.51953125 0.30390625 0.06875 0.06875
2 0.459375 0.44375 0.05 0.0953125