8 0.4015625 0.34609375 0.0375 0.0859375
8 0.35546875 0.35234375 0.0375 0.084375
9 0.3015625 0.2390625 0.0625 0.09375
8 0.30546875 0.36953125 0.0390625 0.084375
4 0.55 0.52109375 0.0703125 0.0625
8 0.375 0.56015625 0.0765625 0.053125
8 0.4515625 0.34453125 0.040625 0.1015625
4 0.61484375 0.6796875 0.0921875 0.06875
8 0.45546875 0.54140625 0.0859375 0.05625
8 0.35625 0.696875 0.05 0.1140625
9 0.39765625 0.21171875 0.1 0.1375
8 0.41171875 0.70234375 0.046875 0.1171875
8 0.5203125 0.67734375 0.0484375 0.1265625
8 0.4625 0.6859375 0.0515625 0.1328125
5 0.4796875 0.21484375 0.053125 0.084375
4 0.62265625 0.55 0.040625 0.0921875
10 0.5453125 0.3890625 0.05625 0.11875
5 0.35703125 0.46875 0.096875 0.0890625
5 0.44609375 0.459375 0.103125 0.1078125
5 0.4796875 0.146875 0.0609375 0.11875
10 0.52109375 0.29296875 0.0625 0.096875