5 0.7453125 0.15390625 0.04453125 0.15234375
9 0.38359375 0.57890625 0.08125 0.1359375
0 0.721875 0.57265625 0.18203125 0.45546875
5 0.7609375 0.30390625 0.0625 0.1171875
8 0.2 0.671875 0.09375 0.05859375
8 0.51875 0.58671875 0.1171875 0.059375
5 0.315625 0.215625 0.0375 0.184375
9 0.27734375 0.45546875 0.1296875 0.2046875
8 0.58359375 0.2453125 0.02421875 0.13984375
8 0.42421875 0.4375 0.02890625 0.1921875
10 0.4765625 0.28046875 0.03984375 0.16171875
4 0.6390625 0.33984375 0.071875 0.059375
5 0.43125 0.190625 0.02578125 0.23359375
1 0.6125 0.4453125 0.21328125 0.14296875