4 0.36796875 0.628125 0.090625 0.0640625
4 0.39609375 0.5328125 0.0375 0.09375
9 0.61640625 0.36953125 0.1015625 0.1640625
8 0.51484375 0.3515625 0.0734375 0.053125
8 0.29609375 0.25234375 0.075 0.04375
8 0.51015625 0.28671875 0.0640625 0.05
8 0.3015625 0.31796875 0.0640625 0.0421875
8 0.3828125 0.38984375 0.0296875 0.078125
8 0.5203125 0.42734375 0.078125 0.046875
8 0.371875 0.28125 0.0265625 0.06875
9 0.5796875 0.22421875 0.0546875 0.0890625
10 0.54375 0.5421875 0.08125 0.109375
5 0.58671875 0.48359375 0.0421875 0.153125
8 0.3015625 0.3796875 0.046875 0.0421875
8 0.30625 0.45703125 0.0796875 0.0453125
4 0.28984375 0.5921875 0.0453125 0.11875
5 0.42421875 0.26953125 0.0515625 0.1
8 0.49375 0.2234375 0.046875 0.04375
5 0.43125 0.371875 0.05625 0.1078125
5 0.44375 0.42109375 0.0390625 0.065625
10 0.47890625 0.55546875 0.0765625 0.0953125
5 0.67578125 0.50625 0.109375 0.0890625