4 0.415625 0.325 0.0328125 0.0828125
4 0.3890625 0.27734375 0.0671875 0.05
4 0.33046875 0.30234375 0.0328125 0.0875
10 0.478125 0.3171875 0.0625 0.0828125
10 0.53671875 0.30546875 0.059375 0.0953125
9 0.6234375 0.41875 0.096875 0.1453125
9 0.6203125 0.54296875 0.059375 0.1046875
8 0.52578125 0.39140625 0.0609375 0.053125
8 0.5296875 0.44609375 0.0734375 0.0515625
8 0.528125 0.5078125 0.0734375 0.046875
8 0.52890625 0.57421875 0.0765625 0.05
8 0.40234375 0.43203125 0.0375 0.1
8 0.39609375 0.53046875 0.0421875 0.1046875
8 0.30546875 0.559375 0.0921875 0.0390625
8 0.315625 0.49609375 0.0828125 0.0515625
8 0.32421875 0.4375 0.0796875 0.0484375
8 0.32734375 0.38671875 0.075 0.0421875
5 0.65390625 0.32734375 0.0796875 0.06875
5 0.5796875 0.29609375 0.0375 0.1421875
5 0.45625 0.42578125 0.0515625 0.1109375
5 0.453125 0.52734375 0.053125 0.1078125