9 0.58828125 0.5703125 0.0578125 0.0734375
8 0.68671875 0.6171875 0.05 0.03125
8 0.47734375 0.31640625 0.0234375 0.1171875
9 0.65625 0.47734375 0.0734375 0.115625
8 0.51328125 0.56484375 0.071875 0.0359375
1 0.465625 0.47578125 0.115625 0.0875
4 0.4296875 0.38984375 0.075 0.0375
0 0.34296875 0.6359375 0.1640625 0.1296875
10 0.52578125 0.36640625 0.0625 0.065625
5 0.6671875 0.3234375 0.0625 0.0640625
8 0.57265625 0.46015625 0.0265625 0.1359375
5 0.375 0.4828125 0.04375 0.1015625
5 0.3578125 0.31015625 0.0671875 0.0765625
5 0.54921875 0.3125 0.0734375 0.075