0 0.521875 0.79375 0.1078125 0.40234375
9 0.425 0.228125 0.0953125 0.16484375
9 0.665625 0.73203125 0.11875 0.20625
10 0.5265625 0.08671875 0.04140625 0.11015625
8 0.51015625 0.24453125 0.02109375 0.08671875
8 0.48046875 0.46015625 0.04921875 0.0390625
8 0.35625 0.64453125 0.02734375 0.10234375
8 0.43828125 0.59453125 0.0515625 0.0421875
8 0.64765625 0.45390625 0.05 0.04140625
5 0.49453125 0.37734375 0.0625 0.09375
5 0.32109375 0.36015625 0.06640625 0.08515625
8 0.54375 0.33984375 0.04296875 0.03671875
4 0.5578125 0.20390625 0.0453125 0.0453125
4 0.36171875 0.51328125 0.02734375 0.11015625
9 0.63828125 0.21796875 0.0546875 0.10546875
4 0.40546875 0.51484375 0.025 0.10703125
5 0.65390625 0.56171875 0.0796875 0.0828125
4 0.3859375 0.77890625 0.0875 0.0625
5 0.4078125 0.31640625 0.0296875 0.1265625
2 0.659375 0.3484375 0.046875 0.096875
10 0.56328125 0.43671875 0.03828125 0.140625