5 0.47578125 0.209375 0.0578125 0.14609375
5 0.47421875 0.365625 0.0640625 0.18203125
5 0.84765625 0.58671875 0.1734375 0.1015625
5 0.71484375 0.51328125 0.0578125 0.259375
10 0.515625 0.61953125 0.10703125 0.1359375
10 0.62578125 0.62890625 0.1140625 0.18359375
9 0.71328125 0.18125 0.0921875 0.14296875
9 0.7578125 0.38203125 0.1625 0.2109375
4 0.3828125 0.565625 0.04140625 0.15390625
4 0.3171875 0.71953125 0.16015625 0.09453125
4 0.196875 0.63203125 0.0734375 0.21953125
8 0.38671875 0.21953125 0.0359375 0.1359375
8 0.3921875 0.3640625 0.03203125 0.146875
8 0.28046875 0.1546875 0.1171875 0.05703125
8 0.2671875 0.2421875 0.10859375 0.059375
8 0.25703125 0.328125 0.1140625 0.06640625
8 0.2546875 0.43125 0.153125 0.065625
8 0.5765625 0.17109375 0.10859375 0.0609375
8 0.58046875 0.25703125 0.121875 0.05546875
8 0.59765625 0.33671875 0.11875 0.0734375
8 0.590625 0.43515625 0.1375 0.06796875