9 0.31171875 0.24453125 0.121875 0.1765625
9 0.81015625 0.49765625 0.1171875 0.1703125
5 0.72421875 0.54140625 0.121875 0.1140625
5 0.26015625 0.4734375 0.115625 0.115625
8 0.421875 0.26796875 0.078125 0.21875
8 0.76640625 0.328125 0.0875 0.234375
8 0.48125 0.5609375 0.0953125 0.209375
8 0.5640625 0.57890625 0.084375 0.20625
8 0.69140625 0.67109375 0.13125 0.103125
8 0.334375 0.85546875 0.1234375 0.0859375
8 0.58046875 0.2953125 0.065625 0.2203125
4 0.640625 0.38515625 0.1296875 0.115625
4 0.77265625 0.790625 0.1015625 0.2375
4 0.5015625 0.35703125 0.1203125 0.1203125
4 0.52578125 0.2078125 0.1203125 0.1015625
4 0.66171875 0.22890625 0.1125 0.0890625
2 0.640625 0.85390625 0.109375 0.1921875
10 0.26015625 0.70703125 0.11875 0.1796875
1 0.4625 0.746875 0.2671875 0.2296875