9 0.5140625 0.22890625 0.153125 0.2171875
1 0.6796875 0.471875 0.1671875 0.3359375
8 0.32578125 0.6296875 0.084375 0.0734375
5 0.42734375 0.55078125 0.090625 0.1578125
5 0.53203125 0.728125 0.0984375 0.1515625
8 0.67734375 0.2859375 0.05 0.0953125
8 0.821875 0.60390625 0.0609375 0.1203125
4 0.4484375 0.728125 0.1203125 0.096875
8 0.62890625 0.6234375 0.0609375 0.14375
8 0.3421875 0.759375 0.078125 0.065625
8 0.396875 0.22109375 0.0484375 0.1109375
8 0.2640625 0.3546875 0.06875 0.0640625
2 0.54765625 0.51796875 0.090625 0.1546875
8 0.2703125 0.715625 0.0546875 0.1109375
4 0.375 0.5625 0.0625 0.1328125
10 0.43984375 0.3546875 0.075 0.1046875
8 0.47421875 0.5375 0.0609375 0.14375
9 0.2328125 0.26640625 0.096875 0.1359375
8 0.30703125 0.47421875 0.0609375 0.1359375
5 0.321875 0.1984375 0.1015625 0.19375
10 0.3921875 0.35390625 0.1203125 0.1375