8 0.20390625 0.24609375 0.071875 0.1890625
8 0.2640625 0.1453125 0.1203125 0.1
8 0.28515625 0.3 0.1171875 0.084375
8 0.47265625 0.33671875 0.0609375 0.1921875
8 0.58984375 0.1765625 0.0796875 0.2078125
8 0.77578125 0.103125 0.0875 0.190625
8 0.82109375 0.521875 0.078125 0.203125
8 0.325 0.684375 0.1421875 0.090625
8 0.32890625 0.50625 0.0703125 0.215625
8 0.54609375 0.81328125 0.0828125 0.221875
2 0.5640625 0.35546875 0.115625 0.171875
5 0.46328125 0.0875 0.1203125 0.175
5 0.42265625 0.4 0.096875 0.1546875
5 0.45234375 0.7890625 0.1109375 0.165625
1 0.70546875 0.3 0.165625 0.434375
4 0.36875 0.13828125 0.125 0.125
4 0.36015625 0.3609375 0.0734375 0.225
10 0.4046875 0.609375 0.0625 0.1546875
10 0.5234375 0.53125 0.10625 0.13125
9 0.67265625 0.71015625 0.1953125 0.2703125
9 0.32734375 0.84296875 0.1296875 0.1875