8 0.48828125 0.53671875 0.0375 0.0375
9 0.50625 0.6765625 0.08984375 0.146875
9 0.56796875 0.57109375 0.0453125 0.10234375
8 0.4078125 0.38515625 0.0359375 0.03515625
10 0.43359375 0.44609375 0.0375 0.1109375
4 0.45859375 0.32890625 0.01796875 0.07734375
1 0.509375 0.37421875 0.04765625 0.16796875
8 0.609375 0.75859375 0.0234375 0.0953125
5 0.384375 0.70703125 0.06171875 0.13125
0 0.6046875 0.20546875 0.075 0.2609375
5 0.390625 0.4671875 0.0375 0.0875
8 0.5640625 0.44921875 0.015625 0.07734375
5 0.521875 0.2625 0.04140625 0.059375
5 0.4140625 0.2265625 0.03671875 0.096875