2 0.371875 0.24453125 0.03359375 0.153125
10 0.615625 0.27578125 0.04453125 0.1421875
1 0.48828125 0.27890625 0.13671875 0.11015625
9 0.659375 0.52734375 0.05625 0.11640625
8 0.446875 0.378125 0.01953125 0.09453125
4 0.2890625 0.29609375 0.02578125 0.11015625
8 0.5828125 0.52890625 0.0203125 0.090625
9 0.29296875 0.43671875 0.05703125 0.10546875
8 0.33046875 0.534375 0.0265625 0.09609375
4 0.51484375 0.57421875 0.06953125 0.05390625
4 0.5125 0.490625 0.065625 0.053125
8 0.50078125 0.37890625 0.0203125 0.08984375
4 0.4203125 0.49296875 0.06796875 0.05390625
5 0.6578125 0.3640625 0.05 0.1359375
8 0.46796875 0.53125 0.01953125 0.0828125
5 0.346875 0.36796875 0.0578125 0.13671875
4 0.42265625 0.57890625 0.059375 0.05625
8 0.55234375 0.21640625 0.05 0.03515625