8 0.42578125 0.4484375 0.046875 0.1140625
8 0.46015625 0.56875 0.0421875 0.103125
10 0.56484375 0.75 0.0421875 0.078125
5 0.5359375 0.671875 0.05625 0.090625
10 0.6234375 0.71875 0.0578125 0.11875
5 0.51015625 0.5328125 0.06875 0.11875
8 0.57890625 0.4546875 0.0765625 0.05625
9 0.7015625 0.54453125 0.125 0.1640625
8 0.59296875 0.52734375 0.0828125 0.059375
4 0.4875 0.76875 0.0734375 0.05625
4 0.49375 0.69375 0.0421875 0.0875
4 0.409375 0.73828125 0.0453125 0.096875
8 0.55703125 0.37265625 0.0875 0.0546875
8 0.6046875 0.59140625 0.0796875 0.053125
8 0.325 0.42421875 0.0859375 0.053125
8 0.39375 0.64140625 0.078125 0.05625
8 0.34921875 0.50390625 0.0828125 0.0546875
9 0.66953125 0.38671875 0.0796875 0.1109375
5 0.68203125 0.68828125 0.0578125 0.146875
8 0.36875 0.56796875 0.084375 0.0546875
5 0.75 0.70078125 0.071875 0.1359375