8 0.23984375 0.15390625 0.13125 0.0859375
8 0.2328125 0.240625 0.1359375 0.075
8 0.2375 0.33984375 0.1484375 0.071875
8 0.22421875 0.453125 0.159375 0.078125
8 0.3609375 0.2125 0.0578125 0.1703125
8 0.55 0.1359375 0.1171875 0.0765625
8 0.565625 0.23203125 0.128125 0.0640625
8 0.575 0.31953125 0.1375 0.1
8 0.590625 0.4328125 0.1421875 0.0796875
8 0.3671875 0.3859375 0.05 0.1921875
9 0.690625 0.14296875 0.10625 0.1453125
9 0.74765625 0.34375 0.16875 0.246875
5 0.4390625 0.16796875 0.0890625 0.2140625
5 0.4484375 0.36953125 0.1296875 0.2109375
5 0.8515625 0.50703125 0.0828125 0.2609375
5 0.71328125 0.528125 0.0828125 0.309375
10 0.603125 0.6171875 0.0984375 0.2421875
10 0.48203125 0.61796875 0.0859375 0.2578125
4 0.37578125 0.5921875 0.0703125 0.2
4 0.3171875 0.7515625 0.18125 0.1109375
4 0.17734375 0.6796875 0.0875 0.2546875