10 0.55390625 0.49375 0.0953125 0.1765625
4 0.5390625 0.80078125 0.0703125 0.0703125
8 0.44140625 0.4921875 0.05 0.14375
5 0.4125 0.903125 0.0609375 0.0765625
8 0.58984375 0.27421875 0.0609375 0.178125
2 0.48359375 0.23515625 0.1234375 0.1453125
8 0.3359375 0.54453125 0.078125 0.0671875
4 0.72890625 0.7765625 0.0484375 0.0953125
4 0.29921875 0.4234375 0.0625 0.15
5 0.68671875 0.30078125 0.109375 0.225
9 0.84375 0.30859375 0.221875 0.309375
5 0.46484375 0.5921875 0.0890625 0.1546875
10 0.171875 0.5046875 0.125 0.1328125
9 0.303125 0.70859375 0.1703125 0.246875
8 0.62734375 0.80859375 0.084375 0.06875
5 0.421875 0.8171875 0.1046875 0.2390625
0 0.80859375 0.6390625 0.3828125 0.31875
8 0.621875 0.69140625 0.0453125 0.1109375
8 0.528125 0.63984375 0.05 0.13125
9 0.3375 0.259375 0.1171875 0.1921875
4 0.553125 0.7390625 0.0765625 0.0765625