4 0.34375 0.65625 0.04375 0.1125
4 0.25859375 0.49140625 0.0546875 0.13125
4 0.3453125 0.49296875 0.046875 0.1390625
1 0.559375 0.64609375 0.125 0.303125
4 0.265625 0.6671875 0.0421875 0.1078125
8 0.45234375 0.65546875 0.0671875 0.0671875
8 0.30703125 0.7546875 0.0578125 0.0515625
9 0.30546875 0.8703125 0.075 0.13125
8 0.30234375 0.58359375 0.0671875 0.0578125
8 0.5203125 0.36328125 0.0421875 0.1328125
8 0.465625 0.56484375 0.075 0.05625
5 0.428125 0.4125 0.071875 0.2796875
8 0.59296875 0.7625 0.034375 0.1
9 0.40859375 0.246875 0.09375 0.1734375
2 0.61328125 0.48515625 0.0984375 0.1421875
4 0.5984375 0.21484375 0.1328125 0.096875
5 0.43359375 0.88046875 0.115625 0.125
10 0.5375 0.86171875 0.0859375 0.1265625
8 0.3015625 0.31640625 0.09375 0.075