9 0.75078125 0.47734375 0.14375 0.221875
4 0.33046875 0.3578125 0.1453125 0.0640625
8 0.596875 0.45234375 0.0484375 0.246875
1 0.4109375 0.5046875 0.2 0.1390625
8 0.81953125 0.71640625 0.0875 0.0546875
5 0.184375 0.21796875 0.1328125 0.14375
8 0.509375 0.65 0.1125 0.05
10 0.5 0.30234375 0.103125 0.121875
9 0.6453125 0.64453125 0.0984375 0.1234375
5 0.73984375 0.1890625 0.11875 0.1421875
5 0.25390625 0.51875 0.0828125 0.1890625
8 0.40078125 0.18359375 0.0375 0.18125
5 0.53203125 0.19765625 0.1296875 0.159375
0 0.21171875 0.81171875 0.3203125 0.23125