8 0.4109375 0.7625 0.04375 0.1125
9 0.66484375 0.2375 0.140625 0.19375
8 0.5140625 0.09375 0.1 0.0625
4 0.4125 0.5890625 0.090625 0.0671875
9 0.53203125 0.73046875 0.0734375 0.1140625
9 0.44453125 0.92890625 0.065625 0.1109375
8 0.4609375 0.353125 0.1015625 0.06875
8 0.48984375 0.21640625 0.1015625 0.0671875
8 0.34453125 0.73515625 0.05 0.134375
4 0.4359375 0.47421875 0.096875 0.071875
8 0.42578125 0.52890625 0.09375 0.0546875
10 0.6078125 0.5296875 0.0625 0.1375
8 0.44296875 0.440625 0.096875 0.0546875
10 0.5015625 0.56796875 0.0703125 0.1375