10 0.61796875 0.59296875 0.09921875 0.15390625
8 0.3921875 0.21953125 0.02421875 0.08984375
8 0.28671875 0.171875 0.096875 0.05
9 0.69609375 0.190625 0.06640625 0.12109375
4 0.38125 0.553125 0.03515625 0.13125
8 0.5875 0.43203125 0.103125 0.06015625
8 0.2546875 0.42421875 0.115625 0.059375
5 0.83125 0.57734375 0.15625 0.1109375
10 0.50703125 0.6 0.11640625 0.1359375
4 0.3171875 0.68828125 0.1359375 0.08046875
9 0.74453125 0.37734375 0.13515625 0.2140625
8 0.57109375 0.17578125 0.0859375 0.05703125
5 0.69609375 0.503125 0.05 0.2453125
8 0.3875 0.359375 0.0265625 0.10546875
8 0.2765625 0.24609375 0.06328125 0.0484375
8 0.58515625 0.33125 0.11171875 0.0640625
8 0.584375 0.25859375 0.053125 0.0515625
8 0.27109375 0.32890625 0.1015625 0.05625
4 0.1953125 0.621875 0.0515625 0.175
5 0.4703125 0.20859375 0.046875 0.10859375