9 0.63515625 0.27890625 0.096875 0.1640625
8 0.6265625 0.4015625 0.046875 0.046875
10 0.7390625 0.41953125 0.0734375 0.0890625
8 0.39609375 0.22578125 0.0484375 0.046875
4 0.6578125 0.47578125 0.0234375 0.084375
9 0.64296875 0.596875 0.0625 0.1203125
4 0.3265625 0.259375 0.025 0.0703125
9 0.3078125 0.6 0.1140625 0.1859375
5 0.54140625 0.22265625 0.04375 0.090625
5 0.53203125 0.37734375 0.05 0.109375
8 0.4828125 0.35625 0.0203125 0.0734375
4 0.45625 0.2734375 0.0453125 0.053125
8 0.55703125 0.446875 0.021875 0.090625
8 0.41328125 0.31015625 0.021875 0.0765625
4 0.465625 0.221875 0.0625 0.04375
8 0.48046875 0.603125 0.0375 0.13125
4 0.4109375 0.59296875 0.0546875 0.1375
10 0.484375 0.45 0.0609375 0.1171875
0 0.29453125 0.3703125 0.2484375 0.215625
5 0.54765625 0.15859375 0.0640625 0.1046875
2 0.54765625 0.6203125 0.065625 0.0984375