4 0.37265625 0.2921875 0.04375 0.1265625
4 0.4453125 0.29375 0.0375 0.11875
4 0.44453125 0.45234375 0.0375 0.128125
4 0.3734375 0.44921875 0.0390625 0.1265625
4 0.5984375 0.109375 0.0796875 0.05
8 0.41328125 0.365625 0.06875 0.05625
8 0.5484375 0.42109375 0.0890625 0.078125
8 0.540625 0.3359375 0.0984375 0.06875
8 0.715625 0.54453125 0.04375 0.153125
8 0.4078125 0.55703125 0.09375 0.0625
8 0.4078125 0.1796875 0.096875 0.0625
8 0.56640625 0.1953125 0.025 0.1234375
2 0.64765625 0.1875 0.096875 0.134375
9 0.40390625 0.7015625 0.075 0.1375
9 0.48125 0.1203125 0.05 0.1125
5 0.51875 0.15390625 0.0359375 0.225
5 0.53515625 0.64375 0.059375 0.225
10 0.66171875 0.6421875 0.075 0.19375
1 0.64609375 0.40546875 0.1 0.2796875