8 0.4265625 0.43984375 0.02734375 0.17265625
1 0.49765625 0.23359375 0.22265625 0.13984375
4 0.52421875 0.80078125 0.1 0.0625
8 0.60390625 0.11640625 0.096875 0.05078125
8 0.61953125 0.715625 0.0265625 0.15234375
10 0.69609375 0.20390625 0.065625 0.16171875
4 0.175 0.26015625 0.0375 0.21875
4 0.5203125 0.64921875 0.0890625 0.059375
9 0.728125 0.715625 0.08828125 0.16328125
5 0.2640625 0.49140625 0.0875 0.05859375
8 0.45625 0.7125 0.028125 0.16171875
5 0.7375 0.41640625 0.06875 0.21484375
8 0.275 0.3578125 0.09921875 0.04609375
4 0.3875 0.65 0.09765625 0.05390625
8 0.2578125 0.72109375 0.03046875 0.14296875
2 0.29921875 0.1796875 0.0578125 0.1875
8 0.509375 0.4421875 0.02734375 0.15234375
4 0.390625 0.8046875 0.08671875 0.05703125
9 0.19140625 0.55859375 0.0875 0.1609375