10 0.41875 0.24921875 0.0625 0.1421875
1 0.540625 0.265625 0.1546875 0.13125
4 0.5828125 0.48828125 0.075 0.0625
4 0.475 0.5578125 0.0765625 0.065625
8 0.571875 0.37265625 0.03125 0.09375
9 0.340625 0.490625 0.0703125 0.125
8 0.6640625 0.5453125 0.0390625 0.1015625
8 0.52890625 0.52109375 0.03125 0.084375
9 0.71640625 0.44921875 0.071875 0.1140625
8 0.41796875 0.49921875 0.0328125 0.0921875
4 0.7390625 0.31328125 0.040625 0.10625
4 0.5671875 0.571875 0.06875 0.0671875
2 0.66328125 0.24921875 0.053125 0.1515625
4 0.49296875 0.47421875 0.0734375 0.059375
5 0.3625 0.3328125 0.0703125 0.14375
8 0.51796875 0.3609375 0.0296875 0.0828125
5 0.66640625 0.37421875 0.0796875 0.1359375
8 0.484375 0.20546875 0.040625 0.04375