8 0.39609375 0.19453125 0.05234375 0.040625
9 0.60078125 0.1046875 0.10625 0.1703125
8 0.40390625 0.109375 0.04921875 0.03984375
9 0.34765625 0.7578125 0.0984375 0.1796875
8 0.73671875 0.3828125 0.03046875 0.09921875
9 0.52734375 0.28359375 0.05859375 0.125
5 0.51640625 0.41796875 0.05859375 0.13671875
4 0.3671875 0.49140625 0.1296875 0.06953125
8 0.73125 0.8203125 0.15625 0.07578125
8 0.3296875 0.35703125 0.034375 0.12890625
5 0.5125 0.79375 0.071875 0.18203125
8 0.71875 0.6765625 0.1421875 0.06796875
8 0.70234375 0.55546875 0.1234375 0.065625
8 0.65859375 0.39921875 0.02890625 0.11875
8 0.4265625 0.35 0.03125 0.13515625
5 0.5140625 0.5921875 0.03984375 0.11484375
4 0.70078125 0.153125 0.03359375 0.10078125
4 0.3546875 0.6390625 0.1296875 0.07890625
5 0.5140625 0.11796875 0.0515625 0.1515625
8 0.6890625 0.39921875 0.11015625 0.1390625
4 0.66796875 0.25078125 0.10625 0.06484375
8 0.38359375 0.3546875 0.13359375 0.140625
5 0.515625 0.0671875 0.05546875 0.1265625