10 0.609375 0.30234375 0.08125 0.1015625
10 0.53828125 0.3421875 0.059375 0.09609375
9 0.5734375 0.459375 0.05546875 0.10859375
9 0.5421875 0.6984375 0.0609375 0.121875
9 0.5640625 0.121875 0.07890625 0.1359375
8 0.45078125 0.1015625 0.0859375 0.0609375
8 0.4484375 0.153125 0.08203125 0.071875
8 0.4453125 0.2234375 0.078125 0.0640625
8 0.4078125 0.53828125 0.03671875 0.16796875
8 0.471875 0.53671875 0.02265625 0.1484375
4 0.4421875 0.30625 0.08515625 0.0625
4 0.4453125 0.390625 0.0953125 0.078125