8 0.61171875 0.43984375 0.0671875 0.05
8 0.4671875 0.5890625 0.0546875 0.0421875
5 0.484375 0.4359375 0.053125 0.2765625
8 0.60546875 0.5578125 0.059375 0.0453125
8 0.5984375 0.65859375 0.053125 0.0421875
4 0.640625 0.584375 0.028125 0.0578125
4 0.6484375 0.50546875 0.0359375 0.0828125
4 0.57109375 0.50390625 0.0328125 0.084375
8 0.28515625 0.47734375 0.04375 0.0953125
4 0.5734375 0.6 0.0296875 0.065625
2 0.37890625 0.70625 0.075 0.1296875
9 0.53828125 0.71015625 0.04375 0.103125
8 0.45390625 0.5375 0.0359375 0.04375
5 0.5125 0.728125 0.034375 0.1609375
9 0.61484375 0.353125 0.1078125 0.15
10 0.3375 0.446875 0.0765625 0.2234375
1 0.3671875 0.56015625 0.11875 0.1984375
8 0.4515625 0.67109375 0.0328125 0.075
4 0.42578125 0.72109375 0.0578125 0.053125