8 0.284375 0.16640625 0.115625 0.06640625
8 0.2703125 0.23828125 0.1140625 0.0625
8 0.2609375 0.328125 0.11953125 0.065625
8 0.24765625 0.42578125 0.1296875 0.05703125
8 0.5765625 0.17109375 0.1046875 0.053125
8 0.5828125 0.25703125 0.12265625 0.05
8 0.596875 0.334375 0.11875 0.0734375
8 0.596875 0.44140625 0.1203125 0.05859375
8 0.39453125 0.221875 0.0359375 0.1234375
8 0.38984375 0.3578125 0.0421875 0.109375
9 0.70625 0.18203125 0.084375 0.11640625
9 0.75625 0.371875 0.16171875 0.23359375
5 0.4703125 0.2125 0.06484375 0.1390625
5 0.47109375 0.36953125 0.0671875 0.171875
5 0.71640625 0.51796875 0.05625 0.278125
5 0.8453125 0.58515625 0.171875 0.11796875
10 0.625 0.6140625 0.10390625 0.1390625
10 0.51875 0.625 0.10390625 0.1609375
4 0.384375 0.56796875 0.03671875 0.153125
4 0.3140625 0.71875 0.15078125 0.09609375
4 0.18671875 0.62734375 0.0609375 0.20390625