8 0.55234375 0.7078125 0.046875 0.0421875
9 0.48671875 0.75703125 0.0515625 0.0921875
5 0.63984375 0.64609375 0.0515625 0.0859375
8 0.6234375 0.546875 0.090625 0.0515625
4 0.5515625 0.48046875 0.04375 0.1296875
9 0.5578125 0.83046875 0.09375 0.1390625
8 0.4875 0.87109375 0.025 0.0609375
10 0.59609375 0.6203125 0.0453125 0.0828125
0 0.34296875 0.41953125 0.1546875 0.3046875
8 0.4625 0.6390625 0.034375 0.0921875
1 0.50390625 0.5609375 0.10625 0.221875
5 0.6546875 0.809375 0.0609375 0.1015625
5 0.5921875 0.3296875 0.0859375 0.1390625
5 0.46953125 0.41484375 0.090625 0.1046875