1 0.51484375 0.203125 0.20078125 0.14375
8 0.25625 0.53828125 0.0453125 0.13515625
4 0.40390625 0.47890625 0.11328125 0.075
5 0.29765625 0.28984375 0.09375 0.2328125
4 0.21875 0.23671875 0.04609375 0.14140625
4 0.4015625 0.603125 0.11328125 0.09140625
4 0.5609375 0.5890625 0.1109375 0.0796875
2 0.34140625 0.14609375 0.04921875 0.19453125
8 0.45 0.33671875 0.028125 0.13046875
9 0.79765625 0.52421875 0.1 0.1859375
8 0.53203125 0.3296875 0.0265625 0.10625
8 0.66640625 0.5359375 0.0375 0.1265625
4 0.55 0.47578125 0.10390625 0.0703125
9 0.20390625 0.39140625 0.09765625 0.171875
8 0.48125 0.534375 0.03046875 0.12578125
5 0.77421875 0.28359375 0.09296875 0.2328125
10 0.7046875 0.18125 0.06640625 0.16171875
8 0.62109375 0.153125 0.03125 0.0484375