8 0.45625 0.62578125 0.0328125 0.08125
1 0.375 0.35859375 0.0875 0.209375
8 0.30546875 0.46796875 0.03125 0.0734375
8 0.34453125 0.25625 0.0296875 0.065625
8 0.65078125 0.34453125 0.0296875 0.0671875
8 0.58515625 0.4703125 0.03125 0.071875
8 0.5046875 0.3828125 0.03125 0.075
8 0.44453125 0.30390625 0.028125 0.0703125
9 0.3859375 0.55859375 0.1109375 0.1578125
8 0.62265625 0.3046875 0.0484375 0.046875
10 0.5484375 0.4828125 0.0390625 0.08125
4 0.5609375 0.29453125 0.059375 0.053125
9 0.58828125 0.63359375 0.0625 0.096875
8 0.5859375 0.56171875 0.0453125 0.0484375
10 0.48515625 0.44296875 0.046875 0.075
4 0.565625 0.4015625 0.0375 0.0875
2 0.4625 0.371875 0.05625 0.1125
8 0.61015625 0.371875 0.046875 0.0421875
5 0.5171875 0.25390625 0.0515625 0.0921875
5 0.54140625 0.37578125 0.0359375 0.0703125
5 0.52109375 0.56953125 0.059375 0.103125