5 0.4734375 0.37578125 0.071875 0.0984375
8 0.44140625 0.59921875 0.0578125 0.0453125
9 0.6015625 0.20234375 0.065625 0.1109375
8 0.5203125 0.334375 0.0515625 0.04375
8 0.47734375 0.24140625 0.03125 0.0890625
5 0.30234375 0.378125 0.0765625 0.0921875
8 0.47109375 0.4609375 0.053125 0.04375
9 0.390625 0.2359375 0.1109375 0.16875
9 0.68359375 0.7109375 0.140625 0.2125
4 0.52265625 0.196875 0.0453125 0.046875
8 0.365625 0.65703125 0.0390625 0.10625
0 0.54453125 0.78828125 0.15 0.4125
8 0.63515625 0.4359375 0.05625 0.0484375
10 0.553125 0.42578125 0.0515625 0.1421875
4 0.40078125 0.52109375 0.0375 0.115625
5 0.65546875 0.54921875 0.090625 0.0921875
4 0.41015625 0.78671875 0.0796875 0.059375
5 0.38203125 0.32421875 0.04375 0.134375
4 0.35859375 0.5296875 0.0390625 0.1171875
2 0.6375 0.3328125 0.05625 0.1109375