9 0.2515625 0.509375 0.1421875 0.2265625
5 0.2515625 0.8 0.1125 0.1296875
8 0.409375 0.5453125 0.0640625 0.25
8 0.49765625 0.34609375 0.1234375 0.0734375
8 0.5890625 0.803125 0.053125 0.2296875
8 0.1890625 0.25234375 0.1265625 0.0734375
5 0.459375 0.8171875 0.1234375 0.128125
5 0.8125 0.79375 0.1453125 0.1484375
10 0.49921875 0.6953125 0.103125 0.1078125
4 0.66640625 0.64140625 0.1578125 0.059375
1 0.584375 0.50078125 0.221875 0.1328125
5 0.75859375 0.484375 0.078125 0.19375
0 0.80859375 0.203125 0.3359375 0.28125