9 0.68671875 0.4640625 0.0875 0.134375
5 0.69140625 0.28125 0.0359375 0.0890625
8 0.7078125 0.61953125 0.059375 0.0390625
8 0.503125 0.26484375 0.0296875 0.121875
1 0.4765625 0.44765625 0.1296875 0.096875
10 0.5703125 0.33828125 0.034375 0.0671875
8 0.596875 0.41796875 0.028125 0.1140625
5 0.3953125 0.234375 0.0359375 0.090625
9 0.60546875 0.55625 0.0625 0.0796875
5 0.6125 0.24921875 0.0484375 0.103125
8 0.51953125 0.553125 0.0921875 0.0734375
5 0.37734375 0.384375 0.046875 0.0796875
4 0.44296875 0.353125 0.090625 0.0515625
0 0.4109375 0.628125 0.115625 0.1859375