5 0.3703125 0.60625 0.0421875 0.0921875
9 0.4921875 0.8125 0.0734375 0.1296875
9 0.54765625 0.70390625 0.0421875 0.090625
8 0.475 0.6671875 0.084375 0.0359375
0 0.6078125 0.25390625 0.096875 0.309375
8 0.575 0.846875 0.0171875 0.0703125
1 0.48671875 0.478125 0.071875 0.2234375
8 0.371875 0.48984375 0.0921875 0.0375
8 0.54609375 0.56171875 0.021875 0.109375
5 0.35234375 0.23515625 0.05625 0.15
5 0.48671875 0.3015625 0.078125 0.084375
4 0.425 0.39765625 0.0265625 0.1546875
5 0.3890625 0.81484375 0.05 0.10625
10 0.409375 0.57265625 0.0328125 0.0828125