8 0.27578125 0.58125 0.04765625 0.0296875
9 0.384375 0.5296875 0.04609375 0.07578125
8 0.409375 0.403125 0.0171875 0.13125
5 0.33125 0.25234375 0.02734375 0.0859375
8 0.51640625 0.2546875 0.0171875 0.12734375
5 0.41171875 0.240625 0.0203125 0.1234375
9 0.31640625 0.43203125 0.07265625 0.1234375
4 0.565625 0.35234375 0.07734375 0.0328125
0 0.575 0.63046875 0.08125 0.15234375
5 0.6265625 0.23828125 0.025 0.08671875
5 0.62265625 0.38125 0.0390625 0.06796875
8 0.4703125 0.53203125 0.0703125 0.03125
1 0.5203125 0.43515625 0.1203125 0.0953125
10 0.4453125 0.3171875 0.03671875 0.10390625