4 0.48671875 0.31796875 0.0328125 0.13125
9 0.74609375 0.46640625 0.1296875 0.1890625
9 0.34921875 0.20078125 0.065625 0.1203125
9 0.590625 0.35390625 0.065625 0.1140625
8 0.56953125 0.25546875 0.053125 0.05
5 0.40234375 0.3234375 0.040625 0.090625
8 0.7578125 0.21640625 0.028125 0.075
5 0.70703125 0.32109375 0.065625 0.1328125
8 0.68125 0.21328125 0.028125 0.078125
8 0.303125 0.3015625 0.0609375 0.1234375
8 0.403125 0.5234375 0.0296875 0.1
8 0.578125 0.16328125 0.05 0.046875
5 0.76953125 0.32734375 0.05 0.11875
8 0.27421875 0.5125 0.034375 0.0953125
4 0.615625 0.55078125 0.0421875 0.1515625
4 0.40390625 0.20546875 0.0328125 0.1125
4 0.715625 0.60859375 0.078125 0.0578125
8 0.51015625 0.49921875 0.1 0.0609375
8 0.509375 0.59609375 0.0609375 0.0484375
4 0.47890625 0.21015625 0.03125 0.109375
8 0.3390625 0.528125 0.040625 0.1453125