0 0.44453125 0.815625 0.0859375 0.3046875
10 0.4796875 0.63671875 0.034375 0.1203125
9 0.36015625 0.446875 0.1078125 0.18125
9 0.55625 0.44453125 0.071875 0.1296875
9 0.534375 0.76015625 0.084375 0.1359375
4 0.359375 0.76875 0.0578125 0.0578125
4 0.4859375 0.4234375 0.065625 0.0640625
4 0.33125 0.63984375 0.028125 0.096875
8 0.33515625 0.7078125 0.025 0.0625
8 0.5453125 0.61484375 0.0671875 0.05
8 0.46484375 0.52578125 0.0671875 0.0609375
8 0.440625 0.44375 0.028125 0.090625
8 0.3875 0.68671875 0.046875 0.046875
8 0.4171875 0.61171875 0.06875 0.05
2 0.5625 0.54921875 0.053125 0.0953125
5 0.41796875 0.5671875 0.0796875 0.08125
5 0.540625 0.671875 0.0703125 0.0734375
5 0.35703125 0.60390625 0.0359375 0.1453125
5 0.28984375 0.56484375 0.0875 0.0984375
10 0.453125 0.31171875 0.0578125 0.1453125