5 0.63359375 0.6375 0.059375 0.08125
8 0.5578125 0.54609375 0.0328125 0.096875
1 0.53828125 0.434375 0.1484375 0.1328125
2 0.6625 0.4359375 0.0578125 0.1296875
4 0.540625 0.7234375 0.0453125 0.040625
9 0.35546875 0.65859375 0.0546875 0.0859375
8 0.4203125 0.66328125 0.028125 0.071875
8 0.47890625 0.35390625 0.05625 0.0484375
5 0.36484375 0.57109375 0.0625 0.103125
8 0.61796875 0.70703125 0.028125 0.0640625
4 0.55703125 0.65390625 0.0578125 0.040625
8 0.5109375 0.53046875 0.03125 0.0859375
4 0.46328125 0.71015625 0.053125 0.05
8 0.5109375 0.6828125 0.025 0.0609375
8 0.653125 0.53671875 0.0578125 0.0515625
4 0.72421875 0.484375 0.04375 0.121875
9 0.67734375 0.63828125 0.05625 0.0921875
4 0.48046875 0.6359375 0.05625 0.05
10 0.409375 0.4390625 0.046875 0.075