10 0.4703125 0.48984375 0.075 0.1125
10 0.40546875 0.48515625 0.071875 0.1125
4 0.58984375 0.521875 0.096875 0.0703125
4 0.540625 0.45390625 0.040625 0.103125
4 0.64921875 0.46875 0.05 0.0953125
5 0.27265625 0.4921875 0.1125 0.0890625
5 0.35546875 0.43359375 0.0546875 0.1828125
5 0.46015625 0.2625 0.0609375 0.096875
5 0.475 0.35625 0.06875 0.1125
9 0.30390625 0.375 0.1046875 0.15
9 0.3046875 0.25390625 0.0640625 0.1
8 0.384375 0.24375 0.0765625 0.0515625
8 0.38828125 0.29375 0.0796875 0.05625
8 0.3953125 0.340625 0.0796875 0.05
8 0.40390625 0.39921875 0.0859375 0.05625
8 0.50625 0.2671875 0.0390625 0.0828125
8 0.521875 0.3515625 0.034375 0.0875
8 0.56796875 0.2296875 0.0765625 0.0453125
8 0.58125 0.275 0.0765625 0.0453125
8 0.59140625 0.321875 0.075 0.0515625
8 0.60546875 0.3796875 0.0765625 0.0625