5 0.265625 0.65078125 0.109375 0.190625
9 0.7375 0.48125 0.1390625 0.19375
10 0.55546875 0.61640625 0.11875 0.2125
4 0.29453125 0.50625 0.0609375 0.0984375
5 0.63671875 0.6515625 0.1171875 0.246875
8 0.6421875 0.440625 0.06875 0.1390625
8 0.30078125 0.36015625 0.08125 0.16875
8 0.35 0.32265625 0.103125 0.08125
8 0.3953125 0.38984375 0.078125 0.1796875
8 0.52578125 0.45703125 0.0859375 0.0671875
5 0.43046875 0.6140625 0.1 0.23125
4 0.43046875 0.4875 0.090625 0.09375
8 0.40078125 0.578125 0.1125 0.0875
10 0.4921875 0.671875 0.090625 0.18125