9 0.5515625 0.29375 0.07890625 0.14609375
8 0.69375 0.6265625 0.0203125 0.08203125
10 0.40546875 0.3484375 0.02734375 0.11328125
8 0.34921875 0.34296875 0.04296875 0.04921875
8 0.35390625 0.66484375 0.04375 0.0359375
8 0.365625 0.43515625 0.01875 0.0859375
8 0.565625 0.603125 0.0203125 0.0984375
8 0.47265625 0.5203125 0.02109375 0.10703125
8 0.65625 0.365625 0.02109375 0.07109375
1 0.621875 0.51484375 0.06796875 0.25234375
8 0.35546875 0.56484375 0.04375 0.0484375
9 0.33828125 0.259375 0.04609375 0.0875
8 0.309375 0.61953125 0.01796875 0.07734375
8 0.4671875 0.2453125 0.01640625 0.071875
8 0.43359375 0.4578125 0.025 0.0625
4 0.4015625 0.52890625 0.01953125 0.09453125
5 0.49375 0.63359375 0.0578125 0.12109375
4 0.428125 0.659375 0.06796875 0.05859375
10 0.484375 0.37890625 0.05078125 0.08046875
5 0.415625 0.25546875 0.0515625 0.10390625
2 0.525 0.47421875 0.05546875 0.0765625