8 0.246875 0.7890625 0.06953125 0.24140625
8 0.3421875 0.78359375 0.0578125 0.2390625
8 0.43046875 0.784375 0.0515625 0.24296875
8 0.525 0.7859375 0.03828125 0.246875
8 0.3265625 0.56640625 0.1375 0.08046875
8 0.46953125 0.56484375 0.1453125 0.0765625
8 0.296875 0.30390625 0.03828125 0.15546875
8 0.3703125 0.30390625 0.03671875 0.15
8 0.4421875 0.303125 0.040625 0.15
8 0.5171875 0.30625 0.05234375 0.1515625
5 0.5984375 0.1546875 0.059375 0.18203125
10 0.63984375 0.2609375 0.071875 0.13359375
10 0.640625 0.38671875 0.08359375 0.159375
4 0.6140625 0.55546875 0.11171875 0.0859375
4 0.71875 0.6453125 0.06796875 0.19296875
4 0.6859375 0.8140625 0.16640625 0.09140625
9 0.334375 0.14140625 0.075 0.1359375
9 0.47734375 0.12421875 0.121875 0.20703125
5 0.33828125 0.4359375 0.1359375 0.121875
5 0.47421875 0.43671875 0.1296875 0.1234375