1 0.53046875 0.5734375 0.13203125 0.1140625
5 0.6578125 0.390625 0.046875 0.07421875
4 0.58515625 0.3625 0.05078125 0.03203125
2 0.65234375 0.590625 0.0375 0.1234375
9 0.3875 0.32421875 0.040625 0.08359375
4 0.58125 0.29140625 0.04140625 0.034375
8 0.56796875 0.471875 0.01640625 0.09453125
4 0.503125 0.28984375 0.04609375 0.0359375
8 0.45234375 0.32890625 0.01484375 0.06953125
8 0.65546875 0.49453125 0.05625 0.04296875
4 0.7203125 0.5578125 0.0234375 0.11171875
8 0.5453125 0.32734375 0.01484375 0.065625
8 0.45859375 0.6421875 0.05625 0.0453125
4 0.50859375 0.36484375 0.05 0.03515625
8 0.51875 0.4734375 0.015625 0.08203125
8 0.6546875 0.32109375 0.01796875 0.06015625
9 0.70234375 0.39765625 0.04140625 0.08671875
5 0.38125 0.40546875 0.04609375 0.090625
10 0.4046875 0.546875 0.0421875 0.06796875