5 0.596875 0.5375 0.05625 0.0828125
8 0.44765625 0.47265625 0.0375 0.1109375
8 0.49296875 0.48359375 0.0359375 0.1109375
8 0.3984375 0.45625 0.0390625 0.096875
8 0.509375 0.18828125 0.028125 0.0828125
9 0.37734375 0.6046875 0.0671875 0.1125
10 0.6546875 0.353125 0.04375 0.075
4 0.63203125 0.30859375 0.0625 0.053125
4 0.67578125 0.184375 0.071875 0.0609375
5 0.57421875 0.33359375 0.0421875 0.14375
9 0.4875 0.6359375 0.115625 0.1703125
4 0.69609375 0.2734375 0.034375 0.09375
8 0.53671875 0.2921875 0.0765625 0.0453125
8 0.54453125 0.490625 0.0359375 0.1140625
5 0.48671875 0.321875 0.046875 0.125
8 0.553125 0.190625 0.028125 0.078125
8 0.4671875 0.27890625 0.040625 0.04375
8 0.60078125 0.19140625 0.025 0.0640625
8 0.46640625 0.1765625 0.0265625 0.06875
10 0.63671875 0.459375 0.0453125 0.0734375
5 0.590625 0.646875 0.05 0.0671875