9 0.19765625 0.62421875 0.1921875 0.2828125
10 0.46875 0.4296875 0.075 0.1765625
5 0.365625 0.61953125 0.078125 0.21015625
9 0.67109375 0.23984375 0.13671875 0.2109375
8 0.67109375 0.38046875 0.0671875 0.05546875
8 0.36171875 0.278125 0.02734375 0.09453125
8 0.57890625 0.44453125 0.03203125 0.13046875
10 0.83125 0.396875 0.11328125 0.115625
4 0.42578125 0.18046875 0.05234375 0.05078125
2 0.58125 0.6609375 0.1078125 0.1375
8 0.3359375 0.18125 0.059375 0.05
4 0.42265625 0.2296875 0.06015625 0.06328125
4 0.72578125 0.46640625 0.034375 0.10546875
8 0.46640625 0.621875 0.03046875 0.12734375
9 0.7234375 0.6125 0.1 0.190625
5 0.53515625 0.35625 0.06328125 0.1375
5 0.540625 0.16796875 0.0671875 0.1890625
0 0.1859375 0.31796875 0.3453125 0.31953125
8 0.465625 0.3171875 0.028125 0.0765625