9 0.36796875 0.4484375 0.0984375 0.1625
1 0.60546875 0.51640625 0.2203125 0.1796875
8 0.64375 0.7828125 0.0734375 0.23125
9 0.25625 0.55546875 0.175 0.2515625
4 0.70234375 0.6328125 0.1578125 0.0953125
8 0.41875 0.59140625 0.0546875 0.1796875
5 0.5171875 0.7875 0.1078125 0.14375
8 0.21171875 0.42109375 0.0828125 0.06875
8 0.50078125 0.44296875 0.109375 0.065625
0 0.74765625 0.26640625 0.3015625 0.26875
5 0.75390625 0.4875 0.1046875 0.1640625
5 0.23984375 0.82265625 0.1546875 0.159375
10 0.52421875 0.678125 0.134375 0.1203125
5 0.9 0.73046875 0.2 0.2140625