8 0.61796875 0.35078125 0.01484375 0.05625
8 0.3421875 0.50234375 0.015625 0.0609375
8 0.43125 0.35234375 0.01328125 0.05
8 0.3375 0.33203125 0.01484375 0.05
1 0.38203125 0.40390625 0.040625 0.16171875
8 0.5859375 0.32421875 0.0296875 0.03515625
8 0.5859375 0.4578125 0.015625 0.059375
8 0.5046875 0.6015625 0.01640625 0.06328125
8 0.6046875 0.52734375 0.03359375 0.03671875
8 0.4984375 0.39140625 0.01640625 0.0390625
9 0.61796875 0.58046875 0.0421875 0.0953125
10 0.5203125 0.509375 0.06484375 0.06015625
8 0.590625 0.37578125 0.0296875 0.0328125
9 0.43125 0.56015625 0.0703125 0.12265625
4 0.5328125 0.32734375 0.04453125 0.0375
4 0.55546875 0.4046875 0.01875 0.06796875
5 0.48828125 0.28984375 0.03359375 0.1109375
10 0.49375 0.43671875 0.0265625 0.06171875
2 0.459375 0.3953125 0.03203125 0.08203125
5 0.5265625 0.3921875 0.03046875 0.08203125
5 0.5515625 0.596875 0.046875 0.09453125