9 0.40078125 0.64765625 0.0671875 0.1265625
4 0.49140625 0.38359375 0.0265625 0.13828125
10 0.53515625 0.58515625 0.0578125 0.10546875
8 0.353125 0.44140625 0.1140625 0.05078125
4 0.575 0.378125 0.02734375 0.1390625
9 0.78359375 0.63125 0.11875 0.18515625
9 0.20078125 0.571875 0.0765625 0.1328125
8 0.35703125 0.32109375 0.1125 0.04765625
8 0.80625 0.37421875 0.03203125 0.13828125
10 0.5890625 0.7625 0.06171875 0.17421875
8 0.740625 0.378125 0.02734375 0.13671875
8 0.653125 0.38125 0.028125 0.14453125