5 0.715625 0.5234375 0.071875 0.0875
10 0.47578125 0.425 0.0296875 0.08515625
4 0.61640625 0.21796875 0.0515625 0.040625
8 0.5515625 0.44921875 0.04375 0.0375
8 0.65078125 0.3 0.01796875 0.07421875
9 0.38828125 0.69375 0.05625 0.1140625
9 0.40703125 0.24296875 0.08515625 0.13984375
8 0.58515625 0.340625 0.040625 0.0359375
8 0.40234375 0.4578125 0.0453125 0.040625
5 0.540625 0.525 0.0609375 0.0921875
5 0.40546875 0.3703125 0.0671875 0.07421875
9 0.6203125 0.69296875 0.10546875 0.1734375
5 0.62265625 0.4890625 0.02109375 0.11796875
4 0.4703125 0.73828125 0.0515625 0.04453125
4 0.65546875 0.4046875 0.02578125 0.0859375
8 0.49453125 0.56953125 0.04921875 0.0421875
8 0.525 0.68046875 0.0203125 0.0984375
10 0.5015625 0.896875 0.059375 0.1265625
4 0.6171875 0.3984375 0.02578125 0.075
0 0.51640625 0.1859375 0.07421875 0.35625
2 0.38046875 0.565625 0.0453125 0.0890625