5 0.65859375 0.83359375 0.121875 0.1203125
5 0.475 0.81015625 0.1296875 0.0984375
5 0.1796875 0.73203125 0.14375 0.115625
8 0.8546875 0.5234375 0.146875 0.10625
8 0.5578125 0.65 0.0859375 0.16875
8 0.4984375 0.509375 0.15 0.096875
8 0.3734375 0.75625 0.05625 0.125
10 0.45703125 0.74375 0.1140625 0.1265625
4 0.3078125 0.67109375 0.153125 0.0921875
9 0.71484375 0.690625 0.1640625 0.2078125
5 0.24453125 0.5609375 0.0984375 0.1234375
1 0.390625 0.5953125 0.23125 0.1953125
0 0.19375 0.3875 0.3875 0.403125
9 0.63515625 0.55234375 0.1203125 0.1609375