8 0.71796875 0.403125 0.05 0.0328125
9 0.61328125 0.4625 0.0515625 0.078125
8 0.596875 0.590625 0.0265625 0.1328125
5 0.6859375 0.73515625 0.0328125 0.0875
8 0.50078125 0.74609375 0.0265625 0.128125
5 0.60625 0.75234375 0.028125 0.125
9 0.6875 0.5546875 0.08125 0.128125
4 0.44453125 0.6515625 0.0796875 0.0375
0 0.41640625 0.375 0.0921875 0.1578125
5 0.3921875 0.76953125 0.03125 0.0875
5 0.3859375 0.62734375 0.04375 0.0703125
8 0.52734375 0.465625 0.071875 0.0359375
1 0.484375 0.56640625 0.1265625 0.103125
10 0.5671875 0.67890625 0.04375 0.10625