8 0.6984375 0.22421875 0.025 0.071875
9 0.47578125 0.328125 0.0578125 0.0984375
8 0.51953125 0.2 0.0375 0.0359375
5 0.32578125 0.328125 0.0359375 0.1078125
8 0.60390625 0.23203125 0.0203125 0.0640625
9 0.73125 0.43359375 0.0625 0.1125
4 0.6015625 0.4609375 0.03125 0.10625
8 0.509375 0.50546875 0.0515625 0.0453125
8 0.528125 0.24921875 0.0390625 0.0375
8 0.50703125 0.41796875 0.05 0.046875
8 0.728125 0.3078125 0.0578125 0.115625
4 0.678125 0.46328125 0.0359375 0.109375
5 0.3765625 0.321875 0.0515625 0.1140625
8 0.32578125 0.47109375 0.0359375 0.103125
5 0.64140625 0.3296875 0.0359375 0.075
4 0.44609375 0.2375 0.028125 0.0875
8 0.3984375 0.46171875 0.0265625 0.075
8 0.65 0.23046875 0.0234375 0.071875
9 0.3546875 0.27265625 0.0984375 0.159375
5 0.56796875 0.31796875 0.0515625 0.1265625
4 0.38125 0.2046875 0.05 0.05