9 0.6453125 0.52578125 0.0984375 0.15
5 0.678125 0.41171875 0.0390625 0.0703125
9 0.53984375 0.409375 0.0609375 0.0859375
5 0.45625 0.3796875 0.028125 0.0671875
5 0.63359375 0.4 0.0515625 0.071875
9 0.3453125 0.2140625 0.053125 0.0828125
8 0.3328125 0.54609375 0.0375 0.1296875
4 0.59921875 0.64453125 0.0625 0.0421875
8 0.38046875 0.553125 0.0359375 0.1296875
8 0.4625 0.53828125 0.071875 0.0375
8 0.5375 0.2890625 0.075 0.04375
8 0.44765625 0.62265625 0.0671875 0.0359375
4 0.396875 0.21875 0.0359375 0.1234375
8 0.70078125 0.26171875 0.034375 0.1078125
8 0.28515625 0.53984375 0.0359375 0.1265625
8 0.63359375 0.259375 0.034375 0.1078125
5 0.303125 0.35390625 0.0546875 0.06875
4 0.54296875 0.56796875 0.0359375 0.1140625
8 0.5515625 0.17421875 0.0796875 0.046875
4 0.465625 0.2046875 0.0328125 0.1
5 0.38984375 0.3671875 0.0484375 0.0609375