9 0.73203125 0.60078125 0.1 0.16796875
9 0.21875 0.4609375 0.08984375 0.1609375
2 0.3359375 0.17421875 0.078125 0.1984375
1 0.4921875 0.22734375 0.20234375 0.1734375
10 0.6796875 0.21015625 0.08515625 0.134375
8 0.5203125 0.38359375 0.05859375 0.14140625
8 0.440625 0.38359375 0.04296875 0.15546875
8 0.625 0.61484375 0.03984375 0.190625
8 0.465625 0.615625 0.03984375 0.20390625
8 0.275 0.6203125 0.0609375 0.17890625
4 0.2234375 0.2703125 0.05546875 0.18203125
4 0.53125 0.5359375 0.109375 0.06640625
4 0.5328125 0.675 0.11015625 0.06953125
4 0.39140625 0.55 0.1078125 0.08046875
4 0.39375 0.6734375 0.10703125 0.071875
5 0.29921875 0.38359375 0.084375 0.20859375
5 0.72734375 0.36953125 0.103125 0.19453125