8 0.578125 0.3328125 0.03828125 0.03359375
8 0.49609375 0.53203125 0.04453125 0.03671875
8 0.54453125 0.43046875 0.04453125 0.03515625
8 0.415625 0.43515625 0.04296875 0.03828125
9 0.4171875 0.2453125 0.07734375 0.13046875
4 0.6046875 0.390625 0.02265625 0.06953125
9 0.6078125 0.64375 0.0921875 0.15625
9 0.403125 0.64375 0.05078125 0.10078125
8 0.63515625 0.29921875 0.01640625 0.06953125
4 0.60546875 0.2234375 0.03828125 0.0390625
5 0.53671875 0.496875 0.05546875 0.08515625
8 0.52421875 0.63046875 0.01796875 0.090625
10 0.48046875 0.40625 0.02734375 0.07734375
4 0.63828125 0.396875 0.02109375 0.07734375
0 0.5125 0.18984375 0.06953125 0.32109375
4 0.48046875 0.675 0.06171875 0.04296875
5 0.61015625 0.46640625 0.01953125 0.10546875
2 0.4 0.53046875 0.03515625 0.08359375
10 0.51015625 0.796875 0.0421875 0.11640625
5 0.68125 0.509375 0.08515625 0.0984375
5 0.41484375 0.35390625 0.0546875 0.0640625