9 0.45546875 0.85625 0.1015625 0.159375
5 0.6171875 0.65859375 0.0578125 0.1078125
9 0.39921875 0.7296875 0.059375 0.11875
8 0.4921875 0.69921875 0.0484375 0.05
0 0.3515625 0.21484375 0.178125 0.4046875
8 0.3609375 0.8734375 0.0265625 0.084375
1 0.4890625 0.49765625 0.109375 0.2734375
5 0.68046875 0.2265625 0.090625 0.178125
10 0.57578125 0.60859375 0.0484375 0.1015625
8 0.63125 0.5265625 0.1125 0.053125
5 0.50546875 0.2890625 0.1078125 0.1234375
5 0.578125 0.875 0.071875 0.1265625
4 0.57421875 0.4078125 0.046875 0.18125
8 0.4140625 0.58828125 0.03125 0.10625