9 0.4 0.48125 0.0984375 0.1421875
9 0.28359375 0.5921875 0.1390625 0.1515625
8 0.5453125 0.7734375 0.0390625 0.115625
5 0.39609375 0.8046875 0.0578125 0.215625
8 0.24140625 0.38671875 0.0953125 0.06875
8 0.42265625 0.5984375 0.046875 0.1484375
5 0.2953125 0.77265625 0.0609375 0.1875
8 0.525 0.5015625 0.1171875 0.075
0 0.69765625 0.63515625 0.2125 0.4375
10 0.44921875 0.740625 0.05625 0.15625
5 0.67578125 0.89921875 0.059375 0.1234375
1 0.59609375 0.625 0.215625 0.1546875
4 0.61328125 0.7125 0.0859375 0.0578125