5 0.671875 0.090625 0.075 0.1359375
5 0.6359375 0.20859375 0.1 0.165625
5 0.528125 0.41796875 0.0765625 0.196875
5 0.3984375 0.38984375 0.096875 0.2375
8 0.33359375 0.2984375 0.0671875 0.1515625
8 0.46953125 0.321875 0.0640625 0.1390625
8 0.534375 0.32109375 0.04375 0.103125
8 0.44296875 0.56484375 0.14375 0.1015625
8 0.31328125 0.53671875 0.140625 0.096875
8 0.209375 0.71796875 0.090625 0.2375
8 0.2875 0.73671875 0.0921875 0.2421875
8 0.365625 0.75234375 0.0859375 0.234375
8 0.45390625 0.76875 0.090625 0.24375
4 0.57421875 0.58828125 0.11875 0.1046875
4 0.6484375 0.68125 0.0953125 0.203125
4 0.5859375 0.82578125 0.153125 0.1125
10 0.6546875 0.33203125 0.103125 0.1484375
10 0.6328125 0.45 0.1140625 0.1578125
9 0.53515625 0.16328125 0.1765625 0.2125
9 0.403125 0.14375 0.0890625 0.1296875