9 0.3640625 0.29765625 0.0875 0.15390625
1 0.49765625 0.2015625 0.12578125 0.11015625
8 0.45234375 0.6171875 0.05 0.03515625
8 0.328125 0.43828125 0.0453125 0.03671875
8 0.41328125 0.140625 0.0375 0.03671875
4 0.50859375 0.55 0.05234375 0.053125
4 0.590625 0.49609375 0.0234375 0.075
5 0.34765625 0.4953125 0.0453125 0.09921875
8 0.553125 0.2875 0.040625 0.03359375
5 0.5875 0.36875 0.03828125 0.10546875
8 0.5640625 0.109375 0.0375 0.03359375
8 0.38984375 0.64921875 0.01875 0.128125
8 0.5984375 0.61484375 0.0203125 0.08203125
5 0.490625 0.45078125 0.03046875 0.0734375
9 0.33046875 0.6625 0.05078125 0.096875
8 0.540625 0.63203125 0.02265625 0.1
10 0.43515625 0.396875 0.0296875 0.10703125
8 0.5734375 0.7015625 0.0453125 0.0375
10 0.40546875 0.5046875 0.034375 0.071875
2 0.49140625 0.32890625 0.05546875 0.1
8 0.51015625 0.4265625 0.06875 0.04296875