5 0.66484375 0.39296875 0.0671875 0.2421875
9 0.7203125 0.5796875 0.0984375 0.1703125
10 0.578125 0.403125 0.071875 0.2046875
4 0.2984375 0.46015625 0.0421875 0.0921875
8 0.36796875 0.59296875 0.04375 0.18125
8 0.3109375 0.64921875 0.0890625 0.0625
5 0.303125 0.31171875 0.071875 0.178125
8 0.27421875 0.58125 0.0578125 0.1890625
8 0.51328125 0.55546875 0.0703125 0.05
5 0.4546875 0.37265625 0.0453125 0.2
8 0.42578125 0.4078125 0.065625 0.046875
8 0.6203125 0.5796875 0.0375 0.1
10 0.525 0.34453125 0.05 0.190625