9 0.38515625 0.58125 0.0890625 0.1515625
1 0.6015625 0.4640625 0.2140625 0.16875
8 0.5828125 0.19453125 0.0578125 0.2265625
9 0.25 0.4953125 0.1578125 0.2453125
4 0.67109375 0.33046875 0.1515625 0.084375
8 0.403125 0.43125 0.040625 0.175
5 0.4578125 0.215625 0.1015625 0.1375
8 0.51328125 0.56015625 0.10625 0.0671875
10 0.490625 0.3046875 0.115625 0.11875
0 0.7953125 0.68828125 0.2875 0.271875
5 0.76171875 0.4609375 0.0859375 0.1671875
5 0.84296875 0.1828125 0.1828125 0.16875
5 0.1859375 0.2453125 0.1625 0.1671875
8 0.23515625 0.64921875 0.1234375 0.09375