9 0.52421875 0.70390625 0.0875 0.13125
8 0.56875 0.503125 0.0265625 0.0609375
10 0.3984375 0.68203125 0.034375 0.071875
8 0.62265625 0.66953125 0.028125 0.0578125
8 0.36328125 0.63828125 0.040625 0.0375
8 0.45 0.71484375 0.021875 0.0546875
1 0.6125 0.56875 0.0828125 0.19375
8 0.68828125 0.496875 0.03125 0.071875
4 0.41796875 0.53828125 0.0359375 0.1
8 0.47734375 0.55703125 0.03125 0.0796875
8 0.35 0.45 0.028125 0.0671875
2 0.5125 0.60390625 0.0453125 0.065625
8 0.3828125 0.5796875 0.0296875 0.0796875
9 0.35 0.684375 0.0578125 0.0984375
5 0.50234375 0.49140625 0.05625 0.1109375
10 0.47578125 0.62421875 0.0546875 0.134375
5 0.43515625 0.60625 0.03125 0.0640625
8 0.39140625 0.42734375 0.046875 0.0375
8 0.384375 0.49296875 0.040625 0.0390625
4 0.45703125 0.43828125 0.053125 0.05
5 0.403125 0.73046875 0.0453125 0.0953125