8 0.4578125 0.22578125 0.0421875 0.0453125
9 0.7140625 0.49765625 0.0734375 0.1171875
8 0.4953125 0.51171875 0.0515625 0.0453125
8 0.3296875 0.60078125 0.0421875 0.0984375
8 0.6421875 0.225 0.034375 0.0765625
8 0.4765625 0.2859375 0.046875 0.046875
9 0.4484375 0.4109375 0.0671875 0.096875
4 0.3953125 0.2921875 0.0421875 0.1078125
4 0.66484375 0.5265625 0.053125 0.128125
5 0.53359375 0.38125 0.0421875 0.109375
8 0.51875 0.621875 0.090625 0.0546875
4 0.59375 0.54140625 0.05 0.1234375
5 0.29921875 0.4390625 0.0515625 0.1140625
8 0.5953125 0.2421875 0.0421875 0.1015625
8 0.54921875 0.25390625 0.034375 0.0859375
5 0.61015625 0.3828125 0.04375 0.0734375
8 0.40078125 0.58046875 0.0421875 0.1046875
9 0.30859375 0.359375 0.1171875 0.1703125
5 0.3515625 0.43359375 0.065625 0.1046875
5 0.690625 0.34921875 0.06875 0.1078125
4 0.3171875 0.25859375 0.059375 0.0578125