9 0.465625 0.66953125 0.0625 0.0984375
9 0.72421875 0.57734375 0.0671875 0.1171875
8 0.58828125 0.77109375 0.0234375 0.0625
8 0.68203125 0.7828125 0.0296875 0.0703125
8 0.503125 0.7984375 0.0390625 0.0359375
5 0.3171875 0.6609375 0.040625 0.1078125
8 0.5078125 0.4953125 0.0515625 0.046875
5 0.5546875 0.6875 0.0328125 0.1109375
4 0.5984375 0.5421875 0.0375 0.1125
5 0.63125 0.67734375 0.0390625 0.0765625
4 0.4328125 0.75546875 0.034375 0.09375
8 0.51328125 0.75 0.0421875 0.040625
8 0.715625 0.703125 0.0625 0.1171875
8 0.50078125 0.58203125 0.0515625 0.0453125
5 0.3671875 0.66875 0.05625 0.115625
4 0.67265625 0.546875 0.0375 0.1015625
8 0.32578125 0.5140625 0.040625 0.103125
8 0.39765625 0.52265625 0.0359375 0.0984375
8 0.63515625 0.7734375 0.0296875 0.0734375
8 0.3609375 0.521875 0.109375 0.1171875
9 0.33984375 0.72890625 0.096875 0.1328125
4 0.36484375 0.7875 0.0578125 0.065625