10 0.53671875 0.1125 0.046875 0.1109375
10 0.571875 0.40234375 0.04296875 0.134375
4 0.41875 0.67265625 0.0765625 0.05703125
4 0.403125 0.45703125 0.025 0.10546875
4 0.4375 0.459375 0.03359375 0.096875
4 0.5671875 0.2140625 0.0609375 0.05
9 0.65390625 0.646875 0.1078125 0.2109375
9 0.6328125 0.2203125 0.05390625 0.109375
9 0.4515625 0.21796875 0.08515625 0.15859375
5 0.440625 0.30859375 0.03984375 0.15
5 0.375 0.340625 0.0765625 0.1015625
5 0.50078125 0.359375 0.0734375 0.08359375
5 0.6453125 0.50234375 0.08828125 0.07890625
8 0.5234375 0.240625 0.0265625 0.09609375
8 0.39453125 0.571875 0.034375 0.125
8 0.4625 0.53046875 0.07734375 0.046875
8 0.496875 0.428125 0.07578125 0.05
8 0.5546875 0.31640625 0.059375 0.04140625
8 0.63671875 0.41796875 0.075 0.05859375
2 0.6546875 0.33359375 0.06171875 0.10546875
0 0.5375 0.67734375 0.09453125 0.35390625