9 0.646875 0.7859375 0.16875 0.265625
8 0.2453125 0.4078125 0.09375 0.084375
8 0.615625 0.2765625 0.0609375 0.190625
4 0.340625 0.46953125 0.0578125 0.1609375
9 0.30546875 0.878125 0.1 0.1609375
1 0.74609375 0.428125 0.175 0.425
5 0.47265625 0.25078125 0.1296875 0.20625
8 0.29921875 0.59921875 0.0578125 0.1765625
10 0.515625 0.68046875 0.096875 0.1890625
8 0.46796875 0.4484375 0.05625 0.1828125
4 0.35 0.23046875 0.1484375 0.109375
8 0.30078125 0.759375 0.078125 0.0703125
8 0.1390625 0.31171875 0.06875 0.190625
8 0.51484375 0.8484375 0.046875 0.140625
8 0.8578125 0.20625 0.0625 0.153125
10 0.38984375 0.7671875 0.08125 0.2296875
8 0.8125 0.64921875 0.05 0.1109375
8 0.209375 0.2359375 0.09375 0.08125
5 0.41953125 0.58359375 0.1 0.175
5 0.434375 0.89765625 0.1015625 0.2046875
2 0.5765625 0.534375 0.1109375 0.140625