5 0.36015625 0.3578125 0.071875 0.1484375
5 0.40625 0.5453125 0.0609375 0.096875
9 0.471875 0.396875 0.1203125 0.1703125
9 0.59375 0.38515625 0.071875 0.121875
8 0.66875 0.79296875 0.0328125 0.084375
8 0.53671875 0.82265625 0.03125 0.08125
8 0.63203125 0.521875 0.0359375 0.090625
4 0.46953125 0.865625 0.0640625 0.05625
4 0.46171875 0.74296875 0.059375 0.053125
10 0.41328125 0.64609375 0.05 0.090625
8 0.5765625 0.5296875 0.0390625 0.1109375
8 0.58125 0.80859375 0.0328125 0.0828125
8 0.5484375 0.72578125 0.05 0.046875
8 0.5296875 0.5375 0.040625 0.11875
8 0.62578125 0.81171875 0.025 0.0578125
8 0.47578125 0.54921875 0.0390625 0.109375
4 0.41875 0.79609375 0.0359375 0.08125
8 0.62734375 0.7078125 0.04375 0.0484375
5 0.62421875 0.64140625 0.059375 0.0765625
5 0.540625 0.6796875 0.096875 0.125
10 0.384375 0.5515625 0.0515625 0.1046875