8 0.65 0.82578125 0.046875 0.1140625
8 0.603125 0.84375 0.04375 0.09375
8 0.56171875 0.85546875 0.04375 0.1171875
8 0.51796875 0.86953125 0.0375 0.1
8 0.5359375 0.76328125 0.071875 0.06875
8 0.61796875 0.559375 0.053125 0.134375
8 0.5671875 0.5734375 0.05 0.14375
8 0.515625 0.590625 0.04375 0.1421875
8 0.4609375 0.60234375 0.04375 0.13125
4 0.44453125 0.8984375 0.0875 0.0671875
4 0.39140625 0.83984375 0.0421875 0.1125
10 0.40546875 0.75546875 0.0734375 0.1046875
5 0.359375 0.48984375 0.0765625 0.1203125
5 0.38828125 0.58671875 0.0734375 0.1296875
9 0.5875 0.421875 0.0859375 0.15625
9 0.4609375 0.43671875 0.1453125 0.2046875
5 0.4890625 0.753125 0.0546875 0.1703125
5 0.5796875 0.72578125 0.0640625 0.1625