9 0.621875 0.14375 0.153125 0.203125
8 0.52109375 0.5671875 0.134375 0.0875
8 0.67578125 0.82421875 0.096875 0.20625
4 0.24453125 0.75234375 0.1515625 0.1109375
8 0.49609375 0.78203125 0.0859375 0.2140625
8 0.58046875 0.8203125 0.0921875 0.2203125
8 0.4015625 0.7703125 0.084375 0.2109375
5 0.6703125 0.49296875 0.159375 0.171875
8 0.64921875 0.60078125 0.1328125 0.0890625
4 0.375 0.52265625 0.1125 0.0953125
9 0.7578125 0.19375 0.0953125 0.14375
5 0.50625 0.115625 0.0828125 0.1296875
8 0.7546875 0.35390625 0.05625 0.1125
4 0.2515625 0.575 0.1 0.1875
8 0.68046875 0.33125 0.053125 0.1109375
8 0.61015625 0.3265625 0.0578125 0.1296875
8 0.54296875 0.29765625 0.05 0.109375
5 0.56796875 0.44765625 0.103125 0.1203125
10 0.440625 0.21015625 0.0984375 0.11875
10 0.39609375 0.34609375 0.121875 0.1671875