9 0.3734375 0.1984375 0.05 0.0890625
9 0.4734375 0.19453125 0.08125 0.1296875
8 0.44140625 0.3265625 0.021875 0.08125
8 0.39609375 0.31953125 0.021875 0.08125
8 0.34296875 0.32265625 0.0234375 0.0796875
4 0.54296875 0.534375 0.059375 0.0484375
10 0.56796875 0.40546875 0.0375 0.121875
8 0.44609375 0.53046875 0.05625 0.040625
8 0.3046875 0.6546875 0.0265625 0.0953125
4 0.5625 0.70703125 0.0828125 0.053125
8 0.41484375 0.6640625 0.0234375 0.096875
5 0.5515625 0.221875 0.040625 0.0796875
8 0.47109375 0.678125 0.025 0.1375
5 0.365625 0.43046875 0.0828125 0.0734375
8 0.490625 0.33046875 0.0171875 0.0734375
8 0.3609375 0.521875 0.0828125 0.0421875
5 0.45 0.446875 0.084375 0.084375
8 0.36171875 0.67265625 0.028125 0.1359375
4 0.60390625 0.5796875 0.0234375 0.084375
5 0.56015625 0.1734375 0.040625 0.15625
10 0.571875 0.3171875 0.059375 0.0921875