9 0.6078125 0.565625 0.075 0.1125
1 0.43828125 0.440625 0.1796875 0.140625
9 0.7203125 0.4890625 0.134375 0.1984375
4 0.390625 0.3296875 0.125 0.071875
5 0.6171875 0.3578125 0.0734375 0.28125
0 0.34609375 0.72109375 0.1515625 0.4515625
5 0.29375 0.4203125 0.0734375 0.103125
8 0.50078125 0.54453125 0.0921875 0.0578125
8 0.596875 0.45234375 0.04375 0.140625
8 0.728125 0.628125 0.071875 0.05625
8 0.46875 0.21328125 0.0546875 0.1859375
5 0.29375 0.24609375 0.0765625 0.1828125
5 0.746875 0.31015625 0.05625 0.1171875