8 0.58671875 0.66015625 0.0578125 0.0484375
8 0.50234375 0.6265625 0.0375 0.08125
8 0.53359375 0.54765625 0.0578125 0.0578125
8 0.54765625 0.490625 0.046875 0.0515625
8 0.609375 0.54375 0.0640625 0.0484375
8 0.6328125 0.43359375 0.06875 0.05625
8 0.47734375 0.4015625 0.0421875 0.109375
4 0.5828125 0.58203125 0.034375 0.0765625
4 0.61953125 0.596875 0.0421875 0.0765625
4 0.6390625 0.5046875 0.034375 0.0796875
4 0.6015625 0.49453125 0.0375 0.08125
4 0.46875 0.68359375 0.06875 0.05
5 0.5703125 0.334375 0.0765625 0.103125
5 0.53046875 0.65390625 0.0453125 0.1015625
9 0.54453125 0.696875 0.05 0.075
9 0.6515625 0.35546875 0.065625 0.0984375
1 0.4921875 0.49765625 0.0796875 0.1921875
10 0.5125 0.35234375 0.0453125 0.096875
2 0.4546875 0.61796875 0.0609375 0.08125