9 0.46640625 0.5625 0.0953125 0.159375
8 0.4484375 0.14296875 0.01484375 0.0609375
10 0.35 0.35859375 0.03359375 0.0765625
8 0.603125 0.4171875 0.02109375 0.0859375
8 0.58671875 0.16171875 0.015625 0.0796875
8 0.546875 0.41796875 0.01796875 0.10078125
8 0.53984375 0.15234375 0.0140625 0.0640625
8 0.4953125 0.1484375 0.015625 0.0625
10 0.35546875 0.2625 0.0359375 0.07578125
5 0.371875 0.42734375 0.0453125 0.09453125
8 0.4421875 0.421875 0.01875 0.10625
8 0.4953125 0.425 0.01875 0.11640625
5 0.53359375 0.26953125 0.02421875 0.14609375
4 0.36953125 0.12109375 0.0578125 0.0484375
4 0.33359375 0.19609375 0.021875 0.0828125
5 0.44296875 0.25703125 0.0203125 0.1578125
8 0.5625 0.2453125 0.03359375 0.0375
4 0.396875 0.23671875 0.04609375 0.0421875
9 0.59296875 0.553125 0.0515625 0.11328125
5 0.35859375 0.53046875 0.046875 0.0984375
8 0.4796875 0.23828125 0.04609375 0.03671875