5 0.1671875 0.52734375 0.1375 0.2375
8 0.434375 0.32421875 0.1234375 0.08125
9 0.334375 0.14375 0.0890625 0.1390625
8 0.77265625 0.26875 0.109375 0.0671875
10 0.515625 0.63359375 0.0796875 0.203125
8 0.446875 0.23671875 0.0734375 0.0703125
8 0.77421875 0.48125 0.1359375 0.0765625
4 0.621875 0.6109375 0.05625 0.1578125
8 0.63828125 0.40546875 0.053125 0.1765625
4 0.8078125 0.71796875 0.075 0.2171875
8 0.47421875 0.146875 0.10625 0.071875
8 0.4140625 0.44296875 0.128125 0.0734375
8 0.77734375 0.17734375 0.115625 0.0671875
4 0.67109375 0.77890625 0.153125 0.09375
9 0.2640625 0.35859375 0.178125 0.2546875
8 0.65390625 0.24453125 0.05 0.1578125
10 0.3875 0.61875 0.0890625 0.2078125
5 0.28671875 0.52421875 0.096875 0.2859375
5 0.56015625 0.39453125 0.1015625 0.19375
8 0.77265625 0.36640625 0.13125 0.0796875
5 0.5734375 0.171875 0.075 0.1421875