8 0.40703125 0.55390625 0.06640625 0.06484375
4 0.4421875 0.2953125 0.0265625 0.1015625
9 0.48125 0.11640625 0.04609375 0.11484375
4 0.37265625 0.29609375 0.0265625 0.096875
5 0.5109375 0.14140625 0.02734375 0.20078125
8 0.5640625 0.1828125 0.02265625 0.12890625
9 0.4015625 0.6984375 0.0734375 0.14609375
8 0.40859375 0.36015625 0.059375 0.0453125
8 0.4125 0.1796875 0.0734375 0.04765625
1 0.64375 0.4015625 0.0859375 0.2765625
10 0.665625 0.63515625 0.05859375 0.1796875
4 0.36953125 0.44453125 0.028125 0.11953125
8 0.54296875 0.4203125 0.071875 0.05390625
4 0.44453125 0.44140625 0.02734375 0.115625
8 0.55 0.3296875 0.05703125 0.0421875
2 0.6546875 0.18515625 0.0515625 0.1359375
8 0.71328125 0.5359375 0.03203125 0.115625
4 0.596875 0.10859375 0.0734375 0.05703125
5 0.53203125 0.6484375 0.0546875 0.22578125