9 0.36640625 0.4765625 0.078125 0.125
1 0.5671875 0.575 0.184375 0.1453125
0 0.60390625 0.2484375 0.1328125 0.453125
8 0.23125 0.44296875 0.06875 0.059375
8 0.575 0.82109375 0.0421875 0.1953125
9 0.26328125 0.578125 0.1328125 0.1953125
5 0.75625 0.78828125 0.0640625 0.2375
4 0.6375 0.68046875 0.1296875 0.06875
5 0.39375 0.77421875 0.0625 0.1859375
5 0.2640625 0.8015625 0.065625 0.1796875
8 0.4859375 0.47890625 0.121875 0.0703125
5 0.72421875 0.5671875 0.090625 0.1375
10 0.45 0.70703125 0.0640625 0.1625
8 0.39765625 0.603125 0.0390625 0.1328125