8 0.5921875 0.43671875 0.0328125 0.12109375
8 0.4078125 0.35859375 0.096875 0.04453125
8 0.50625 0.528125 0.11953125 0.046875
8 0.65390625 0.7546875 0.05625 0.1484375
9 0.5265625 0.665625 0.11484375 0.18203125
9 0.603125 0.5515625 0.06484375 0.1140625
5 0.3921875 0.471875 0.07578125 0.15390625
5 0.3921875 0.60703125 0.07734375 0.1109375
5 0.4140625 0.19296875 0.05078125 0.15
5 0.49296875 0.18828125 0.028125 0.1375
4 0.4734375 0.31796875 0.028125 0.128125
10 0.44765625 0.42421875 0.0640625 0.1234375
0 0.6515625 0.1796875 0.08984375 0.359375
1 0.52421875 0.353125 0.0640625 0.1765625