8 0.8890625 0.56484375 0.065625 0.2265625
8 0.80703125 0.55546875 0.0765625 0.2171875
8 0.7078125 0.55234375 0.0671875 0.2046875
8 0.31875 0.4875 0.1609375 0.0890625
8 0.3140625 0.63984375 0.18125 0.0828125
4 0.60546875 0.5546875 0.0609375 0.2203125
4 0.4953125 0.56484375 0.05625 0.2109375
10 0.57109375 0.21171875 0.1109375 0.1859375
10 0.53046875 0.3703125 0.0796875 0.1484375
9 0.778125 0.28046875 0.1484375 0.2078125
9 0.38359375 0.26328125 0.0828125 0.140625
9 0.16171875 0.31328125 0.1046875 0.1609375