8 0.640625 0.36015625 0.04140625 0.0359375
5 0.5609375 0.21796875 0.0359375 0.08203125
2 0.58125 0.5171875 0.0453125 0.07734375
9 0.64375 0.271875 0.0828125 0.13515625
9 0.66484375 0.4984375 0.05078125 0.10703125
8 0.5140625 0.5015625 0.01796875 0.07109375
9 0.3609375 0.50390625 0.096875 0.16328125
4 0.48671875 0.2390625 0.0390625 0.03203125
4 0.671875 0.41171875 0.0203125 0.06328125
8 0.58125 0.39296875 0.01796875 0.0671875
4 0.48671875 0.27265625 0.0390625 0.046875
10 0.73984375 0.3671875 0.065625 0.0734375
8 0.42890625 0.240625 0.03671875 0.03515625
8 0.4484375 0.303125 0.015625 0.059375
5 0.55625 0.34140625 0.03515625 0.0765625
0 0.3328125 0.31484375 0.1625 0.17578125
10 0.5171875 0.39140625 0.04140625 0.10625
5 0.45546875 0.50234375 0.04453125 0.13203125
8 0.5140625 0.315625 0.01796875 0.0515625