10 0.47265625 0.7015625 0.0765625 0.171875
5 0.55625 0.66796875 0.065625 0.1625
8 0.60625 0.6609375 0.04375 0.0921875
8 0.521875 0.6828125 0.05 0.04375
8 0.665625 0.6546875 0.0359375 0.0703125
8 0.5984375 0.44765625 0.0828125 0.0609375
9 0.3484375 0.528125 0.1671875 0.2140625
5 0.66796875 0.57265625 0.1046875 0.2046875
5 0.41015625 0.71640625 0.0890625 0.184375
10 0.47890625 0.6125 0.0734375 0.178125
8 0.59921875 0.240625 0.1015625 0.0765625
8 0.359375 0.33828125 0.0828125 0.0671875
8 0.63984375 0.69453125 0.065625 0.0546875
1 0.52265625 0.3921875 0.2234375 0.1703125
2 0.5421875 0.55859375 0.0890625 0.1671875