9 0.778125 0.70078125 0.140625 0.221875
10 0.48203125 0.58046875 0.1078125 0.196875
8 0.68203125 0.5015625 0.0734375 0.0640625
9 0.2390625 0.82265625 0.259375 0.3375
9 0.65625 0.37890625 0.171875 0.228125
8 0.59609375 0.5703125 0.05 0.1109375
4 0.41640625 0.4234375 0.0640625 0.0703125
4 0.23984375 0.4546875 0.053125 0.103125
8 0.51484375 0.7859375 0.065625 0.1671875
10 0.79609375 0.459375 0.09375 0.2109375
4 0.41328125 0.3765625 0.0484375 0.05
5 0.4 0.79453125 0.13125 0.2125
4 0.75234375 0.56328125 0.0578125 0.10625
5 0.52578125 0.3859375 0.103125 0.2078125
2 0.6453125 0.7796875 0.125 0.171875
0 0.2875 0.35390625 0.30625 0.6578125