9 0.65 0.784375 0.134375 0.196875
9 0.4484375 0.07109375 0.065625 0.115625
4 0.42578125 0.5359375 0.0984375 0.065625
9 0.53125 0.278125 0.071875 0.1171875
8 0.4734375 0.803125 0.103125 0.0671875
8 0.45 0.65859375 0.1 0.065625
8 0.49453125 0.925 0.103125 0.0609375
10 0.6390625 0.5015625 0.1 0.0953125
4 0.40625 0.41796875 0.0921875 0.0625
8 0.34296875 0.2609375 0.046875 0.1359375
8 0.4078125 0.23125 0.0390625 0.1015625
10 0.53046875 0.45234375 0.078125 0.10625
4 0.415625 0.47734375 0.1015625 0.084375