8 0.25546875 0.83046875 0.065625 0.175
8 0.22109375 0.45078125 0.065625 0.175
8 0.41640625 0.76015625 0.05625 0.1703125
8 0.6953125 0.79140625 0.1046875 0.075
8 0.74765625 0.725 0.0484375 0.1703125
8 0.68125 0.66640625 0.096875 0.0625
8 0.64609375 0.48046875 0.059375 0.1828125
8 0.64921875 0.3265625 0.1265625 0.071875
8 0.4625 0.19765625 0.0578125 0.1890625
8 0.51796875 0.62578125 0.0515625 0.1703125
5 0.534375 0.8828125 0.09375 0.2015625
5 0.56875 0.628125 0.090625 0.2
5 0.5328125 0.171875 0.1109375 0.2359375
9 0.34921875 0.29765625 0.1703125 0.2578125
9 0.64921875 0.2 0.1234375 0.1671875
4 0.60390625 0.8015625 0.1015625 0.08125
4 0.615625 0.60859375 0.0546875 0.153125
10 0.48359375 0.48046875 0.096875 0.1375
10 0.525 0.378125 0.13125 0.1421875
2 0.44609375 0.63984375 0.0890625 0.178125
1 0.31640625 0.653125 0.14375 0.3609375