5 0.64609375 0.5109375 0.0609375 0.10625
0 0.3625 0.80625 0.115625 0.33125
5 0.52109375 0.8015625 0.03125 0.1109375
9 0.43203125 0.40078125 0.05625 0.1203125
4 0.546875 0.66875 0.0234375 0.103125
9 0.50625 0.275 0.109375 0.1796875
8 0.3890625 0.18515625 0.0296875 0.10625
8 0.5171875 0.4359375 0.1109375 0.0453125
8 0.43359375 0.53125 0.0234375 0.109375
5 0.6390625 0.33359375 0.065625 0.1375
5 0.59921875 0.7859375 0.0578125 0.1375
8 0.60546875 0.60625 0.0875 0.046875
10 0.58359375 0.51875 0.0515625 0.1125
1 0.49140625 0.6203125 0.0765625 0.2046875