8 0.3765625 0.41796875 0.109375 0.06875
8 0.3890625 0.51015625 0.1171875 0.0828125
8 0.73515625 0.40234375 0.0671875 0.1390625
8 0.690625 0.42734375 0.0671875 0.1703125
8 0.62109375 0.434375 0.059375 0.1328125
4 0.55703125 0.43359375 0.0609375 0.1390625
4 0.48671875 0.4421875 0.0546875 0.13125
9 0.653125 0.23046875 0.0984375 0.1515625
9 0.3984375 0.26796875 0.08125 0.11875
9 0.26640625 0.32421875 0.0765625 0.1015625
10 0.51015625 0.19375 0.065625 0.1109375
10 0.490625 0.2984375 0.059375 0.109375