9 0.615625 0.25625 0.06328125 0.13359375
4 0.52421875 0.559375 0.03046875 0.1828125
8 0.684375 0.63359375 0.1359375 0.05234375
8 0.6796875 0.48203125 0.13046875 0.0578125
9 0.8265625 0.31796875 0.07265625 0.13515625
10 0.43671875 0.165625 0.04921875 0.16953125
4 0.42890625 0.5546875 0.02890625 0.1796875
8 0.1640625 0.5421875 0.03671875 0.159375
10 0.48046875 0.3203125 0.05625 0.13203125
8 0.33671875 0.5484375 0.03046875 0.1796875
8 0.2375 0.5390625 0.0328125 0.15
9 0.24765625 0.26328125 0.1203125 0.1984375