9 0.68515625 0.8046875 0.0765625 0.115625
9 0.559375 0.82265625 0.1171875 0.178125
5 0.459375 0.92421875 0.05625 0.11875
5 0.45234375 0.80078125 0.0640625 0.1265625
5 0.4265625 0.7234375 0.0015625 0.003125
10 0.40546875 0.67578125 0.0609375 0.1203125
10 0.37734375 0.540625 0.06875 0.134375
8 0.6921875 0.628125 0.05 0.121875
8 0.63203125 0.66484375 0.03125 0.0921875
8 0.571875 0.65 0.0421875 0.125
8 0.5109375 0.6640625 0.040625 0.1078125
5 0.6109375 0.53359375 0.0625 0.1796875
5 0.4875 0.5390625 0.046875 0.15625
8 0.628125 0.371875 0.109375 0.0796875
8 0.5171875 0.38046875 0.1140625 0.0796875
8 0.66171875 0.175 0.0859375 0.203125
8 0.59296875 0.19375 0.06875 0.1828125
8 0.52421875 0.1953125 0.0765625 0.1984375
8 0.4515625 0.19453125 0.0640625 0.209375
4 0.4 0.4046875 0.0984375 0.0796875
4 0.309375 0.3484375 0.0578125 0.1625
4 0.328125 0.184375 0.1171875 0.078125