8 0.471875 0.52109375 0.02109375 0.05390625
8 0.3734375 0.6765625 0.0828125 0.0578125
4 0.56640625 0.46328125 0.04765625 0.05
8 0.540625 0.51953125 0.02265625 0.0515625
9 0.7171875 0.4703125 0.0625 0.11171875
8 0.5125 0.44296875 0.01875 0.06484375
1 0.4828125 0.6046875 0.19609375 0.12890625
9 0.30859375 0.425 0.0578125 0.10078125
5 0.65859375 0.43203125 0.05703125 0.16015625
4 0.56171875 0.41328125 0.04296875 0.0421875
4 0.4609375 0.40625 0.0375 0.03984375
10 0.28984375 0.61328125 0.0515625 0.07578125
2 0.66328125 0.596875 0.05390625 0.19375
5 0.275 0.5328125 0.06484375 0.09453125
4 0.4640625 0.46015625 0.046875 0.0453125
8 0.39140625 0.453125 0.0203125 0.06328125
4 0.77734375 0.60625 0.06015625 0.13515625