9 0.56796875 0.2203125 0.1140625 0.1515625
8 0.5859375 0.30546875 0.046875 0.0453125
5 0.48125 0.225 0.059375 0.0984375
8 0.53671875 0.353125 0.0328125 0.0671875
10 0.65390625 0.271875 0.059375 0.1234375
4 0.30390625 0.29609375 0.0390625 0.0734375
9 0.64453125 0.42734375 0.0765625 0.1171875
10 0.47109375 0.36796875 0.065625 0.115625
8 0.496875 0.471875 0.0359375 0.071875
4 0.63125 0.340625 0.0375 0.0703125
9 0.34921875 0.5140625 0.1375 0.184375
0 0.35 0.23515625 0.2078125 0.3984375
4 0.4125 0.22890625 0.06875 0.0484375
4 0.42578125 0.2640625 0.075 0.0515625
5 0.434375 0.50078125 0.075 0.1171875
2 0.57734375 0.46796875 0.0953125 0.103125
5 0.46171875 0.13125 0.075 0.065625
5 0.4671875 0.178125 0.0609375 0.0703125