9 0.28046875 0.7671875 0.090625 0.14375
0 0.3484375 0.75390625 0.1296875 0.2609375
5 0.49453125 0.59609375 0.046875 0.0671875
10 0.60390625 0.690625 0.0421875 0.071875
9 0.58515625 0.5453125 0.103125 0.14375
9 0.525 0.7921875 0.053125 0.0828125
8 0.4078125 0.77578125 0.028125 0.0671875
8 0.55078125 0.63984375 0.0453125 0.0421875
8 0.38359375 0.4453125 0.05 0.0421875
4 0.5578125 0.70703125 0.0296875 0.0640625
4 0.31796875 0.4796875 0.0375 0.0828125
5 0.50703125 0.5546875 0.0546875 0.075
10 0.425 0.7125 0.040625 0.0625
8 0.3890625 0.54375 0.03125 0.071875
4 0.44609375 0.45703125 0.0453125 0.053125
8 0.44296875 0.59453125 0.03125 0.0796875
4 0.4359375 0.5078125 0.04375 0.0515625
8 0.48828125 0.67421875 0.028125 0.0671875
5 0.51796875 0.49765625 0.0515625 0.06875
2 0.45546875 0.8140625 0.053125 0.084375