8 0.58984375 0.69609375 0.0375 0.034375
5 0.6328125 0.61015625 0.0359375 0.1390625
9 0.43359375 0.74609375 0.0828125 0.125
8 0.5671875 0.62109375 0.0390625 0.034375
8 0.4453125 0.60390625 0.0421875 0.0375
8 0.5296875 0.53828125 0.0421875 0.0375
5 0.565625 0.57265625 0.059375 0.0796875
5 0.7078125 0.59609375 0.0640625 0.0734375
4 0.65078125 0.66484375 0.0296875 0.0796875
10 0.50390625 0.64296875 0.03125 0.0703125
0 0.51875 0.8078125 0.090625 0.278125
4 0.6046875 0.77890625 0.0421875 0.0390625
9 0.646875 0.4671875 0.1078125 0.1640625
4 0.5234375 0.41875 0.0453125 0.046875
9 0.44921875 0.44609375 0.059375 0.1109375
8 0.565625 0.46171875 0.0234375 0.071875
4 0.61796875 0.6609375 0.025 0.0671875
5 0.45 0.6703125 0.040625 0.053125
10 0.56796875 0.31875 0.053125 0.1125
2 0.43359375 0.5375 0.0453125 0.0734375
8 0.63828125 0.73046875 0.034375 0.059375