9 0.35703125 0.08984375 0.096875 0.146875
4 0.6484375 0.80625 0.1515625 0.1
8 0.8078125 0.1515625 0.121875 0.0765625
10 0.47421875 0.6625 0.1375 0.1609375
8 0.7828125 0.3671875 0.128125 0.08125
4 0.78203125 0.7421875 0.0765625 0.21875
8 0.42265625 0.42890625 0.1296875 0.0765625
4 0.6125 0.62421875 0.06875 0.1765625
5 0.596875 0.18828125 0.0984375 0.1984375
5 0.15 0.55546875 0.1875 0.1453125
5 0.29609375 0.5265625 0.0921875 0.2390625
8 0.77265625 0.49296875 0.1375 0.0796875
8 0.7953125 0.25703125 0.1171875 0.0765625
10 0.36015625 0.6375 0.1375 0.175
9 0.275 0.33828125 0.1859375 0.2703125
8 0.4484375 0.2984375 0.1265625 0.0859375
8 0.4984375 0.09296875 0.115625 0.0765625
8 0.47265625 0.20546875 0.1171875 0.071875
8 0.646875 0.390625 0.065625 0.203125
5 0.5671875 0.3765625 0.115625 0.215625
8 0.6765625 0.21328125 0.059375 0.16875