8 0.83984375 0.425 0.05625 0.121875
1 0.25390625 0.4875 0.1703125 0.31875
9 0.3671875 0.7203125 0.153125 0.215625
9 0.67890625 0.775 0.0921875 0.140625
5 0.5625 0.83359375 0.075 0.171875
10 0.60390625 0.703125 0.08125 0.2890625
8 0.3703125 0.37734375 0.0609375 0.15
8 0.77578125 0.3625 0.096875 0.0859375
2 0.42421875 0.59453125 0.084375 0.1578125
8 0.73984375 0.47578125 0.09375 0.08125
8 0.1234375 0.3234375 0.0796875 0.1421875
8 0.684375 0.60859375 0.0453125 0.1046875
8 0.6859375 0.6953125 0.06875 0.0640625
10 0.4859375 0.64609375 0.0953125 0.2453125
8 0.21015625 0.61640625 0.0453125 0.0890625
5 0.578125 0.61015625 0.0859375 0.1703125
4 0.646875 0.521875 0.0546875 0.13125
4 0.63671875 0.35 0.1296875 0.109375
5 0.5109375 0.40703125 0.1171875 0.290625