9 0.30859375 0.228125 0.115625 0.16875
8 0.65234375 0.3546875 0.11875 0.0796875
4 0.3390625 0.3515625 0.13125 0.0953125
8 0.60546875 0.0953125 0.1375 0.0859375
8 0.73046875 0.50703125 0.0609375 0.1453125
4 0.38203125 0.49609375 0.1265625 0.090625
9 0.5765625 0.671875 0.0890625 0.140625
4 0.715625 0.6828125 0.1125 0.0828125
8 0.63125 0.228125 0.1296875 0.0796875
8 0.66015625 0.52578125 0.05 0.1109375
9 0.6984375 0.86171875 0.14375 0.1953125
5 0.609375 0.85703125 0.08125 0.146875
8 0.434375 0.64765625 0.153125 0.1703125
8 0.5125 0.90859375 0.0890625 0.0609375
8 0.38359375 0.6515625 0.065625 0.146875
5 0.4328125 0.16015625 0.09375 0.1484375
5 0.53046875 0.53046875 0.078125 0.1203125
8 0.48671875 0.8140625 0.065625 0.059375
4 0.77578125 0.78984375 0.0515625 0.103125
8 0.47734375 0.6515625 0.0546875 0.1171875
5 0.4828125 0.346875 0.06875 0.1125
5 0.62890625 0.92421875 0.075 0.1125