9 0.57421875 0.44609375 0.0828125 0.140625
8 0.48125 0.4984375 0.0578125 0.05625
1 0.5453125 0.66953125 0.10625 0.2015625
5 0.31328125 0.35625 0.1 0.14375
8 0.41875 0.6765625 0.046875 0.046875
10 0.4359375 0.609375 0.06875 0.1328125
8 0.58203125 0.22265625 0.0578125 0.125
4 0.4890625 0.70703125 0.040625 0.0921875
5 0.37890625 0.6015625 0.06875 0.1078125
0 0.690625 0.80625 0.15625 0.3109375
5 0.5796875 0.76796875 0.0609375 0.0703125
8 0.59140625 0.56796875 0.0390625 0.0890625
5 0.46484375 0.82578125 0.059375 0.103125
9 0.46875 0.34140625 0.1640625 0.2375