8 0.38515625 0.55390625 0.0640625 0.046875
8 0.5375 0.4125 0.053125 0.03984375
5 0.5125 0.56484375 0.0390625 0.27421875
8 0.39765625 0.43671875 0.0578125 0.0421875
8 0.41015625 0.33671875 0.0515625 0.0390625
4 0.3640625 0.40859375 0.02578125 0.05703125
4 0.35234375 0.48671875 0.03203125 0.08046875
4 0.42890625 0.4921875 0.02890625 0.0828125
8 0.71328125 0.53359375 0.03828125 0.09296875
4 0.43203125 0.39609375 0.02578125 0.0640625
2 0.63203125 0.3 0.06796875 0.1265625
9 0.47265625 0.28828125 0.0390625 0.1015625
8 0.54765625 0.46484375 0.034375 0.04140625
5 0.49921875 0.271875 0.02578125 0.159375
9 0.37734375 0.640625 0.1 0.1453125
10 0.659375 0.56171875 0.065625 0.2203125
1 0.6359375 0.446875 0.10859375 0.19375
8 0.55703125 0.33203125 0.02890625 0.0734375
4 0.5859375 0.2828125 0.05546875 0.05078125