2 0.4078125 0.41484375 0.065625 0.1125
8 0.38046875 0.48125 0.0765625 0.0640625
8 0.44921875 0.528125 0.05 0.09375
8 0.48671875 0.53515625 0.0421875 0.078125
8 0.34453125 0.6328125 0.0421875 0.0609375
8 0.5125 0.65546875 0.0453125 0.090625
8 0.4375 0.63828125 0.0390625 0.090625
8 0.56015625 0.4046875 0.0765625 0.0609375
4 0.33671875 0.4296875 0.0515625 0.121875
4 0.4109375 0.60703125 0.059375 0.0515625
4 0.39921875 0.66484375 0.05625 0.0546875
4 0.4640625 0.67734375 0.0625 0.0640625
4 0.4765625 0.62109375 0.059375 0.0578125
5 0.3671875 0.57109375 0.0578125 0.1015625
5 0.59453125 0.5609375 0.0796875 0.1171875
10 0.60703125 0.46015625 0.0625 0.1015625
1 0.5 0.45 0.1390625 0.115625
9 0.32265625 0.55234375 0.0703125 0.0890625
9 0.56328125 0.67109375 0.0703125 0.1