8 0.39765625 0.86015625 0.0515625 0.05
8 0.63984375 0.39609375 0.05 0.128125
5 0.68359375 0.7015625 0.1171875 0.1609375
9 0.3453125 0.30625 0.115625 0.1828125
8 0.321875 0.5671875 0.0734375 0.0609375
1 0.50703125 0.83125 0.1890625 0.15625
8 0.54921875 0.61484375 0.065625 0.0578125
5 0.56796875 0.5578125 0.1125 0.0984375
8 0.57421875 0.91875 0.05625 0.0515625
10 0.42578125 0.553125 0.0984375 0.18125
8 0.42890625 0.33046875 0.0578125 0.1515625
9 0.34921875 0.71796875 0.1515625 0.2078125
8 0.5125 0.38984375 0.075 0.06875
8 0.709375 0.3109375 0.078125 0.06875
8 0.7265625 0.4015625 0.0578125 0.14375
8 0.58828125 0.759375 0.0578125 0.0515625
5 0.30546875 0.49140625 0.1484375 0.1578125
2 0.53671875 0.7109375 0.1046875 0.0984375
4 0.684375 0.553125 0.0546875 0.11875
4 0.578125 0.475 0.0953125 0.0703125
10 0.46015625 0.66328125 0.0703125 0.1421875