8 0.7359375 0.240625 0.0578125 0.171875
8 0.6625 0.2140625 0.05625 0.2078125
8 0.5859375 0.21171875 0.053125 0.190625
8 0.50546875 0.20546875 0.0546875 0.2
8 0.65859375 0.4203125 0.128125 0.08125
8 0.5359375 0.4171875 0.115625 0.059375
8 0.47578125 0.67265625 0.05 0.1453125
8 0.5453125 0.6796875 0.0359375 0.13125
8 0.596875 0.68515625 0.04375 0.14375
8 0.66796875 0.69140625 0.05 0.10625
4 0.4140625 0.41171875 0.1046875 0.0953125
4 0.3203125 0.3359375 0.0484375 0.15625
4 0.37265625 0.16875 0.1421875 0.0796875
5 0.640625 0.55078125 0.1203125 0.1140625
5 0.5234375 0.53984375 0.1109375 0.11875
5 0.3875 0.81875 0.06875 0.1375
5 0.378125 0.925 0.05625 0.1
10 0.359375 0.715625 0.0640625 0.0921875
10 0.365625 0.60234375 0.0828125 0.153125
9 0.62578125 0.8515625 0.0734375 0.13125
9 0.49453125 0.84453125 0.1234375 0.1921875