9 0.6546875 0.64296875 0.1109375 0.159375
5 0.5484375 0.42421875 0.0734375 0.0953125
1 0.42890625 0.5984375 0.1578125 0.140625
0 0.25859375 0.76171875 0.2015625 0.184375
5 0.71328125 0.46796875 0.090625 0.0890625
8 0.559375 0.6015625 0.040625 0.103125
8 0.46796875 0.41953125 0.05 0.134375
4 0.396875 0.5 0.103125 0.0671875
5 0.32109375 0.59140625 0.0640625 0.1109375
8 0.471875 0.68203125 0.078125 0.0546875
10 0.5171875 0.48671875 0.0765625 0.08125
5 0.309375 0.38359375 0.10625 0.1109375
9 0.55859375 0.70859375 0.0734375 0.090625
8 0.6578125 0.76328125 0.0625 0.053125