1 0.52265625 0.1984375 0.134375 0.125
9 0.65 0.3078125 0.0984375 0.1625
8 0.6109375 0.14765625 0.040625 0.04375
8 0.5390625 0.61875 0.0484375 0.0390625
8 0.46328125 0.10546875 0.0421875 0.0375
8 0.46171875 0.28359375 0.0453125 0.0390625
4 0.4875 0.55 0.05625 0.053125
5 0.42109375 0.36171875 0.0453125 0.1078125
8 0.5984375 0.6640625 0.028125 0.11875
4 0.41015625 0.48828125 0.028125 0.0703125
8 0.67578125 0.45 0.0484375 0.040625
8 0.45234375 0.615625 0.0234375 0.0765625
5 0.65234375 0.50625 0.0515625 0.103125
8 0.39375 0.609375 0.0265625 0.084375
5 0.5125 0.4515625 0.0359375 0.071875
9 0.65546875 0.68359375 0.0640625 0.125
8 0.4125 0.696875 0.046875 0.040625
2 0.5203125 0.334375 0.059375 0.103125
10 0.575 0.390625 0.0484375 0.1234375
10 0.5875 0.52109375 0.0625 0.1109375