8 0.54609375 0.75078125 0.034375 0.078125
4 0.5046875 0.79609375 0.053125 0.053125
8 0.61328125 0.325 0.0484375 0.109375
5 0.534375 0.61328125 0.08125 0.103125
9 0.6328125 0.74609375 0.1265625 0.175
8 0.3671875 0.56875 0.05625 0.05
8 0.54296875 0.3859375 0.0609375 0.053125
8 0.528125 0.5265625 0.0625 0.0484375
5 0.33828125 0.459375 0.1015625 0.1
9 0.2921875 0.30234375 0.1578125 0.2203125
0 0.41953125 0.21171875 0.190625 0.415625
4 0.63515625 0.4546875 0.0515625 0.1078125
8 0.4921875 0.65859375 0.0484375 0.046875
2 0.3765625 0.66953125 0.0703125 0.1203125
9 0.4265625 0.79921875 0.075 0.1140625
4 0.59296875 0.465625 0.0453125 0.1015625
5 0.63203125 0.65625 0.0546875 0.128125
5 0.684375 0.58515625 0.1078125 0.1125
4 0.5546875 0.20078125 0.084375 0.0671875
10 0.45078125 0.5765625 0.0703125 0.1234375
10 0.559375 0.90078125 0.06875 0.1234375