1 0.2375 0.34453125 0.0953125 0.3640625
9 0.32421875 0.70625 0.1515625 0.25390625
8 0.3421875 0.2296875 0.028125 0.1265625
8 0.7046875 0.22734375 0.0328125 0.1421875
8 0.1578125 0.57109375 0.0328125 0.13046875
9 0.7125 0.76328125 0.08828125 0.15234375
8 0.67578125 0.625 0.12109375 0.05234375
8 0.6421875 0.4734375 0.0359375 0.1625
8 0.16171875 0.1953125 0.03359375 0.1359375
8 0.471875 0.3390625 0.028125 0.1375
5 0.56953125 0.68203125 0.07265625 0.16015625
4 0.58203125 0.33984375 0.03125 0.1453125
5 0.52578125 0.3359375 0.05859375 0.16796875
8 0.47734375 0.81015625 0.03125 0.190625
10 0.4515625 0.48359375 0.06796875 0.1640625
8 0.634375 0.15390625 0.09140625 0.06015625
5 0.45 0.09765625 0.0703125 0.1796875
2 0.3921875 0.334375 0.06484375 0.18359375
8 0.6453125 0.2765625 0.08671875 0.0453125
10 0.5796875 0.52734375 0.065625 0.18203125
4 0.534375 0.159375 0.1 0.07890625