5 0.33671875 0.13671875 0.121875 0.13125
9 0.27109375 0.35703125 0.1890625 0.2578125
5 0.54765625 0.16640625 0.0921875 0.125
5 0.7515625 0.4890625 0.0953125 0.1578125
1 0.60390625 0.421875 0.2328125 0.2203125
8 0.42734375 0.36484375 0.0796875 0.20625
8 0.484375 0.54765625 0.1296875 0.0859375
4 0.68984375 0.32578125 0.14375 0.0921875
8 0.14296875 0.55625 0.1078125 0.0796875
9 0.34765625 0.51171875 0.1265625 0.1625
8 0.6421875 0.21015625 0.065625 0.1703125
10 0.54296875 0.25390625 0.115625 0.13125
5 0.84375 0.2453125 0.15 0.1453125
0 0.809375 0.7046875 0.33125 0.2828125