9 0.478125 0.6859375 0.0984375 0.1765625
9 0.53984375 0.47734375 0.046875 0.10859375
8 0.40234375 0.403125 0.0171875 0.071875
5 0.55625 0.696875 0.0453125 0.084375
8 0.678125 0.44140625 0.02109375 0.0921875
8 0.440625 0.28671875 0.03828125 0.0375
8 0.44296875 0.1703125 0.034375 0.03125
4 0.43671875 0.51640625 0.0796875 0.0515625
8 0.653125 0.59609375 0.04453125 0.04765625
9 0.615625 0.1859375 0.0421875 0.0984375
8 0.44296875 0.228125 0.0390625 0.0359375
8 0.6625 0.7171875 0.04609375 0.04140625
4 0.6265625 0.33046875 0.05703125 0.0453125
5 0.54453125 0.3296875 0.034375 0.0765625
8 0.45390625 0.3921875 0.01640625 0.084375
8 0.6375 0.45390625 0.08203125 0.115625
8 0.60859375 0.45859375 0.01796875 0.10546875
5 0.54375 0.253125 0.02109375 0.065625
4 0.39296875 0.64453125 0.02109375 0.096875
4 0.62421875 0.25078125 0.06328125 0.04375
5 0.540625 0.1484375 0.03984375 0.1140625
5 0.5546875 0.59609375 0.05234375 0.13046875