8 0.4125 0.3328125 0.028125 0.059375
8 0.69375 0.375 0.0265625 0.0546875
8 0.653125 0.5421875 0.028125 0.0625
8 0.59765625 0.37265625 0.025 0.053125
8 0.471875 0.60546875 0.028125 0.065625
8 0.421875 0.44609375 0.028125 0.0640625
1 0.634375 0.43828125 0.075 0.171875
8 0.45234375 0.3140625 0.0390625 0.040625
8 0.4359375 0.365625 0.0390625 0.040625
8 0.3890625 0.51015625 0.0421875 0.0421875
9 0.36171875 0.56484375 0.059375 0.09375
9 0.5546875 0.58125 0.096875 0.140625
4 0.46171875 0.403125 0.0328125 0.071875
8 0.5234375 0.3984375 0.0234375 0.04375
4 0.50234375 0.3296875 0.0453125 0.046875
10 0.4734375 0.5140625 0.0859375 0.0734375
2 0.55859375 0.4171875 0.046875 0.0859375
5 0.49375 0.39375 0.05 0.096875
5 0.5515625 0.30078125 0.059375 0.125
5 0.4234375 0.59609375 0.0609375 0.096875