8 0.559375 0.56796875 0.01953125 0.1125
8 0.55546875 0.44296875 0.01875 0.10234375
10 0.49765625 0.24140625 0.025 0.075
5 0.50703125 0.32421875 0.03671875 0.084375
10 0.4328125 0.2578125 0.03046875 0.1140625
5 0.4984375 0.465625 0.04375 0.1109375
8 0.4125 0.525 0.06875 0.040625
9 0.315625 0.4078125 0.09296875 0.14609375
8 0.41640625 0.45078125 0.07421875 0.0421875
4 0.57734375 0.2421875 0.06484375 0.0421875
4 0.553125 0.31328125 0.021875 0.084375
4 0.6453125 0.290625 0.02265625 0.09453125
8 0.4140625 0.61015625 0.08046875 0.03671875
8 0.4203125 0.3859375 0.0734375 0.0359375
8 0.6515625 0.615625 0.08046875 0.03515625
8 0.6375 0.38828125 0.07109375 0.03984375
8 0.646875 0.5328125 0.07578125 0.03671875
9 0.3078125 0.56875 0.0578125 0.09921875
5 0.36875 0.2734375 0.0234375 0.14609375
8 0.64375 0.465625 0.07734375 0.0375
5 0.30625 0.24453125 0.0421875 0.12890625