4 0.684375 0.34375 0.034375 0.0796875
9 0.621875 0.2375 0.05703125 0.1078125
8 0.63359375 0.30859375 0.05703125 0.05
8 0.4359375 0.54765625 0.03203125 0.1171875
4 0.3515625 0.6515625 0.1546875 0.10546875
4 0.6046875 0.3515625 0.0328125 0.08125
8 0.48515625 0.4203125 0.06328125 0.0515625
8 0.653125 0.40234375 0.06484375 0.0515625
4 0.61796875 0.440625 0.03984375 0.1140625
5 0.5296875 0.46640625 0.03671875 0.33984375
4 0.7109375 0.446875 0.04375 0.103125
8 0.68671875 0.5703125 0.09375 0.0734375
8 0.4875 0.36875 0.05546875 0.05234375
2 0.3234375 0.44765625 0.09453125 0.2015625
1 0.38125 0.36953125 0.0828125 0.19140625
8 0.33671875 0.30546875 0.03828125 0.07109375
9 0.57890625 0.6296875 0.11640625 0.23671875
5 0.48828125 0.24921875 0.09921875 0.0859375
10 0.3890625 0.24375 0.0703125 0.08359375