0 0.34453125 0.184375 0.1375 0.3109375
1 0.4734375 0.3734375 0.1 0.2125
5 0.55859375 0.1875 0.065625 0.115625
5 0.459375 0.23125 0.0875 0.090625
5 0.6171875 0.4828125 0.075 0.146875
5 0.65625 0.7296875 0.103125 0.14375
8 0.58984375 0.375 0.1 0.059375
8 0.51875 0.55546875 0.1203125 0.06875
8 0.42578125 0.46015625 0.0515625 0.1421875
8 0.4125 0.80078125 0.0546875 0.153125
10 0.5625 0.4546875 0.065625 0.1140625
4 0.52109375 0.315625 0.0515625 0.15
9 0.521875 0.715625 0.1265625 0.20625
9 0.428125 0.5828125 0.065625 0.1