9 0.553125 0.6859375 0.115625 0.1828125
9 0.47109375 0.5734375 0.059375 0.1234375
8 0.63671875 0.36875 0.0421875 0.0421875
5 0.62109375 0.20390625 0.0609375 0.1421875
0 0.3859375 0.1859375 0.1234375 0.3375
4 0.57421875 0.31171875 0.025 0.0890625
5 0.5421875 0.190625 0.034375 0.1125
8 0.4390625 0.78046875 0.034375 0.1125
8 0.46640625 0.45390625 0.025 0.09375
5 0.67578125 0.48984375 0.0921875 0.1984375
5 0.684375 0.6109375 0.0765625 0.1390625
10 0.61796875 0.4421875 0.0578125 0.128125
8 0.55625 0.53828125 0.115625 0.05625
1 0.5234375 0.371875 0.0796875 0.1828125