9 0.58046875 0.5109375 0.05 0.09375
8 0.4 0.365625 0.03125 0.021875
9 0.39609375 0.27109375 0.053125 0.1
8 0.5359375 0.29765625 0.0109375 0.059375
5 0.45625 0.175 0.025 0.0703125
8 0.55234375 0.228125 0.03125 0.021875
5 0.4546875 0.259375 0.0265625 0.034375
0 0.609375 0.37890625 0.1046875 0.08125
4 0.50703125 0.23046875 0.034375 0.025
8 0.4890625 0.334375 0.0125 0.0609375
4 0.51015625 0.26953125 0.0359375 0.028125
8 0.4859375 0.49921875 0.0125 0.05625
8 0.4421875 0.39609375 0.0109375 0.0640625
5 0.45703125 0.35234375 0.028125 0.0703125
10 0.334375 0.3875 0.04375 0.059375
4 0.38359375 0.41015625 0.0125 0.0609375
5 0.5234375 0.5046875 0.025 0.0734375
10 0.4859375 0.42109375 0.0234375 0.04375
2 0.4421875 0.5203125 0.034375 0.059375
9 0.3921875 0.5015625 0.034375 0.0640625