8 0.4515625 0.140625 0.02265625 0.08203125
8 0.49921875 0.1609375 0.028125 0.09453125
8 0.54453125 0.16015625 0.025 0.090625
8 0.5890625 0.16875 0.02421875 0.109375
8 0.5703125 0.25546875 0.0609375 0.0359375
8 0.4875 0.246875 0.06015625 0.04140625
5 0.5390625 0.271875 0.034375 0.1109375
5 0.44375 0.25859375 0.0328125 0.153125
4 0.3796875 0.128125 0.08671875 0.053125
4 0.340625 0.1953125 0.03515625 0.090625
4 0.39140625 0.23203125 0.0546875 0.05546875
10 0.3609375 0.27890625 0.04609375 0.1109375
10 0.3546875 0.36015625 0.05703125 0.065625
5 0.384375 0.43125 0.0859375 0.12890625
5 0.353125 0.54140625 0.065625 0.1140625
8 0.44375 0.41875 0.02265625 0.1265625
8 0.4953125 0.41796875 0.02734375 0.11953125
8 0.55 0.428125 0.03046875 0.12890625
8 0.6 0.43046875 0.02734375 0.11953125
9 0.471875 0.56328125 0.12421875 0.19609375
9 0.5953125 0.56328125 0.05859375 0.12890625