9 0.625 0.24140625 0.1 0.1546875
9 0.56484375 0.73359375 0.0578125 0.0875
9 0.3734375 0.71015625 0.1 0.1515625
4 0.48671875 0.75234375 0.0484375 0.0375
8 0.3828125 0.2953125 0.0265625 0.0828125
4 0.42421875 0.19296875 0.05625 0.0421875
8 0.5890625 0.4890625 0.05625 0.0359375
8 0.43828125 0.346875 0.0453125 0.0359375
8 0.453125 0.69453125 0.028125 0.0890625
8 0.49375 0.596875 0.053125 0.0375
5 0.3109375 0.54375 0.065625 0.075
10 0.44609375 0.87890625 0.0546875 0.1125
5 0.45625 0.55390625 0.0640625 0.084375
5 0.6046875 0.4 0.0734375 0.0875
8 0.45859375 0.4703125 0.0609375 0.0359375
2 0.58984375 0.59296875 0.0515625 0.09375
4 0.36875 0.4125 0.028125 0.06875
4 0.403125 0.4140625 0.028125 0.078125
10 0.52265625 0.47890625 0.0390625 0.0671875
5 0.38203125 0.553125 0.0328125 0.0734375
0 0.525 0.18359375 0.125 0.3671875