8 0.31484375 0.203125 0.0828125 0.053125
8 0.31796875 0.25859375 0.0890625 0.05625
8 0.315625 0.321875 0.103125 0.059375
8 0.31171875 0.384375 0.0953125 0.05
8 0.525 0.20234375 0.078125 0.046875
8 0.53203125 0.25703125 0.0796875 0.0421875
8 0.53984375 0.3078125 0.0859375 0.053125
8 0.54453125 0.37734375 0.0796875 0.046875
8 0.396875 0.23515625 0.0234375 0.0921875
8 0.4015625 0.33203125 0.028125 0.090625
5 0.453125 0.209375 0.053125 0.1109375
5 0.4578125 0.32890625 0.0546875 0.128125
5 0.690625 0.4171875 0.0671875 0.1390625
5 0.61953125 0.41953125 0.0421875 0.1703125
9 0.61484375 0.196875 0.065625 0.084375
9 0.64765625 0.33125 0.10625 0.1515625
10 0.54921875 0.46875 0.0515625 0.1140625
10 0.47734375 0.47421875 0.04375 0.165625
4 0.40703125 0.46796875 0.04375 0.1109375
4 0.36875 0.54921875 0.10625 0.0640625
4 0.290625 0.496875 0.0578125 0.1359375