8 0.5328125 0.60390625 0.021875 0.0671875
8 0.64375 0.440625 0.0734375 0.0421875
1 0.53671875 0.37421875 0.1125 0.08125
4 0.684375 0.39765625 0.028125 0.096875
8 0.62421875 0.60703125 0.0265625 0.084375
8 0.5609375 0.46015625 0.0234375 0.084375
4 0.56796875 0.57265625 0.04375 0.0328125
8 0.484375 0.31796875 0.0359375 0.0296875
8 0.52109375 0.4671875 0.021875 0.071875
4 0.50078125 0.56953125 0.046875 0.0359375
4 0.4921875 0.64453125 0.0421875 0.04375
8 0.4546875 0.6 0.021875 0.0640625
4 0.56171875 0.65 0.0375 0.0421875
5 0.6265625 0.5046875 0.046875 0.04375
9 0.6625 0.53359375 0.053125 0.06875
9 0.4 0.5953125 0.05 0.0890625
2 0.6296875 0.35 0.04375 0.078125
10 0.440625 0.35546875 0.0515625 0.0765625
5 0.41171875 0.45625 0.0546875 0.1109375