1 0.39453125 0.403125 0.1109375 0.25625
8 0.65234375 0.6140625 0.08125 0.0625
4 0.65 0.46640625 0.046875 0.10625
4 0.59140625 0.4875 0.0453125 0.10625
8 0.49609375 0.6390625 0.0515625 0.1328125
4 0.55234375 0.35 0.04375 0.096875
5 0.43984375 0.13515625 0.0578125 0.178125
9 0.53046875 0.16015625 0.075 0.121875
10 0.36171875 0.20234375 0.059375 0.1265625
4 0.471875 0.75859375 0.1046875 0.0734375
4 0.609375 0.328125 0.04375 0.10625
8 0.55625 0.25234375 0.05625 0.0578125
5 0.54921875 0.59609375 0.075 0.2390625
8 0.48359375 0.45078125 0.06875 0.05625
8 0.471875 0.375 0.05625 0.059375
9 0.6 0.69375 0.08125 0.13125
8 0.5984375 0.39765625 0.0546875 0.05
2 0.39453125 0.56640625 0.075 0.1109375
8 0.33125 0.3265625 0.05 0.109375