10 0.59296875 0.39609375 0.0703125 0.1828125
4 0.37265625 0.3640625 0.10625 0.071875
9 0.5203125 0.2296875 0.0765625 0.1296875
4 0.3875 0.47421875 0.1171875 0.078125
10 0.47265625 0.3734375 0.075 0.15625
9 0.65 0.721875 0.1859375 0.2640625
8 0.43046875 0.7421875 0.1265625 0.0796875
8 0.40625 0.5953125 0.121875 0.08125
4 0.3890625 0.2125 0.0375 0.096875
8 0.44921875 0.88046875 0.13125 0.0734375
9 0.4390625 0.06171875 0.065625 0.11875
8 0.38125 0.4265625 0.109375 0.05625
4 0.31328125 0.2234375 0.0390625 0.1015625