9 0.628125 0.5609375 0.103125 0.1578125
5 0.5 0.740625 0.0421875 0.159375
9 0.56640625 0.465625 0.071875 0.109375
0 0.34453125 0.4421875 0.134375 0.2578125
8 0.396875 0.684375 0.034375 0.1078125
5 0.28046875 0.71171875 0.05 0.134375
8 0.525 0.58203125 0.028125 0.075
10 0.47421875 0.6671875 0.046875 0.1203125
8 0.47734375 0.45625 0.08125 0.059375
5 0.28828125 0.60546875 0.0625 0.1125
4 0.35546875 0.6109375 0.0875 0.05625
5 0.58046875 0.7234375 0.05 0.15
8 0.69765625 0.42578125 0.065625 0.0515625
1 0.4078125 0.53671875 0.146875 0.1328125