9 0.56484375 0.46328125 0.0796875 0.13984375
10 0.515625 0.24765625 0.03203125 0.06328125
8 0.58828125 0.36640625 0.0359375 0.03515625
8 0.4796875 0.26484375 0.034375 0.03828125
5 0.5625 0.26015625 0.0328125 0.09921875
1 0.434375 0.5625 0.13046875 0.11015625
5 0.4390625 0.28984375 0.046875 0.08125
8 0.39375 0.22265625 0.03828125 0.03125
8 0.4140625 0.2578125 0.01484375 0.053125
8 0.36796875 0.26953125 0.01640625 0.0578125
8 0.5234375 0.61484375 0.04296875 0.04375
10 0.4953125 0.36328125 0.02890625 0.115625
8 0.3609375 0.65546875 0.0453125 0.03828125
8 0.3890625 0.48515625 0.03671875 0.0359375
5 0.3625 0.37421875 0.0390625 0.12265625
2 0.43984375 0.4140625 0.059375 0.115625