9 0.58671875 0.2078125 0.165625 0.2328125
9 0.47421875 0.79921875 0.1328125 0.1875
8 0.303125 0.38203125 0.053125 0.115625
8 0.39375 0.409375 0.0625 0.0546875
4 0.34296875 0.521875 0.053125 0.1109375
4 0.38515625 0.509375 0.046875 0.1046875
9 0.69140625 0.7515625 0.0765625 0.1171875
8 0.55703125 0.7625 0.040625 0.090625
10 0.60234375 0.90078125 0.0578125 0.0890625
8 0.6375 0.49921875 0.0640625 0.05625
4 0.61875 0.7921875 0.0484375 0.05
5 0.43046875 0.7 0.0609375 0.1390625
4 0.2984375 0.2328125 0.0875 0.0671875
5 0.659375 0.3859375 0.0609375 0.1109375
5 0.46875 0.68515625 0.0578125 0.13125
2 0.696875 0.60859375 0.0796875 0.159375
0 0.5109375 0.521875 0.19375 0.3640625
5 0.384375 0.69609375 0.0765625 0.175