8 0.21171875 0.20703125 0.04296875 0.1703125
8 0.23046875 0.5875 0.04296875 0.17109375
8 0.38125 0.25390625 0.03359375 0.16796875
8 0.653125 0.184375 0.09765625 0.0625
8 0.7140625 0.24296875 0.02578125 0.16796875
8 0.65625 0.31015625 0.090625 0.05078125
8 0.64765625 0.49921875 0.03515625 0.1796875
8 0.671875 0.65078125 0.1203125 0.05625
8 0.5046875 0.8046875 0.0328125 0.18671875
8 0.5 0.37265625 0.028125 0.16875
5 0.48046875 0.11640625 0.0671875 0.19453125
5 0.55 0.36328125 0.0640625 0.1921875
5 0.578125 0.8203125 0.0796875 0.2265625
9 0.37890625 0.72109375 0.1375 0.24140625
9 0.68984375 0.7765625 0.10234375 0.15390625
4 0.5609375 0.18671875 0.09296875 0.06953125
4 0.59921875 0.3765625 0.034375 0.15
10 0.48671875 0.521875 0.08046875 0.12734375
10 0.54140625 0.6171875 0.11484375 0.12734375
2 0.42734375 0.36875 0.065625 0.1703125
1 0.296875 0.37421875 0.0953125 0.3515625