8 0.465625 0.8015625 0.0640625 0.046875
8 0.43125 0.76171875 0.0328125 0.0734375
8 0.47578125 0.75 0.034375 0.0734375
8 0.53984375 0.73828125 0.0578125 0.0484375
8 0.61796875 0.61328125 0.08125 0.0515625
8 0.39453125 0.54609375 0.0734375 0.0546875
8 0.496875 0.384375 0.078125 0.0546875
8 0.3296875 0.38359375 0.078125 0.0546875
1 0.41953125 0.4546875 0.1671875 0.140625
10 0.52890625 0.63828125 0.06875 0.1328125
10 0.57734375 0.728125 0.0625 0.10625
5 0.61796875 0.7078125 0.0703125 0.1265625
5 0.503125 0.70703125 0.0640625 0.115625
5 0.4 0.6578125 0.0890625 0.140625
2 0.471875 0.596875 0.0875 0.14375
9 0.57421875 0.515625 0.1234375 0.1578125