4 0.38671875 0.2671875 0.07890625 0.06171875
8 0.46015625 0.1328125 0.02109375 0.1265625
8 0.64375 0.1359375 0.02421875 0.12578125
5 0.35625 0.771875 0.06875 0.075
5 0.4578125 0.32109375 0.02734375 0.18984375
8 0.596875 0.540625 0.02421875 0.1625
8 0.5296875 0.54765625 0.025 0.16484375
9 0.49765625 0.7734375 0.12265625 0.2171875
8 0.52265625 0.1328125 0.021875 0.12109375
8 0.50703125 0.2671875 0.06484375 0.046875
10 0.34375 0.33203125 0.04765625 0.090625
5 0.36640625 0.61171875 0.06328125 0.1203125
8 0.66953125 0.5328125 0.03671875 0.1515625
8 0.58203125 0.12890625 0.0203125 0.109375
9 0.6609375 0.75546875 0.07578125 0.1546875
8 0.46015625 0.53046875 0.0234375 0.140625
4 0.36171875 0.090625 0.084375 0.06015625
8 0.60546875 0.2703125 0.078125 0.05
4 0.3109375 0.21171875 0.02734375 0.12890625
10 0.3390625 0.48203125 0.05 0.10078125
5 0.5765625 0.33828125 0.03046875 0.14296875