9 0.5421875 0.66640625 0.046875 0.0953125
5 0.39609375 0.78203125 0.046875 0.0859375
9 0.4984375 0.77734375 0.0828125 0.15
5 0.36875 0.69140625 0.0515625 0.071875
4 0.4046875 0.37734375 0.034375 0.1546875
8 0.5796875 0.8109375 0.021875 0.065625
8 0.46328125 0.63515625 0.05 0.04375
8 0.35546875 0.4734375 0.0875 0.0453125
5 0.41796875 0.315625 0.0375 0.109375
1 0.47109375 0.45234375 0.08125 0.2234375
10 0.4078125 0.6015625 0.05625 0.10625
8 0.53125 0.528125 0.0234375 0.096875
0 0.6 0.46328125 0.1390625 0.2734375
5 0.32578125 0.31796875 0.05625 0.090625