9 0.55625 0.303125 0.05625 0.1171875
8 0.43671875 0.77890625 0.0640625 0.034375
9 0.575 0.53984375 0.05 0.1015625
4 0.43984375 0.62109375 0.071875 0.04375
8 0.41015625 0.4609375 0.0296875 0.15
10 0.60234375 0.7109375 0.0703125 0.071875
9 0.54609375 0.87109375 0.071875 0.1203125
8 0.47734375 0.4609375 0.0265625 0.1421875
4 0.43671875 0.703125 0.0703125 0.0421875
4 0.4390625 0.65078125 0.0765625 0.09375
8 0.4328125 0.90234375 0.0625 0.0421875
8 0.4359375 0.853125 0.0640625 0.0390625
10 0.5328125 0.659375 0.0453125 0.065625