9 0.46953125 0.56640625 0.09765625 0.16015625
10 0.3515625 0.359375 0.0328125 0.0734375
8 0.565625 0.24765625 0.034375 0.040625
8 0.45078125 0.14453125 0.0140625 0.059375
10 0.35703125 0.2609375 0.0359375 0.08359375
4 0.37578125 0.1234375 0.06171875 0.05078125
5 0.3734375 0.428125 0.04453125 0.0953125
8 0.4984375 0.14921875 0.015625 0.0625
8 0.60546875 0.41875 0.02109375 0.08828125
8 0.54296875 0.15234375 0.0140625 0.06171875
4 0.39609375 0.2375 0.04609375 0.0453125
8 0.44375 0.4265625 0.01875 0.10703125
8 0.55 0.42265625 0.01796875 0.09609375
4 0.3375 0.19375 0.02265625 0.07421875
8 0.49765625 0.42578125 0.01875 0.11875
8 0.48046875 0.23828125 0.040625 0.0359375
5 0.4453125 0.26015625 0.0203125 0.159375
5 0.5375 0.26796875 0.0265625 0.14609375
9 0.59453125 0.5515625 0.04921875 0.10859375
8 0.5890625 0.16171875 0.015625 0.0765625
5 0.35625 0.5390625 0.0625 0.10859375