8 0.44609375 0.74765625 0.04375 0.0421875
8 0.28671875 0.79609375 0.025 0.0609375
8 0.35390625 0.7875 0.0234375 0.0625
5 0.2625 0.75234375 0.0390625 0.0859375
8 0.67578125 0.540625 0.03125 0.0734375
8 0.56171875 0.546875 0.028125 0.0765625
9 0.3171875 0.7390625 0.0515625 0.125
9 0.53203125 0.76328125 0.025 0.0765625
8 0.6171875 0.53515625 0.0359375 0.09375
9 0.41640625 0.69765625 0.0578125 0.1046875
8 0.67421875 0.69453125 0.0546875 0.115625
4 0.36640625 0.55234375 0.0359375 0.1171875
9 0.26015625 0.63359375 0.121875 0.1765625
8 0.45546875 0.5109375 0.0609375 0.053125
9 0.646875 0.76015625 0.0546875 0.0984375
4 0.5125 0.70625 0.0296875 0.11875
4 0.2703125 0.5265625 0.08125 0.0609375
9 0.5953125 0.76328125 0.028125 0.075
8 0.453125 0.8078125 0.040625 0.0390625
8 0.46875 0.5765625 0.05 0.0453125
5 0.58515625 0.68359375 0.0359375 0.0921875