10 0.38046875 0.5015625 0.071875 0.06953125
9 0.42734375 0.31171875 0.040625 0.08828125
9 0.42421875 0.7203125 0.0875 0.1609375
9 0.45703125 0.1390625 0.03828125 0.084375
8 0.575 0.25859375 0.01796875 0.07890625
4 0.55390625 0.396875 0.0703125 0.04140625
4 0.5578125 0.490625 0.071875 0.04296875
8 0.51796875 0.259375 0.01875 0.07734375
10 0.45703125 0.4484375 0.05078125 0.075
8 0.559375 0.5859375 0.07578125 0.05078125
8 0.56953125 0.79609375 0.08359375 0.040625
8 0.5671875 0.696875 0.0765625 0.046875