9 0.65546875 0.79921875 0.1625 0.2328125
9 0.37265625 0.23203125 0.159375 0.23125
8 0.46328125 0.7328125 0.0515625 0.1359375
10 0.2359375 0.421875 0.065625 0.1078125
9 0.2703125 0.6953125 0.1046875 0.1640625
0 0.66015625 0.49296875 0.221875 0.278125
5 0.4828125 0.309375 0.075 0.090625
8 0.65078125 0.34765625 0.046875 0.1140625
5 0.4984375 0.2234375 0.0734375 0.0859375
8 0.415625 0.50703125 0.05 0.1328125
8 0.71171875 0.20546875 0.084375 0.065625
4 0.6015625 0.26953125 0.0953125 0.071875
8 0.33828125 0.42734375 0.08125 0.0609375
2 0.3625 0.79296875 0.1078125 0.109375
5 0.51796875 0.8453125 0.0828125 0.09375
4 0.2890625 0.50546875 0.0515625 0.1234375
10 0.4984375 0.5765625 0.0828125 0.1
4 0.78515625 0.29375 0.05625 0.140625
8 0.53828125 0.40234375 0.0734375 0.1609375
5 0.52109375 0.13125 0.0890625 0.1
4 0.621875 0.1890625 0.0921875 0.0859375