9 0.68046875 0.81015625 0.1015625 0.1328125
8 0.71484375 0.60078125 0.034375 0.0734375
8 0.6609375 0.6078125 0.0375 0.08125
8 0.52265625 0.78984375 0.04375 0.0421875
4 0.7 0.69921875 0.084375 0.06875
5 0.56484375 0.6265625 0.0625 0.1015625
9 0.596875 0.70859375 0.0640625 0.1
4 0.740625 0.76015625 0.0359375 0.06875
5 0.53203125 0.51953125 0.0453125 0.078125
8 0.453125 0.69296875 0.0421875 0.0875
8 0.62578125 0.346875 0.1015625 0.065625
5 0.50078125 0.4125 0.071875 0.128125
5 0.6171875 0.8203125 0.059375 0.109375
4 0.4546875 0.59921875 0.0921875 0.06875
8 0.5421875 0.84765625 0.040625 0.040625
8 0.659375 0.5046875 0.05625 0.053125
8 0.64375 0.43046875 0.090625 0.0609375
4 0.4234375 0.5171875 0.096875 0.071875
8 0.51796875 0.684375 0.0359375 0.065625
9 0.40703125 0.44921875 0.0859375 0.1234375