9 0.61875 0.66875 0.1375 0.184375
9 0.31171875 0.590625 0.2140625 0.29375
9 0.65625 0.26171875 0.15 0.184375
0 0.54609375 0.18828125 0.1734375 0.3765625
10 0.5546875 0.38828125 0.084375 0.184375
4 0.41875 0.2046875 0.09375 0.08125
4 0.334375 0.3453125 0.0703125 0.140625
4 0.50078125 0.6875 0.11875 0.0953125
8 0.63359375 0.45703125 0.1140625 0.0859375
8 0.49921875 0.52265625 0.125 0.090625
8 0.4390625 0.62421875 0.078125 0.153125
8 0.45078125 0.403125 0.1046875 0.084375
8 0.434375 0.30546875 0.0765625 0.065625
5 0.64296875 0.371875 0.1046875 0.1171875
5 0.44453125 0.46484375 0.1328125 0.146875
5 0.36875 0.36484375 0.1015625 0.246875
5 0.25703125 0.41953125 0.15625 0.159375
2 0.646875 0.534375 0.103125 0.1265625