5 0.3578125 0.4890625 0.071875 0.109375
0 0.57109375 0.83203125 0.1578125 0.3359375
4 0.42109375 0.66328125 0.0375 0.1046875
5 0.4203125 0.79296875 0.046875 0.115625
9 0.53984375 0.29296875 0.128125 0.184375
9 0.58828125 0.4265625 0.0703125 0.121875
8 0.49453125 0.44296875 0.05 0.04375
8 0.67265625 0.22890625 0.046875 0.1171875
8 0.37734375 0.5921875 0.046875 0.0421875
5 0.34765625 0.76640625 0.0734375 0.134375
5 0.39921875 0.321875 0.084375 0.1375
8 0.56015625 0.55078125 0.0390625 0.1125
1 0.4859375 0.6234375 0.0921875 0.1921875
10 0.41328125 0.51015625 0.0625 0.1203125