9 0.515625 0.70078125 0.053125 0.096875
9 0.44609375 0.7953125 0.090625 0.1453125
0 0.64609375 0.2609375 0.1328125 0.3203125
8 0.4453125 0.65078125 0.0453125 0.040625
8 0.378125 0.4625 0.0859375 0.0484375
8 0.52109375 0.84921875 0.025 0.071875
5 0.35703125 0.5765625 0.0515625 0.09375
5 0.340625 0.7859375 0.065625 0.1125
5 0.52265625 0.29453125 0.090625 0.1
1 0.49140625 0.465625 0.0984375 0.2296875
8 0.5359375 0.56796875 0.0328125 0.1046875
10 0.4 0.5484375 0.046875 0.096875
4 0.43984375 0.38984375 0.0484375 0.15
5 0.396875 0.20625 0.071875 0.146875