0 0.49375 0.1484375 0.125 0.296875
9 0.57734375 0.6921875 0.1203125 0.196875
5 0.3328125 0.27265625 0.046875 0.140625
9 0.33046875 0.68203125 0.0671875 0.11875
5 0.6453125 0.47734375 0.04375 0.121875
2 0.3109375 0.52265625 0.05 0.121875
8 0.5234375 0.40546875 0.0578125 0.04375
10 0.4515625 0.81484375 0.0671875 0.09375
4 0.615625 0.121875 0.065625 0.059375
8 0.63984375 0.2953125 0.0421875 0.215625
8 0.56953125 0.27890625 0.05 0.04375
9 0.37890625 0.134375 0.10625 0.175
8 0.36171875 0.40078125 0.059375 0.04375
8 0.45546875 0.5421875 0.06875 0.046875
4 0.63515625 0.35703125 0.028125 0.0984375
4 0.59765625 0.3546875 0.03125 0.1046875
10 0.44453125 0.37890625 0.040625 0.09375
4 0.42265625 0.72890625 0.0703125 0.0484375
8 0.48046875 0.67109375 0.0421875 0.140625
5 0.55859375 0.47578125 0.053125 0.121875
5 0.6015625 0.47578125 0.046875 0.13125