4 0.53203125 0.54375 0.09296875 0.0671875
4 0.40390625 0.546875 0.09609375 0.06640625
4 0.403125 0.67890625 0.0875 0.06796875
8 0.6265625 0.60703125 0.02734375 0.13359375
9 0.2265625 0.465625 0.08359375 0.1515625
1 0.5015625 0.22421875 0.1875 0.15390625
5 0.7328125 0.36328125 0.09140625 0.178125
4 0.5359375 0.6703125 0.09375 0.06484375
8 0.46875 0.6140625 0.02734375 0.1484375
8 0.278125 0.6046875 0.0359375 0.1359375
8 0.44296875 0.378125 0.025 0.13828125
2 0.340625 0.16953125 0.0484375 0.18359375
10 0.67890625 0.20703125 0.06484375 0.13828125
8 0.5171875 0.38046875 0.0265625 0.13359375
9 0.7359375 0.60234375 0.0796875 0.15234375
4 0.23359375 0.2609375 0.040625 0.15546875
8 0.48203125 0.378125 0.10625 0.146875
8 0.59765625 0.14296875 0.0578125 0.0515625
5 0.31171875 0.38046875 0.1 0.19453125