9 0.73515625 0.74921875 0.10234375 0.2125
8 0.678125 0.53828125 0.0640625 0.05390625
9 0.678125 0.4125 0.13671875 0.19921875
10 0.46953125 0.5734375 0.0703125 0.19453125
9 0.184375 0.771875 0.20390625 0.29453125
8 0.58203125 0.59453125 0.03203125 0.1328125
8 0.46171875 0.7859375 0.034375 0.1625
4 0.7375 0.61328125 0.03828125 0.1
10 0.79921875 0.52109375 0.0546875 0.20703125
4 0.434375 0.4109375 0.05234375 0.0578125
4 0.4359375 0.36640625 0.046875 0.04453125
4 0.25390625 0.40859375 0.034375 0.1
5 0.35 0.771875 0.096875 0.20078125
2 0.584375 0.803125 0.1078125 0.14921875
5 0.54609375 0.37109375 0.059375 0.1421875
0 0.31640625 0.31640625 0.18125 0.625
5 0.5546875 0.28828125 0.07890625 0.0734375
5 0.54296875 0.2296875 0.0625 0.065625