9 0.7109375 0.31953125 0.15 0.2359375
5 0.5890625 0.11640625 0.0875 0.2109375
9 0.25234375 0.8046875 0.15 0.2421875
5 0.58125 0.29140625 0.0734375 0.0625
8 0.6734375 0.52890625 0.1 0.053125
2 0.54609375 0.84296875 0.1046875 0.125
8 0.484375 0.4328125 0.04375 0.1984375
10 0.82421875 0.5828125 0.10625 0.1171875
8 0.4578125 0.815625 0.0390625 0.1578125
9 0.66640625 0.8390625 0.0796875 0.13125
5 0.55625 0.46328125 0.0890625 0.1921875
4 0.70390625 0.65078125 0.040625 0.1578125
4 0.46796875 0.1890625 0.096875 0.0609375
0 0.221875 0.53671875 0.3484375 0.2484375
8 0.57734375 0.58515625 0.040625 0.15625
4 0.4609375 0.28359375 0.0734375 0.0640625
8 0.3875 0.359375 0.0375 0.1234375
10 0.471875 0.63359375 0.059375 0.0875
8 0.36171875 0.17890625 0.090625 0.059375
4 0.26953125 0.2640625 0.0796875 0.1921875
5 0.3828125 0.80546875 0.096875 0.19375