5 0.39296875 0.18203125 0.06875 0.1109375
5 0.31015625 0.6046875 0.1046875 0.171875
5 0.4375 0.6296875 0.0734375 0.21875
8 0.36328125 0.44453125 0.115625 0.059375
9 0.6109375 0.25 0.0640625 0.125
9 0.55390625 0.14140625 0.1109375 0.1703125
8 0.5171875 0.284375 0.1125 0.0609375
4 0.41796875 0.559375 0.046875 0.1703125
10 0.44140625 0.28125 0.08125 0.1484375
8 0.59453125 0.39765625 0.0375 0.121875
5 0.4390625 0.1046875 0.059375 0.1234375
0 0.709375 0.409375 0.2265625 0.4859375
1 0.51171875 0.48515625 0.115625 0.265625
8 0.6546875 0.12578125 0.028125 0.0859375