8 0.8640625 0.76484375 0.0484375 0.1125
8 0.4609375 0.39375 0.1515625 0.0859375
8 0.70625 0.77734375 0.0453125 0.1265625
9 0.45 0.5921875 0.1078125 0.1734375
8 0.43046875 0.1796875 0.1671875 0.0921875
9 0.2609375 0.7625 0.1859375 0.2703125
8 0.5828125 0.878125 0.1203125 0.0765625
4 0.3421875 0.9171875 0.1171875 0.084375
4 0.44375 0.8234375 0.075 0.1890625
4 0.60703125 0.284375 0.0953125 0.2421875
4 0.734375 0.25390625 0.125 0.26875
8 0.56875 0.75859375 0.140625 0.0796875
8 0.78203125 0.76875 0.0703125 0.15625
8 0.26328125 0.321875 0.08125 0.2328125
8 0.12734375 0.328125 0.090625 0.271875
5 0.1890625 0.63828125 0.09375 0.1953125
5 0.27578125 0.6265625 0.1203125 0.19375
5 0.61015625 0.57890625 0.090625 0.2
5 0.721875 0.51640625 0.0796875 0.153125
5 0.8828125 0.51640625 0.11875 0.2140625
9 0.846875 0.278125 0.13125 0.209375