8 0.4390625 0.5890625 0.05625 0.040625
5 0.234375 0.5328125 0.09375 0.10625
8 0.3953125 0.6734375 0.05 0.046875
0 0.4765625 0.81015625 0.103125 0.36875
8 0.4765625 0.37265625 0.0296875 0.1109375
10 0.51015625 0.146875 0.06875 0.165625
8 0.6171875 0.58671875 0.065625 0.05
9 0.34609375 0.371875 0.1546875 0.234375
9 0.60078125 0.76484375 0.1125 0.1578125
5 0.45390625 0.52890625 0.08125 0.1078125
9 0.6625 0.38125 0.0859375 0.1546875
8 0.5109375 0.48125 0.071875 0.0578125
5 0.34375 0.5859375 0.0390625 0.190625
4 0.5546875 0.32578125 0.059375 0.059375
5 0.61015625 0.66640625 0.0796875 0.084375
10 0.52890625 0.64296875 0.0421875 0.103125
4 0.3578125 0.76640625 0.05625 0.0515625
8 0.321875 0.70859375 0.028125 0.0625
2 0.653125 0.50625 0.0515625 0.1109375
4 0.31328125 0.61796875 0.05 0.1046875
4 0.3609375 0.62265625 0.0328125 0.1171875