9 0.625 0.72109375 0.090625 0.146875
4 0.49140625 0.45546875 0.0609375 0.053125
1 0.48515625 0.80703125 0.1328125 0.1125
8 0.6109375 0.353125 0.025 0.11875
8 0.54609375 0.39375 0.046875 0.034375
8 0.4171875 0.89453125 0.0390625 0.0375
8 0.56796875 0.86796875 0.040625 0.04375
8 0.6640625 0.57421875 0.0515625 0.0359375
5 0.40234375 0.63671875 0.0421875 0.1046875
8 0.46015625 0.38828125 0.021875 0.090625
8 0.43671875 0.71796875 0.040625 0.0359375
5 0.646875 0.51953125 0.0484375 0.103125
10 0.55546875 0.615625 0.034375 0.1046875
9 0.66953125 0.34453125 0.05625 0.1078125
4 0.40546875 0.509375 0.028125 0.09375
8 0.428125 0.3015625 0.0484375 0.0359375
10 0.58828125 0.50703125 0.0390625 0.0765625
8 0.40078125 0.384375 0.0234375 0.08125
2 0.496875 0.6765625 0.0546875 0.096875
5 0.50703125 0.534375 0.046875 0.1015625
8 0.48359375 0.5828125 0.0484375 0.0484375