5 0.8078125 0.228125 0.159375 0.11875
5 0.67265625 0.18671875 0.0765625 0.253125
10 0.5921875 0.1984375 0.0953125 0.165625
10 0.48984375 0.22890625 0.1078125 0.15
5 0.46953125 0.4609375 0.096875 0.2046875
5 0.49140625 0.690625 0.1078125 0.24375
4 0.32265625 0.18671875 0.1234375 0.0875
4 0.37265625 0.2890625 0.059375 0.134375
4 0.21484375 0.25546875 0.0625 0.1328125
9 0.8046875 0.421875 0.2140625 0.24375
9 0.85703125 0.70078125 0.1609375 0.2296875
8 0.60625 0.38359375 0.1484375 0.13125
8 0.62265625 0.5140625 0.1515625 0.1234375
8 0.64375 0.64375 0.1859375 0.1109375
8 0.67265625 0.79765625 0.1828125 0.10625
8 0.23515625 0.41484375 0.146875 0.1
8 0.21875 0.534375 0.1609375 0.078125
8 0.2078125 0.6671875 0.1765625 0.0890625
8 0.2046875 0.8359375 0.178125 0.1109375
8 0.3765625 0.49140625 0.071875 0.2015625
8 0.37734375 0.725 0.09375 0.259375