8 0.7140625 0.59453125 0.0734375 0.1578125
1 0.47578125 0.26796875 0.2453125 0.19375
9 0.19375 0.54921875 0.1453125 0.196875
5 0.26015625 0.42109375 0.1484375 0.259375
8 0.27265625 0.68984375 0.08125 0.146875
10 0.65859375 0.19375 0.0921875 0.16875
4 0.6109375 0.68046875 0.1421875 0.11875
8 0.52109375 0.39765625 0.053125 0.121875
9 0.8515625 0.54765625 0.1578125 0.2328125
2 0.28359375 0.24765625 0.0953125 0.20625
4 0.57578125 0.553125 0.13125 0.103125
8 0.51328125 0.63671875 0.0609375 0.14375
4 0.446875 0.73046875 0.128125 0.125
4 0.41875 0.59375 0.1375 0.109375
8 0.43671875 0.425 0.0609375 0.15
5 0.74921875 0.31484375 0.125 0.2078125
4 0.1703125 0.37734375 0.0859375 0.16875