4 0.43125 0.278125 0.09140625 0.0625
4 0.55 0.28359375 0.08984375 0.0609375
4 0.55234375 0.37734375 0.0921875 0.05703125
4 0.4296875 0.37421875 0.0921875 0.06796875
8 0.34609375 0.334375 0.0421875 0.13828125
8 0.43984375 0.521875 0.0515625 0.1546875
8 0.52265625 0.521875 0.053125 0.15625
8 0.665625 0.571875 0.11328125 0.075
8 0.32265625 0.803125 0.121875 0.075
4 0.78359375 0.6703125 0.075 0.2140625
9 0.73828125 0.42578125 0.07734375 0.14296875
5 0.21015625 0.41015625 0.10625 0.18203125
5 0.65625 0.4078125 0.08671875 0.18046875
9 0.25234375 0.32109375 0.09140625 0.1421875
8 0.49140625 0.33671875 0.02734375 0.1390625
10 0.2265625 0.62734375 0.1109375 0.17109375
1 0.4453125 0.68828125 0.2546875 0.18671875
2 0.6546875 0.71640625 0.07421875 0.23515625