8 0.65 0.746875 0.021875 0.0671875
4 0.68203125 0.509375 0.0328125 0.1078125
9 0.5078125 0.67734375 0.059375 0.096875
8 0.521875 0.58203125 0.0484375 0.0421875
8 0.7578125 0.64921875 0.059375 0.115625
8 0.40859375 0.55625 0.0265625 0.078125
8 0.57265625 0.79375 0.0390625 0.0359375
4 0.49375 0.76875 0.028125 0.0875
8 0.7453125 0.734375 0.0265625 0.078125
5 0.4109375 0.6984375 0.05 0.1125
5 0.67109375 0.64375 0.0359375 0.0765625
4 0.60859375 0.52109375 0.0328125 0.109375
9 0.74140625 0.52421875 0.0640625 0.1140625
8 0.5734375 0.74453125 0.040625 0.0390625
5 0.36015625 0.70234375 0.0359375 0.1078125
8 0.696875 0.7421875 0.0234375 0.0703125
8 0.51015625 0.49296875 0.05 0.0453125
4 0.4328125 0.80859375 0.0375 0.05
8 0.33515625 0.5671875 0.03125 0.0765625
5 0.59921875 0.671875 0.0265625 0.109375