9 0.35390625 0.540625 0.0921875 0.15
5 0.2671875 0.17578125 0.1 0.1125
8 0.49375 0.54609375 0.11875 0.0609375
1 0.58828125 0.4 0.2015625 0.1796875
5 0.47890625 0.15859375 0.0703125 0.1109375
9 0.2484375 0.40703125 0.15 0.2421875
5 0.7453125 0.43515625 0.0671875 0.1484375
8 0.5796875 0.19375 0.0296875 0.15625
8 0.4015625 0.38203125 0.0390625 0.209375
0 0.82578125 0.65234375 0.334375 0.2765625
10 0.490625 0.2484375 0.0953125 0.1125
4 0.65390625 0.28984375 0.128125 0.0625
5 0.7859375 0.17734375 0.1203125 0.121875
8 0.16484375 0.6203125 0.096875 0.0625