8 0.8171875 0.675 0.0609375 0.128125
9 0.75625 0.28359375 0.090625 0.1390625
5 0.65703125 0.1890625 0.078125 0.1671875
9 0.43515625 0.2515625 0.159375 0.221875
8 0.7234375 0.5875 0.11875 0.0953125
4 0.6515625 0.52734375 0.05625 0.1296875
8 0.25234375 0.3109375 0.0546875 0.1046875
1 0.25546875 0.45 0.18125 0.321875
10 0.66171875 0.33671875 0.084375 0.290625
8 0.084375 0.5890625 0.090625 0.165625
8 0.740625 0.3640625 0.071875 0.065625
10 0.534375 0.3484375 0.0921875 0.234375
8 0.73671875 0.71953125 0.10625 0.096875
8 0.3453125 0.5703125 0.05625 0.1234375
8 0.71484375 0.45234375 0.0484375 0.109375
5 0.60859375 0.3953125 0.1 0.221875
4 0.5984375 0.6890625 0.11875 0.1140625
5 0.484375 0.60234375 0.1375 0.2859375
2 0.45078125 0.3953125 0.109375 0.175