9 0.44609375 0.7015625 0.1921875 0.2734375
8 0.41796875 0.1171875 0.0421875 0.103125
8 0.3046875 0.45546875 0.0625 0.146875
8 0.45625 0.478125 0.0546875 0.165625
4 0.71328125 0.11875 0.1015625 0.0875
8 0.53984375 0.13046875 0.0421875 0.10625
10 0.67734375 0.3984375 0.0703125 0.128125
8 0.428125 0.22890625 0.10625 0.0703125
8 0.53359375 0.49453125 0.05625 0.1640625
4 0.66015625 0.2609375 0.0984375 0.0828125
8 0.5359375 0.240625 0.1015625 0.06875
8 0.60546875 0.1359375 0.0390625 0.1078125
5 0.6296875 0.5203125 0.096875 0.1625
4 0.75 0.221875 0.05 0.1265625
8 0.38359375 0.46875 0.0671875 0.175
8 0.48203125 0.1171875 0.0359375 0.0875
9 0.26796875 0.64765625 0.11875 0.1953125
5 0.4046875 0.3015625 0.121875 0.1265625
5 0.5078125 0.31171875 0.0875 0.1109375
5 0.5921875 0.83671875 0.11875 0.253125