9 0.4125 0.2140625 0.09609375 0.171875
10 0.51484375 0.084375 0.03984375 0.084375
9 0.653125 0.759375 0.12109375 0.21328125
9 0.63515625 0.21015625 0.05546875 0.10546875
8 0.33984375 0.65390625 0.02890625 0.11875
8 0.6390625 0.46796875 0.0625 0.04375
5 0.43203125 0.3265625 0.0296875 0.128125
4 0.34765625 0.51015625 0.02890625 0.1078125
0 0.51171875 0.46640625 0.12265625 0.3265625
8 0.42265625 0.60703125 0.053125 0.04140625
5 0.68671875 0.56953125 0.040625 0.1078125
4 0.55390625 0.18828125 0.04140625 0.04453125
4 0.390625 0.51015625 0.025 0.1015625
8 0.50234375 0.23359375 0.02109375 0.09140625
5 0.39375 0.31953125 0.03203125 0.13828125
4 0.36796875 0.80078125 0.07109375 0.05078125
2 0.6734375 0.35546875 0.04375 0.140625
8 0.45078125 0.46640625 0.0171875 0.040625
5 0.3453125 0.32734375 0.0359375 0.15703125