8 0.528125 0.22421875 0.01953125 0.11171875
9 0.3984375 0.79296875 0.10390625 0.175
8 0.57734375 0.89921875 0.09296875 0.04296875
4 0.565625 0.39375 0.08203125 0.04921875
9 0.4171875 0.2828125 0.05078125 0.1046875
9 0.4578125 0.06953125 0.04375 0.103125
8 0.57109375 0.634375 0.09296875 0.04921875
8 0.5734375 0.77421875 0.09375 0.04765625
8 0.5984375 0.2359375 0.0203125 0.13359375
4 0.56796875 0.5109375 0.0875 0.05390625
8 0.565625 0.45546875 0.0875 0.03515625
10 0.38828125 0.4953125 0.03359375 0.1328125
8 0.56875 0.5453125 0.090625 0.03515625
10 0.48359375 0.434375 0.0421875 0.13203125