9 0.290625 0.5296875 0.0421875 0.0703125
9 0.425 0.58046875 0.0390625 0.0671875
4 0.484375 0.375 0.01796875 0.1140625
4 0.54296875 0.3703125 0.0171875 0.10546875
9 0.6734375 0.5734375 0.0703125 0.12265625
8 0.38671875 0.428125 0.07421875 0.03203125
8 0.59921875 0.37578125 0.01796875 0.11328125
8 0.384375 0.32890625 0.0390625 0.03046875
8 0.659375 0.36015625 0.03515625 0.115625
8 0.70625 0.36875 0.02421875 0.11796875
10 0.5234375 0.528125 0.05859375 0.0859375
10 0.55078125 0.65 0.0546875 0.1140625