9 0.46640625 0.125 0.1359375 0.196875
8 0.54609375 0.553125 0.13125 0.075
8 0.79296875 0.725 0.0765625 0.20625
4 0.36953125 0.834375 0.146875 0.0984375
8 0.61171875 0.759375 0.065625 0.215625
8 0.70390625 0.759375 0.071875 0.221875
8 0.5203125 0.78671875 0.0640625 0.2109375
5 0.65234375 0.42421875 0.146875 0.1625
8 0.67734375 0.53125 0.1296875 0.078125
4 0.3953125 0.57109375 0.10625 0.0875
9 0.6109375 0.115625 0.0828125 0.140625
5 0.34921875 0.146875 0.071875 0.1265625
8 0.67265625 0.26328125 0.046875 0.1109375
4 0.30390625 0.66953125 0.0828125 0.1859375
8 0.59609375 0.27265625 0.0421875 0.1109375
8 0.53046875 0.296875 0.0453125 0.1296875
8 0.45703125 0.29765625 0.0390625 0.109375
5 0.54140625 0.425 0.09375 0.1140625
10 0.32734375 0.259375 0.0890625 0.1140625
10 0.3421875 0.4015625 0.109375 0.1625