1 0.74453125 0.31796875 0.1328125 0.371875
9 0.69609375 0.68671875 0.1765625 0.26875
8 0.62890625 0.21484375 0.040625 0.128125
8 0.26796875 0.25 0.046875 0.1453125
8 0.84765625 0.53515625 0.046875 0.1328125
9 0.31640625 0.784375 0.103125 0.1609375
8 0.33828125 0.64296875 0.1265625 0.0640625
8 0.35546875 0.48828125 0.053125 0.165625
8 0.8046875 0.16171875 0.046875 0.1390625
8 0.5109375 0.33671875 0.0421875 0.1390625
5 0.45 0.68828125 0.0890625 0.1671875
4 0.4015625 0.34921875 0.046875 0.1484375
5 0.45703125 0.33984375 0.0765625 0.1734375
8 0.5546875 0.80625 0.0515625 0.1921875
10 0.54609375 0.47890625 0.084375 0.1703125
8 0.33046875 0.16953125 0.096875 0.06875
5 0.5078125 0.09453125 0.0890625 0.1859375
2 0.58984375 0.32421875 0.084375 0.1890625
8 0.33203125 0.29296875 0.090625 0.0546875
10 0.4234375 0.53515625 0.084375 0.1875
4 0.43046875 0.16484375 0.1078125 0.0890625