8 0.5171875 0.6125 0.140625 0.0640625
9 0.56015625 0.415625 0.0890625 0.1609375
8 0.3359375 0.19921875 0.0359375 0.15625
5 0.7359375 0.4140625 0.0859375 0.16875
5 0.121875 0.4109375 0.0984375 0.1703125
4 0.6015625 0.1953125 0.034375 0.1734375
5 0.27265625 0.43515625 0.0546875 0.1171875
9 0.12734375 0.68671875 0.1125 0.1953125
8 0.17734375 0.178125 0.0359375 0.121875
8 0.5140625 0.828125 0.1578125 0.071875
9 0.77578125 0.275 0.1578125 0.2453125
8 0.25625 0.1890625 0.0359375 0.14375
8 0.475 0.1140625 0.0625 0.05625
8 0.46484375 0.22734375 0.115625 0.0609375
4 0.22265625 0.7109375 0.059375 0.2328125
5 0.8265625 0.4109375 0.0640625 0.184375
4 0.35078125 0.7140625 0.0484375 0.23125
8 0.840625 0.71640625 0.046875 0.2234375
4 0.71796875 0.1140625 0.09375 0.065625
8 0.70390625 0.7171875 0.040625 0.221875
5 0.4 0.40625 0.0359375 0.1765625