8 0.5109375 0.83359375 0.0625 0.05
5 0.709375 0.5921875 0.053125 0.128125
5 0.25703125 0.615625 0.08125 0.190625
4 0.63359375 0.33125 0.046875 0.2234375
5 0.85625 0.6203125 0.090625 0.18125
4 0.2859375 0.834375 0.084375 0.05625
9 0.42890625 0.6078125 0.0859375 0.1609375
9 0.22421875 0.70625 0.14375 0.234375
8 0.465625 0.43046875 0.140625 0.059375
9 0.86328125 0.38203125 0.1109375 0.196875
8 0.5234375 0.74296875 0.1015625 0.05
8 0.79765625 0.76484375 0.0390625 0.134375
5 0.58515625 0.61796875 0.034375 0.190625
4 0.38984375 0.76640625 0.03125 0.14375
8 0.27421875 0.33359375 0.0453125 0.1984375
4 0.76484375 0.33828125 0.05625 0.20625
8 0.13359375 0.33828125 0.046875 0.15
8 0.6453125 0.7765625 0.028125 0.1125
8 0.46875 0.24140625 0.159375 0.065625
8 0.71953125 0.7703125 0.034375 0.134375
5 0.1640625 0.60546875 0.0640625 0.171875