8 0.32265625 0.3953125 0.0359375 0.0328125
8 0.31796875 0.44765625 0.0375 0.0328125
8 0.52109375 0.39765625 0.0375 0.0328125
8 0.30625 0.56796875 0.040625 0.0359375
8 0.53125 0.56796875 0.046875 0.040625
4 0.40234375 0.33828125 0.0203125 0.071875
4 0.315625 0.315625 0.0203125 0.071875
8 0.5296875 0.50703125 0.040625 0.0390625
9 0.6171875 0.41640625 0.08125 0.128125
8 0.3109375 0.50546875 0.040625 0.0375
5 0.45078125 0.53125 0.0390625 0.084375
5 0.63203125 0.32265625 0.084375 0.05625
8 0.525 0.44375 0.0421875 0.03125
5 0.4484375 0.43515625 0.0375 0.0765625
4 0.37734375 0.28515625 0.0625 0.0390625
5 0.56484375 0.296875 0.021875 0.11875
8 0.39296875 0.5375 0.01875 0.08125
9 0.62265625 0.53828125 0.0546875 0.0984375
10 0.525 0.30625 0.053125 0.084375
8 0.3984375 0.42734375 0.0171875 0.0546875
10 0.46796875 0.31015625 0.05625 0.0875