8 0.68125 0.64140625 0.14921875 0.05546875
9 0.60078125 0.253125 0.0671875 0.15390625
9 0.2203125 0.28359375 0.1359375 0.22109375
8 0.19921875 0.5796875 0.0375 0.1859375
8 0.67265625 0.48046875 0.14375 0.05859375
8 0.1234375 0.58671875 0.0421875 0.18671875
9 0.83046875 0.29453125 0.07734375 0.15234375
4 0.503125 0.57421875 0.034375 0.2015625
8 0.303125 0.57578125 0.0359375 0.190625
4 0.40078125 0.57578125 0.03359375 0.1890625
10 0.40625 0.1890625 0.07109375 0.146875
10 0.4609375 0.36328125 0.078125 0.10390625