8 0.2 0.75546875 0.0546875 0.0890625
4 0.3375 0.70546875 0.1046875 0.0828125
9 0.65703125 0.8453125 0.1140625 0.1625
9 0.1484375 0.596875 0.1140625 0.1703125
8 0.26796875 0.44296875 0.128125 0.1078125
4 0.31640625 0.81953125 0.096875 0.0765625
8 0.41640625 0.53125 0.0671875 0.1796875
10 0.77890625 0.38671875 0.0984375 0.1515625
2 0.31953125 0.27421875 0.1265625 0.2515625
4 0.1703125 0.2921875 0.09375 0.2125
4 0.471875 0.734375 0.1015625 0.0796875
8 0.50625 0.5421875 0.065625 0.165625
4 0.4421875 0.846875 0.0953125 0.0859375
5 0.21953125 0.6421875 0.1234375 0.1703125
8 0.39765625 0.7609375 0.0578125 0.1390625
8 0.69375 0.26875 0.125 0.0828125
8 0.5546875 0.7984375 0.0609375 0.14375
5 0.734375 0.60625 0.146875 0.23125