5 0.39921875 0.52578125 0.046875 0.078125
8 0.55546875 0.47890625 0.0234375 0.1109375
8 0.50859375 0.484375 0.0234375 0.109375
8 0.60625 0.46875 0.028125 0.0953125
8 0.528125 0.18984375 0.01875 0.0828125
9 0.60859375 0.61875 0.0546875 0.1078125
10 0.36484375 0.3359375 0.0359375 0.071875
4 0.3921875 0.29375 0.0578125 0.046875
4 0.3640625 0.165625 0.0671875 0.0546875
5 0.44609375 0.32578125 0.025 0.1421875
9 0.49609375 0.6359375 0.0984375 0.1625
4 0.3328125 0.2515625 0.0234375 0.0921875
8 0.4890625 0.2890625 0.0734375 0.0375
8 0.45703125 0.48515625 0.0234375 0.1140625
5 0.534375 0.32421875 0.0328125 0.1234375
8 0.48515625 0.1859375 0.0203125 0.078125
8 0.559375 0.28515625 0.0375 0.0390625
8 0.4375 0.18203125 0.0171875 0.0640625
8 0.57265625 0.18359375 0.01875 0.06875
10 0.36953125 0.44296875 0.0375 0.0703125
5 0.3921875 0.634375 0.04375 0.0625