9 0.4078125 0.2296875 0.08125 0.1453125
8 0.5828125 0.35703125 0.04375 0.03046875
9 0.40859375 0.728125 0.04765625 0.08203125
8 0.64375 0.31171875 0.0171875 0.0859375
8 0.41328125 0.4796875 0.05546875 0.0296875
5 0.6140625 0.56953125 0.02421875 0.07109375
8 0.54609375 0.478125 0.0546875 0.02890625
8 0.496875 0.59921875 0.04453125 0.0296875
9 0.60234375 0.7265625 0.08125 0.140625
5 0.684375 0.56875 0.05625 0.06875
8 0.525 0.70390625 0.0171875 0.08828125
4 0.61484375 0.20625 0.05546875 0.0375
10 0.509375 0.88515625 0.04140625 0.10703125
4 0.6078125 0.43125 0.01953125 0.0921875
4 0.484375 0.75625 0.04296875 0.03125
4 0.64296875 0.42734375 0.01953125 0.09375
5 0.53828125 0.5609375 0.05546875 0.07890625
5 0.41015625 0.3890625 0.0640625 0.065625
2 0.4015625 0.58359375 0.0390625 0.08671875
0 0.5171875 0.1734375 0.0765625 0.3328125
10 0.48125 0.4828125 0.0359375 0.08203125