9 0.415625 0.75546875 0.0515625 0.0859375
9 0.378125 0.60546875 0.096875 0.1546875
8 0.490625 0.69140625 0.0703125 0.04375
8 0.690625 0.67734375 0.065625 0.0421875
8 0.60546875 0.596875 0.0296875 0.1015625
8 0.68671875 0.53984375 0.0796875 0.04375
10 0.53203125 0.43671875 0.040625 0.115625
5 0.56328125 0.70625 0.0515625 0.1140625
4 0.6203125 0.35625 0.0859375 0.0578125
5 0.5578125 0.584375 0.0578125 0.1015625
8 0.70078125 0.74375 0.0734375 0.0421875
5 0.4046875 0.49921875 0.04375 0.14375
8 0.4703125 0.553125 0.075 0.046875
5 0.33828125 0.4921875 0.0640625 0.125
8 0.6203125 0.71171875 0.021875 0.065625
4 0.69765625 0.4015625 0.0359375 0.1234375
8 0.48203125 0.6359375 0.0671875 0.0484375
10 0.46328125 0.43984375 0.04375 0.115625
8 0.50703125 0.76328125 0.065625 0.04375
4 0.59375 0.45546875 0.03125 0.0953125
8 0.69140625 0.61484375 0.0453125 0.040625