1 0.6828125 0.51875 0.1203125 0.31640625
9 0.5734375 0.26640625 0.11953125 0.2015625
8 0.2703125 0.57578125 0.071875 0.065625
8 0.721875 0.353125 0.0296875 0.0921875
8 0.19296875 0.63984375 0.0359375 0.10859375
4 0.34375 0.525 0.0359375 0.11796875
9 0.2875 0.2296875 0.06875 0.12734375
8 0.29140625 0.32109375 0.05859375 0.05234375
8 0.25390625 0.70234375 0.07109375 0.0625
8 0.303125 0.41796875 0.0296875 0.09140625
8 0.796875 0.68515625 0.04453125 0.1484375
5 0.459375 0.7015625 0.075 0.1328125
5 0.39609375 0.52890625 0.04140625 0.1421875
10 0.4578125 0.33359375 0.07578125 0.1171875
8 0.58984375 0.6421875 0.03125 0.1421875
8 0.45234375 0.5171875 0.025 0.109375
2 0.53203125 0.5265625 0.06171875 0.1390625
4 0.365625 0.696875 0.09375 0.0828125
8 0.45859375 0.225 0.021875 0.0765625
5 0.38984375 0.19375 0.059375 0.18359375
10 0.415625 0.3453125 0.0875 0.10390625