9 0.453125 0.7703125 0.096875 0.165625
8 0.484375 0.50703125 0.0484375 0.034375
8 0.628125 0.49453125 0.046875 0.0359375
9 0.653125 0.75078125 0.0578125 0.096875
8 0.3640625 0.3421875 0.028125 0.08125
5 0.353125 0.62265625 0.071875 0.0828125
8 0.53203125 0.75 0.0265625 0.0890625
9 0.609375 0.2234375 0.109375 0.1734375
4 0.578125 0.78203125 0.05 0.040625
4 0.3828125 0.21953125 0.0609375 0.04375
5 0.503125 0.59140625 0.0640625 0.090625
5 0.6171875 0.3890625 0.071875 0.078125
4 0.37890625 0.48046875 0.03125 0.090625
8 0.4359375 0.38125 0.0515625 0.0375
4 0.415625 0.46875 0.0296875 0.0859375
10 0.55859375 0.50390625 0.040625 0.0953125
8 0.55 0.628125 0.0453125 0.0359375
0 0.49296875 0.2046875 0.11875 0.390625
10 0.565625 0.92421875 0.0546875 0.1140625