9 0.58515625 0.5265625 0.075 0.134375
5 0.38125 0.71484375 0.09375 0.146875
8 0.6765625 0.73125 0.0484375 0.1203125
9 0.52734375 0.66171875 0.1515625 0.2390625
1 0.478125 0.3390625 0.0859375 0.1953125
8 0.3578125 0.375 0.0453125 0.04375
8 0.48125 0.51171875 0.0578125 0.05
4 0.41015625 0.3140625 0.0328125 0.0875
10 0.39921875 0.4296875 0.065625 0.1359375
5 0.34921875 0.4578125 0.0625 0.103125
5 0.471875 0.228125 0.0578125 0.0703125
0 0.55859375 0.14921875 0.1328125 0.2984375
8 0.55859375 0.4140625 0.0359375 0.103125
5 0.34375 0.2203125 0.0578125 0.1046875