1 0.63046875 0.66484375 0.2703125 0.2359375
9 0.39765625 0.56875 0.1875 0.2609375
9 0.2953125 0.16796875 0.109375 0.121875
5 0.325 0.259375 0.109375 0.2078125
5 0.50390625 0.25703125 0.0921875 0.196875
5 0.6734375 0.31953125 0.128125 0.215625
8 0.6734375 0.51015625 0.1203125 0.096875
8 0.78984375 0.7953125 0.13125 0.1203125
8 0.521875 0.7984375 0.125 0.1078125
8 0.32421875 0.409375 0.109375 0.084375
8 0.4484375 0.1953125 0.0828125 0.0765625
8 0.553125 0.0890625 0.1 0.0640625
8 0.540625 0.16953125 0.053125 0.1125
8 0.60625 0.13984375 0.05625 0.10625
10 0.3953125 0.221875 0.0890625 0.16875
10 0.45703125 0.36640625 0.0984375 0.2078125
2 0.55390625 0.421875 0.1296875 0.20625