0 0.58671875 0.703125 0.1203125 0.3171875
5 0.68515625 0.45078125 0.059375 0.0859375
4 0.6265625 0.37265625 0.0890625 0.0515625
5 0.371875 0.25546875 0.04375 0.125
9 0.4125 0.5203125 0.06875 0.0953125
8 0.44765625 0.41171875 0.025 0.0703125
4 0.5 0.525 0.0765625 0.0453125
9 0.34453125 0.43359375 0.1015625 0.153125
8 0.590625 0.26875 0.0421875 0.15
5 0.7171875 0.3046875 0.0515625 0.1375
5 0.4640625 0.2875 0.04375 0.128125
1 0.57265625 0.4546875 0.1390625 0.1171875
10 0.49609375 0.334375 0.040625 0.103125
8 0.303125 0.55 0.05 0.0390625