5 0.45859375 0.3796875 0.08125 0.1046875
8 0.45390625 0.60546875 0.0625 0.0515625
9 0.56484375 0.1921875 0.078125 0.115625
8 0.5 0.33359375 0.0546875 0.0484375
8 0.44609375 0.24609375 0.0421875 0.090625
5 0.2890625 0.403125 0.0859375 0.0984375
8 0.46640625 0.46484375 0.05625 0.0484375
9 0.359375 0.25078125 0.128125 0.1765625
9 0.70859375 0.68671875 0.1625 0.2234375
4 0.48515625 0.19609375 0.05 0.0515625
8 0.3859375 0.67265625 0.05 0.10625
0 0.57890625 0.78046875 0.196875 0.4171875
8 0.6265625 0.4203125 0.059375 0.053125
10 0.54375 0.4203125 0.0671875 0.14375
4 0.40390625 0.53359375 0.05 0.1171875
5 0.66015625 0.5296875 0.0984375 0.1
4 0.4453125 0.7953125 0.084375 0.0671875
5 0.3609375 0.33984375 0.0578125 0.134375
4 0.36328125 0.546875 0.053125 0.11875
2 0.615625 0.31796875 0.0671875 0.1140625