8 0.71875 0.45078125 0.0390625 0.103125
9 0.26953125 0.596875 0.1328125 0.1875
9 0.7109375 0.77265625 0.06875 0.1234375
8 0.49609375 0.85703125 0.05 0.0484375
5 0.5515625 0.684375 0.034375 0.128125
8 0.31015625 0.84375 0.0328125 0.0875
8 0.38515625 0.83203125 0.03125 0.0859375
4 0.6546875 0.78203125 0.034375 0.1125
9 0.4421875 0.6765625 0.0640625 0.1109375
5 0.3359375 0.7328125 0.0671875 0.13125
8 0.4859375 0.76640625 0.0515625 0.046875
8 0.5921875 0.475 0.0359375 0.1171875
4 0.38125 0.49375 0.046875 0.1546875
5 0.27734375 0.73828125 0.053125 0.11875
8 0.4921875 0.52109375 0.0546875 0.053125
8 0.4734375 0.42265625 0.059375 0.0484375
4 0.58359375 0.790625 0.0359375 0.1078125
8 0.734375 0.665625 0.06875 0.1265625
4 0.27265625 0.4515625 0.0828125 0.0609375
5 0.634375 0.665625 0.0421875 0.0921875
8 0.653125 0.4546875 0.0421875 0.1328125