8 0.61796875 0.85625 0.1265625 0.05859375
10 0.39375 0.415625 0.0390625 0.1765625
10 0.5046875 0.375 0.04765625 0.15390625
8 0.6125 0.72109375 0.11484375 0.0609375
9 0.43515625 0.2375 0.05546875 0.11953125
4 0.60078125 0.34296875 0.09609375 0.05546875
9 0.484375 0.06015625 0.046875 0.115625
8 0.609375 0.5765625 0.11328125 0.059375
8 0.559375 0.209375 0.02109375 0.11484375
4 0.60703125 0.45234375 0.10859375 0.059375
8 0.634375 0.2078125 0.02265625 0.12578125
9 0.3953125 0.73515625 0.13984375 0.2296875