1 0.478125 0.36953125 0.14375 0.1234375
9 0.36875 0.6375 0.06875 0.1140625
9 0.68828125 0.48125 0.0671875 0.0984375
8 0.5453125 0.6046875 0.034375 0.0828125
2 0.578125 0.325 0.059375 0.1515625
5 0.62265625 0.41328125 0.059375 0.0890625
4 0.58125 0.56171875 0.065625 0.0625
4 0.5078125 0.65703125 0.0671875 0.0671875
4 0.66328125 0.34921875 0.04375 0.1
4 0.59609375 0.63984375 0.059375 0.065625
10 0.35859375 0.371875 0.0515625 0.103125
8 0.48515625 0.4625 0.0296875 0.0734375
8 0.5328125 0.4578125 0.04375 0.0875
8 0.6703125 0.58203125 0.0421875 0.1
5 0.34765625 0.47578125 0.0703125 0.1171875
8 0.44453125 0.63046875 0.05 0.1015625
4 0.49453125 0.5703125 0.05625 0.0609375
8 0.403125 0.328125 0.0515625 0.0453125