4 0.64609375 0.74453125 0.040625 0.09375
4 0.57890625 0.79296875 0.084375 0.059375
4 0.54765625 0.709375 0.0390625 0.109375
10 0.4984375 0.78046875 0.046875 0.10625
10 0.4296875 0.7578125 0.0484375 0.134375
5 0.309375 0.76796875 0.0609375 0.1515625
5 0.36796875 0.75703125 0.04375 0.15
5 0.4984375 0.665625 0.0515625 0.125
5 0.4875 0.53125 0.0484375 0.109375
8 0.415625 0.62890625 0.0828125 0.0515625
8 0.4046875 0.55625 0.0921875 0.0765625
8 0.40234375 0.47734375 0.096875 0.0625
8 0.39921875 0.3890625 0.1015625 0.0625
8 0.63125 0.6234375 0.0890625 0.0578125
8 0.6296875 0.55234375 0.09375 0.05
8 0.63203125 0.46953125 0.0921875 0.0515625
8 0.63203125 0.3796875 0.096875 0.05
8 0.55078125 0.575 0.040625 0.13125
8 0.54453125 0.44296875 0.034375 0.1484375
9 0.31015625 0.60078125 0.0984375 0.1609375
9 0.30234375 0.43125 0.0671875 0.125