4 0.56484375 0.2234375 0.0421875 0.034375
9 0.61015625 0.5171875 0.046875 0.071875
8 0.5890625 0.40546875 0.025 0.059375
8 0.52109375 0.49296875 0.025 0.059375
8 0.55859375 0.33046875 0.0265625 0.065625
9 0.42734375 0.4796875 0.0703125 0.1
5 0.609375 0.2671875 0.0359375 0.040625
8 0.521875 0.28203125 0.025 0.0609375
4 0.553125 0.26328125 0.0375 0.034375
8 0.63671875 0.38359375 0.034375 0.028125
8 0.521875 0.2125 0.0375 0.03125
9 0.6640625 0.2921875 0.078125 0.1109375
10 0.70078125 0.41953125 0.0515625 0.0640625
10 0.53828125 0.4171875 0.0328125 0.0453125
4 0.64296875 0.4328125 0.028125 0.0625
0 0.4296875 0.346875 0.1234375 0.109375
5 0.58515625 0.35703125 0.0453125 0.075
4 0.47421875 0.23125 0.0265625 0.053125
2 0.55703125 0.52421875 0.0578125 0.0703125
5 0.62890625 0.19375 0.059375 0.10625
5 0.48515625 0.490625 0.0515625 0.0984375