9 0.275 0.2203125 0.0984375 0.146875
9 0.39453125 0.1703125 0.159375 0.196875
5 0.48046875 0.05703125 0.0734375 0.1140625
5 0.5078125 0.1703125 0.0796875 0.1390625
5 0.346875 0.5015625 0.14375 0.1421875
5 0.465625 0.4796875 0.1375 0.15
10 0.565625 0.26640625 0.071875 0.1171875
10 0.6015625 0.3875 0.0921875 0.1484375
4 0.615625 0.55546875 0.1171875 0.1046875
4 0.72109375 0.60234375 0.08125 0.1765625
4 0.7265625 0.78359375 0.1515625 0.1078125
8 0.27890625 0.37421875 0.0703125 0.134375
8 0.3453125 0.35703125 0.0625 0.15
8 0.4046875 0.34453125 0.0625 0.14375
8 0.46953125 0.33046875 0.0625 0.14375
8 0.36328125 0.6234375 0.1390625 0.1015625
8 0.490625 0.59765625 0.1265625 0.09375
8 0.36171875 0.834375 0.1125 0.2296875
8 0.43515625 0.83203125 0.090625 0.21875
8 0.51015625 0.803125 0.096875 0.2203125
8 0.58203125 0.7765625 0.0796875 0.21875