8 0.8328125 0.70390625 0.178125 0.103125
8 0.79453125 0.5640625 0.178125 0.096875
8 0.75859375 0.44375 0.153125 0.0875
8 0.72890625 0.34140625 0.1578125 0.090625
8 0.609375 0.4328125 0.0609375 0.1953125
8 0.65625 0.6421875 0.075 0.2359375
8 0.42109375 0.76484375 0.19375 0.103125
8 0.39296875 0.615625 0.171875 0.0921875
8 0.38671875 0.4859375 0.15625 0.1015625
8 0.37734375 0.38046875 0.153125 0.084375
4 0.5921875 0.1265625 0.1421875 0.0828125
4 0.57109375 0.24296875 0.078125 0.14375
4 0.7046875 0.18828125 0.0796875 0.1703125
5 0.53359375 0.49375 0.1078125 0.2296875
5 0.27109375 0.203125 0.0953125 0.259375
5 0.16953125 0.196875 0.115625 0.25625
5 0.50859375 0.27578125 0.103125 0.2203125
10 0.3625 0.1796875 0.0875 0.1984375
10 0.4546875 0.121875 0.0921875 0.134375
9 0.196875 0.44296875 0.196875 0.3046875
9 0.21640625 0.73046875 0.15625 0.228125