0 0.59609375 0.259375 0.0875 0.3140625
9 0.66015625 0.20546875 0.078125 0.16640625
9 0.41015625 0.50234375 0.090625 0.17109375
9 0.41484375 0.23359375 0.05 0.09140625
2 0.48203125 0.18984375 0.0578125 0.090625
10 0.359375 0.3640625 0.0328125 0.103125
10 0.53125 0.29765625 0.04375 0.084375
4 0.4015625 0.3296875 0.02578125 0.08203125
4 0.5625 0.496875 0.0609375 0.05703125
4 0.56328125 0.55546875 0.06875 0.046875
4 0.68671875 0.50546875 0.040625 0.128125
8 0.47734375 0.3421875 0.0265625 0.0984375
8 0.4234375 0.38671875 0.06015625 0.034375
8 0.534375 0.2296875 0.02265625 0.0734375
8 0.5984375 0.453125 0.02578125 0.10546875
8 0.63203125 0.54453125 0.0609375 0.04453125
5 0.48828125 0.534375 0.0546875 0.0984375
5 0.4859375 0.46796875 0.0484375 0.08046875
5 0.4875 0.428125 0.04453125 0.08203125