5 0.396875 0.84765625 0.071875 0.0984375
0 0.64140625 0.74140625 0.2796875 0.5171875
8 0.32578125 0.56328125 0.1 0.0765625
2 0.46875 0.22265625 0.1203125 0.11875
5 0.41328125 0.75078125 0.0734375 0.1078125
8 0.5046875 0.67109375 0.0546875 0.1890625
8 0.42109375 0.50625 0.05 0.15
8 0.5609375 0.2875 0.0578125 0.175
4 0.2921875 0.43203125 0.0578125 0.1484375
5 0.6609375 0.246875 0.0921875 0.103125
4 0.5109375 0.865625 0.0671875 0.0671875
9 0.79140625 0.30703125 0.203125 0.315625
9 0.33046875 0.2734375 0.1109375 0.1703125
9 0.28984375 0.74609375 0.1765625 0.240625
10 0.20546875 0.53359375 0.0953125 0.2015625
10 0.52578125 0.4890625 0.0953125 0.171875
4 0.51796875 0.796875 0.096875 0.065625