8 0.34921875 0.21484375 0.0578125 0.0484375
9 0.5375 0.09375 0.13125 0.184375
8 0.34375 0.12890625 0.0546875 0.046875
9 0.38984375 0.778125 0.125 0.1921875
8 0.715625 0.346875 0.0453125 0.103125
9 0.49296875 0.28203125 0.078125 0.1328125
5 0.503125 0.41640625 0.0796875 0.14375
4 0.3671875 0.5125 0.1390625 0.0890625
8 0.778125 0.78046875 0.165625 0.1
8 0.309375 0.38515625 0.0546875 0.1328125
5 0.55859375 0.78828125 0.1 0.190625
8 0.74375 0.63984375 0.1515625 0.0890625
8 0.70859375 0.5234375 0.1328125 0.084375
8 0.640625 0.37578125 0.046875 0.121875
8 0.40390625 0.36328125 0.0515625 0.1390625
5 0.528125 0.5890625 0.0578125 0.1203125
4 0.64375 0.12578125 0.0484375 0.1046875
4 0.378125 0.66015625 0.140625 0.0984375
5 0.45390625 0.1203125 0.075 0.1578125
8 0.67109375 0.37109375 0.13125 0.1546875
4 0.6265625 0.22734375 0.115625 0.08125
8 0.3625 0.375 0.1546875 0.159375
5 0.44765625 0.0703125 0.075 0.134375