9 0.603125 0.30703125 0.1890625 0.26875
5 0.5984375 0.85703125 0.096875 0.1890625
4 0.4359375 0.66328125 0.05 0.1140625
9 0.2484375 0.33125 0.1359375 0.1796875
9 0.74375 0.60390625 0.1515625 0.321875
8 0.35625 0.5625 0.065625 0.15
8 0.296875 0.44296875 0.1234375 0.075
8 0.44453125 0.24921875 0.0640625 0.1703125
8 0.83671875 0.715625 0.0484375 0.096875
8 0.66875 0.70625 0.04375 0.096875
10 0.534375 0.571875 0.1140625 0.253125
10 0.44921875 0.43984375 0.1203125 0.1296875
8 0.53671875 0.659375 0.0390625 0.0859375
5 0.48203125 0.665625 0.0953125 0.1796875
8 0.77890625 0.3984375 0.0515625 0.1140625
5 0.35859375 0.26796875 0.1140625 0.1921875
8 0.41875 0.82421875 0.075 0.071875
8 0.346875 0.7796875 0.053125 0.121875
4 0.509375 0.79609375 0.0765625 0.075
8 0.3921875 0.7296875 0.0703125 0.065625
2 0.60625 0.6359375 0.0875 0.1703125