5 0.4734375 0.278125 0.0546875 0.121875
9 0.478125 0.4546875 0.071875 0.15625
4 0.34765625 0.29296875 0.1046875 0.0609375
9 0.590625 0.7515625 0.1734375 0.2796875
8 0.61640625 0.18125 0.0921875 0.0484375
8 0.68671875 0.37109375 0.03125 0.1
4 0.3625 0.203125 0.09375 0.053125
5 0.45234375 0.765625 0.084375 0.1546875
8 0.61953125 0.24453125 0.09375 0.0484375
8 0.60859375 0.378125 0.0265625 0.128125
5 0.478125 0.08046875 0.0484375 0.1421875
8 0.3015625 0.63203125 0.1328125 0.071875
8 0.278125 0.80625 0.128125 0.071875
8 0.275 0.43671875 0.0453125 0.125
8 0.60859375 0.11484375 0.0828125 0.0484375
9 0.375 0.12734375 0.0625 0.10625
8 0.38046875 0.4453125 0.0375 0.146875
4 0.646875 0.51484375 0.1328125 0.0703125
4 0.72890625 0.70625 0.0453125 0.159375
5 0.47421875 0.18359375 0.0375 0.071875
5 0.45390625 0.6140625 0.0734375 0.1640625