10 0.4890625 0.2375 0.03515625 0.071875
5 0.30625 0.38671875 0.04296875 0.0984375
1 0.38984375 0.64375 0.153125 0.1140625
9 0.55390625 0.18046875 0.04453125 0.08828125
8 0.4453125 0.22890625 0.04453125 0.0390625
9 0.54453125 0.5203125 0.0953125 0.165625
8 0.31484375 0.21484375 0.01953125 0.06796875
8 0.3453125 0.1609375 0.04921875 0.040625
8 0.50390625 0.203125 0.0171875 0.075
8 0.3953125 0.38984375 0.0484375 0.0359375
5 0.4125 0.28515625 0.034375 0.07265625
5 0.54453125 0.265625 0.040625 0.11484375
8 0.49140625 0.721875 0.06171875 0.0390625
10 0.46640625 0.3859375 0.03359375 0.12109375
2 0.39765625 0.42890625 0.03984375 0.071875
8 0.33828125 0.53984375 0.06953125 0.03359375
8 0.371875 0.22578125 0.025 0.09375
8 0.31015625 0.7703125 0.053125 0.0390625
8 0.571875 0.38359375 0.0421875 0.03359375
4 0.3140625 0.31328125 0.0328125 0.075