4 0.590625 0.328125 0.0296875 0.08203125
4 0.61875 0.28125 0.06484375 0.0484375
4 0.6765625 0.30859375 0.03046875 0.0859375
10 0.528125 0.31796875 0.06015625 0.08046875
10 0.4703125 0.3046875 0.05625 0.09296875
9 0.3796875 0.41484375 0.09140625 0.14296875
9 0.378125 0.5390625 0.05546875 0.103125
8 0.478125 0.390625 0.05859375 0.0515625
8 0.471875 0.4453125 0.07109375 0.0484375
8 0.471875 0.50703125 0.07265625 0.04453125
8 0.46875 0.5734375 0.07421875 0.046875
8 0.6 0.43515625 0.03359375 0.0984375
8 0.603125 0.534375 0.03828125 0.103125
8 0.6921875 0.56640625 0.090625 0.0359375
8 0.684375 0.50234375 0.08046875 0.0484375
8 0.678125 0.44375 0.07890625 0.04609375
8 0.6765625 0.39296875 0.07421875 0.0390625
5 0.35234375 0.321875 0.078125 0.06640625
5 0.42734375 0.29375 0.0328125 0.140625
5 0.54609375 0.42734375 0.0484375 0.109375
5 0.54609375 0.52890625 0.05 0.10546875