4 0.65625 0.178125 0.0234375 0.06875
9 0.58359375 0.1515625 0.08125 0.121875
5 0.5265625 0.36171875 0.0453125 0.0953125
4 0.428125 0.4171875 0.08125 0.0546875
4 0.63359375 0.25234375 0.0765625 0.0546875
8 0.4390625 0.21875 0.0390625 0.034375
9 0.5328125 0.2734375 0.0453125 0.0921875
8 0.465625 0.31875 0.025 0.0671875
5 0.51953125 0.16171875 0.040625 0.10625
8 0.646875 0.4546875 0.071875 0.0421875
8 0.678125 0.33984375 0.021875 0.0703125
8 0.65859375 0.5265625 0.084375 0.04375
8 0.6234375 0.35 0.0234375 0.0796875
4 0.43046875 0.51328125 0.078125 0.0734375
8 0.4 0.33125 0.0265625 0.08125
5 0.52890625 0.5828125 0.0515625 0.1234375
8 0.66484375 0.60546875 0.09375 0.05
8 0.4390625 0.16015625 0.05 0.0390625
5 0.52734375 0.4734375 0.040625 0.0953125
9 0.4296875 0.58046875 0.078125 0.125