8 0.85234375 0.33203125 0.1828125 0.11875
8 0.79921875 0.4671875 0.1828125 0.1125
8 0.75078125 0.5828125 0.1578125 0.1015625
8 0.71171875 0.68203125 0.1625 0.1046875
8 0.6015625 0.578125 0.0796875 0.1953125
8 0.6703125 0.375 0.0984375 0.2375
8 0.44921875 0.228125 0.1984375 0.1203125
8 0.40546875 0.37421875 0.1765625 0.1078125
8 0.3859375 0.50234375 0.1625 0.115625
8 0.365625 0.60625 0.1578125 0.0984375
4 0.55234375 0.88125 0.1453125 0.0953125
4 0.54375 0.76328125 0.090625 0.1484375
4 0.67109375 0.83125 0.0953125 0.1734375
5 0.5328125 0.51015625 0.1296875 0.234375
5 0.24140625 0.771875 0.1203125 0.2625
5 0.1390625 0.7671875 0.1390625 0.259375
5 0.48515625 0.72421875 0.1234375 0.225
10 0.3296875 0.80390625 0.10625 0.2015625
10 0.41484375 0.871875 0.103125 0.140625
9 0.19296875 0.525 0.2234375 0.3171875
9 0.2421875 0.240625 0.1765625 0.2375