8 0.29921875 0.61953125 0.0546875 0.1546875
1 0.49609375 0.26640625 0.2296875 0.1703125
9 0.81015625 0.51171875 0.125 0.1875
5 0.728125 0.3921875 0.1203125 0.2515625
8 0.7484375 0.6609375 0.065625 0.14375
10 0.30546875 0.215625 0.075 0.165625
4 0.41171875 0.6921875 0.1328125 0.1046875
8 0.46640625 0.4015625 0.040625 0.1203125
9 0.15625 0.58984375 0.134375 0.221875
2 0.684375 0.22265625 0.071875 0.203125
4 0.43125 0.5625 0.1234375 0.090625
8 0.50390625 0.6375 0.04375 0.1421875
4 0.58125 0.721875 0.11875 0.1140625
4 0.5921875 0.58359375 0.128125 0.096875
8 0.553125 0.41796875 0.04375 0.1484375
5 0.23046875 0.34609375 0.103125 0.2
4 0.8125 0.33828125 0.0671875 0.165625