8 0.5359375 0.8609375 0.025 0.0828125
8 0.4890625 0.8390625 0.03125 0.0953125
8 0.44375 0.83828125 0.028125 0.0921875
8 0.39921875 0.828125 0.028125 0.109375
8 0.42109375 0.7421875 0.0625 0.0375
8 0.50390625 0.753125 0.0609375 0.04375
5 0.453125 0.7265625 0.0375 0.1125
5 0.54765625 0.74296875 0.0375 0.1546875
4 0.60703125 0.87578125 0.0890625 0.05625
4 0.6484375 0.81015625 0.0390625 0.0921875
4 0.59921875 0.771875 0.05625 0.0578125
10 0.63125 0.72578125 0.05 0.1125
10 0.640625 0.64453125 0.059375 0.0671875
5 0.61328125 0.57265625 0.090625 0.13125
5 0.6484375 0.4640625 0.0703125 0.115625
8 0.553125 0.5828125 0.0265625 0.1265625
8 0.5015625 0.58203125 0.03125 0.1203125
8 0.44765625 0.5703125 0.034375 0.1296875
8 0.39765625 0.565625 0.03125 0.1203125
9 0.53046875 0.4375 0.13125 0.2
9 0.40703125 0.43359375 0.0625 0.13125