9 0.39765625 0.65703125 0.06640625 0.12734375
10 0.53046875 0.59453125 0.0546875 0.10546875
9 0.19609375 0.5859375 0.0765625 0.13984375
9 0.77890625 0.6390625 0.11875 0.184375
4 0.48671875 0.38984375 0.0265625 0.14140625
4 0.57109375 0.38515625 0.02734375 0.13984375
8 0.35234375 0.45 0.11796875 0.0515625
8 0.35703125 0.3296875 0.11484375 0.046875
8 0.7375 0.3875 0.025 0.1265625
8 0.803125 0.38359375 0.03125 0.140625
8 0.65 0.3859375 0.0265625 0.14140625
10 0.5890625 0.77109375 0.078125 0.1859375