5 0.65859375 0.5984375 0.08125 0.196875
9 0.72890625 0.57265625 0.0796875 0.1453125
5 0.1984375 0.575 0.0921875 0.1875
8 0.434375 0.4546875 0.034375 0.1359375
4 0.42578125 0.6140625 0.0890625 0.0625
8 0.51796875 0.46796875 0.0328125 0.15
4 0.54765625 0.6171875 0.0796875 0.0640625
4 0.78515625 0.321875 0.0546875 0.1953125
9 0.23984375 0.66875 0.08125 0.140625
2 0.6609375 0.28359375 0.071875 0.2296875
8 0.321875 0.19453125 0.0859375 0.0890625
4 0.540625 0.7078125 0.0734375 0.0640625
8 0.33828125 0.64609375 0.0328125 0.1171875
8 0.66875 0.4203125 0.1015625 0.0828125
8 0.4828125 0.65078125 0.0296875 0.115625
4 0.42421875 0.71171875 0.0859375 0.065625
1 0.45078125 0.29921875 0.246875 0.209375
10 0.22265625 0.36015625 0.0765625 0.1234375