9 0.65390625 0.51953125 0.0734375 0.1171875
5 0.66796875 0.6796875 0.0625 0.0703125
1 0.46328125 0.5234375 0.1171875 0.0921875
8 0.684375 0.37890625 0.0484375 0.03125
8 0.5703125 0.54296875 0.028125 0.13125
8 0.478125 0.68125 0.025 0.11875
9 0.58515625 0.4296875 0.05625 0.0734375
8 0.50625 0.43515625 0.065625 0.0328125
5 0.35859375 0.68984375 0.0671875 0.075
4 0.43046875 0.609375 0.071875 0.034375
10 0.5203125 0.63125 0.071875 0.065625
0 0.3375 0.36640625 0.165625 0.1328125
5 0.5546875 0.6859375 0.0609375 0.065625
5 0.37265625 0.51640625 0.05625 0.11875