1 0.43203125 0.5171875 0.146875 0.121875
8 0.43515625 0.73203125 0.02578125 0.1671875
4 0.375 0.609375 0.1109375 0.05390625
9 0.6078125 0.42265625 0.06171875 0.1046875
5 0.29609375 0.5125 0.0578125 0.08984375
8 0.5828125 0.53984375 0.021875 0.11875
9 0.70234375 0.51328125 0.1 0.17578125
5 0.275 0.69375 0.04453125 0.18125
8 0.73359375 0.38515625 0.04921875 0.04140625
5 0.703125 0.7125 0.0390625 0.153125
0 0.390625 0.271875 0.11015625 0.4890625
8 0.503125 0.43203125 0.08203125 0.04609375
10 0.540625 0.6359375 0.03984375 0.1390625
5 0.5890625 0.67890625 0.02890625 0.13046875