8 0.5875 0.209375 0.059375 0.0484375
8 0.4546875 0.23515625 0.053125 0.034375
8 0.4359375 0.59375 0.0328125 0.109375
8 0.49765625 0.56484375 0.065625 0.0609375
8 0.571875 0.5734375 0.034375 0.08125
8 0.63046875 0.57578125 0.0375 0.084375
8 0.60546875 0.6390625 0.084375 0.05
8 0.57734375 0.32734375 0.046875 0.0546875
10 0.4796875 0.3859375 0.034375 0.1203125
10 0.45546875 0.46015625 0.05 0.10625
9 0.378125 0.5953125 0.0703125 0.1171875
9 0.4140625 0.328125 0.0875 0.1296875
5 0.4015625 0.4640625 0.04375 0.125
5 0.61328125 0.3734375 0.0421875 0.11875
4 0.6171875 0.47890625 0.028125 0.090625
4 0.546875 0.51015625 0.0765625 0.059375
2 0.528125 0.33671875 0.034375 0.0859375
1 0.53671875 0.27421875 0.1328125 0.0828125
5 0.5203125 0.425 0.025 0.096875