9 0.5765625 0.47578125 0.0875 0.14765625
1 0.43125 0.56484375 0.1421875 0.11484375
8 0.52421875 0.63671875 0.0421875 0.034375
8 0.34921875 0.66484375 0.0484375 0.03984375
8 0.60625 0.36640625 0.03984375 0.03828125
8 0.384375 0.475 0.03828125 0.0359375
8 0.40234375 0.1890625 0.04375 0.034375
8 0.49296875 0.24375 0.0375 0.0375
9 0.58984375 0.21328125 0.0375 0.09140625
4 0.4421875 0.2796875 0.03359375 0.0375
8 0.43828125 0.36328125 0.05 0.04921875
5 0.33984375 0.34453125 0.06328125 0.103125
8 0.421875 0.22890625 0.015625 0.0546875
4 0.36875 0.31171875 0.021875 0.06875
8 0.54375 0.22890625 0.015625 0.06328125
10 0.53828125 0.3484375 0.03046875 0.0734375
5 0.615625 0.28203125 0.06171875 0.0796875
10 0.49609375 0.33046875 0.03046875 0.08671875
5 0.434375 0.31640625 0.07421875 0.05
8 0.3734375 0.234375 0.01875 0.075
2 0.43515625 0.428125 0.0734375 0.08359375