8 0.471875 0.51953125 0.0203125 0.05234375
8 0.540625 0.5171875 0.02265625 0.0515625
9 0.71640625 0.46875 0.0640625 0.109375
9 0.30859375 0.4234375 0.05703125 0.103125
10 0.29140625 0.61171875 0.05078125 0.07421875
4 0.459375 0.4046875 0.0359375 0.03984375
1 0.4828125 0.6046875 0.19375 0.1296875
4 0.56640625 0.4578125 0.04921875 0.040625
8 0.5125 0.43515625 0.01796875 0.05390625
5 0.27734375 0.53046875 0.0671875 0.09375
8 0.3734375 0.6734375 0.0734375 0.0546875
2 0.66328125 0.59296875 0.05234375 0.190625
4 0.56171875 0.41171875 0.04140625 0.04140625
8 0.3921875 0.44453125 0.021875 0.065625
5 0.65703125 0.43984375 0.05703125 0.1796875
4 0.4625 0.45625 0.0484375 0.04296875
4 0.7671875 0.5921875 0.0453125 0.096875