1 0.49140625 0.63203125 0.134375 0.1109375
9 0.3546875 0.3765625 0.0578125 0.1109375
9 0.6890625 0.49921875 0.0578125 0.09375
8 0.53359375 0.390625 0.025 0.08125
2 0.59609375 0.66640625 0.0453125 0.15
5 0.63046875 0.5734375 0.0515625 0.0859375
4 0.57421875 0.43046875 0.0609375 0.0578125
4 0.490625 0.34296875 0.0625 0.0625
4 0.678125 0.63359375 0.034375 0.0984375
4 0.58125 0.35078125 0.0546875 0.0625
10 0.3734375 0.6421875 0.0421875 0.1015625
8 0.48984375 0.5390625 0.0234375 0.071875
8 0.5375 0.53828125 0.0359375 0.0859375
8 0.6609375 0.4 0.0328125 0.0984375
5 0.3515625 0.540625 0.0609375 0.1140625
8 0.43125 0.3765625 0.040625 0.1
4 0.4875 0.43046875 0.05 0.0578125
8 0.42109375 0.68125 0.0484375 0.0421875