5 0.5875 0.51484375 0.02890625 0.1171875
4 0.61953125 0.7828125 0.0328125 0.2140625
9 0.440625 0.50625 0.0953125 0.13125
4 0.39765625 0.2296875 0.0328125 0.2203125
5 0.2828125 0.53671875 0.08203125 0.103125
5 0.8515625 0.5203125 0.09140625 0.10390625
8 0.321875 0.79140625 0.03046875 0.215625
8 0.6671875 0.22109375 0.02578125 0.2109375
5 0.7078125 0.52734375 0.05234375 0.0828125
9 0.234375 0.34140625 0.1359375 0.2265625
8 0.2125 0.790625 0.0296875 0.21484375
8 0.83359375 0.20546875 0.03125 0.209375
4 0.73125 0.77265625 0.03515625 0.196875
4 0.28046875 0.13671875 0.09140625 0.06328125
5 0.20390625 0.5421875 0.0796875 0.14296875
8 0.5265625 0.134375 0.12578125 0.06953125
8 0.53828125 0.27734375 0.1234375 0.09296875
8 0.4796875 0.696875 0.13515625 0.071875
8 0.4796875 0.890625 0.1453125 0.08359375
8 0.7515625 0.21015625 0.03671875 0.22109375
9 0.82109375 0.77421875 0.0921875 0.1515625