8 0.4328125 0.29609375 0.0484375 0.0453125
9 0.4953125 0.24296875 0.0578125 0.09375
5 0.35 0.3640625 0.05625 0.0875
8 0.3734375 0.46171875 0.0921875 0.05625
4 0.45 0.52265625 0.0515625 0.128125
9 0.41953125 0.175 0.1 0.1421875
8 0.48671875 0.12890625 0.028125 0.0625
10 0.39609375 0.38671875 0.05 0.084375
0 0.6625 0.56875 0.171875 0.3078125
8 0.52734375 0.35859375 0.040625 0.0921875
1 0.4921875 0.4390625 0.1203125 0.2234375
5 0.32421875 0.20234375 0.065625 0.103125
5 0.4203125 0.67578125 0.09375 0.1421875
5 0.53671875 0.5828125 0.0953125 0.1078125