8 0.63515625 0.60625 0.0953125 0.0484375
8 0.640625 0.53671875 0.084375 0.040625
8 0.64609375 0.46328125 0.090625 0.05
8 0.65234375 0.38515625 0.1 0.053125
8 0.55703125 0.5625 0.03125 0.11875
8 0.56171875 0.42890625 0.034375 0.1375
8 0.41953125 0.61171875 0.090625 0.04375
8 0.41640625 0.54609375 0.090625 0.0625
8 0.41484375 0.47109375 0.09375 0.046875
8 0.4125 0.3875 0.0953125 0.059375
5 0.30859375 0.7453125 0.05625 0.153125
5 0.36953125 0.73515625 0.025 0.146875
5 0.50625 0.65703125 0.04375 0.125
5 0.5015625 0.5328125 0.059375 0.121875
10 0.43203125 0.7390625 0.034375 0.115625
10 0.496875 0.75390625 0.046875 0.0875
4 0.5765625 0.759375 0.09375 0.046875
4 0.5515625 0.68203125 0.028125 0.0953125
4 0.64375 0.71015625 0.0359375 0.1078125
9 0.31171875 0.5875 0.1046875 0.15
9 0.3078125 0.4265625 0.06875 0.11875