1 0.58515625 0.728125 0.2515625 0.203125
8 0.65546875 0.32734375 0.078125 0.15625
5 0.325 0.684375 0.165625 0.2671875
8 0.21171875 0.43671875 0.0859375 0.1515625
8 0.565625 0.58203125 0.0640625 0.1421875
4 0.52890625 0.29609375 0.1484375 0.1203125
4 0.34921875 0.32421875 0.140625 0.125
5 0.8125 0.5625 0.1328125 0.221875
8 0.4765625 0.60078125 0.0640625 0.1453125
9 0.203125 0.603125 0.1515625 0.2046875
9 0.80234375 0.309375 0.165625 0.2359375
4 0.26875 0.76328125 0.0875 0.1578125
10 0.7796875 0.71328125 0.1 0.165625
4 0.5484375 0.42578125 0.134375 0.10625
2 0.41640625 0.82578125 0.10625 0.21875
4 0.38828125 0.4609375 0.1375 0.109375
8 0.4546875 0.37578125 0.0671875 0.15