8 0.3234375 0.646875 0.0390625 0.1015625
9 0.52734375 0.5484375 0.084375 0.165625
4 0.66328125 0.79140625 0.09375 0.0625
9 0.39375 0.2578125 0.1953125 0.2984375
8 0.6921875 0.36015625 0.1328125 0.078125
8 0.70625 0.1796875 0.1421875 0.0828125
4 0.3515625 0.50078125 0.1375 0.078125
8 0.4015625 0.640625 0.0359375 0.125
8 0.3984375 0.7765625 0.059375 0.0515625
8 0.63046875 0.55 0.04375 0.140625
5 0.54609375 0.728125 0.0625 0.13125
8 0.734375 0.5609375 0.046875 0.1015625
4 0.6703125 0.70703125 0.10625 0.075
4 0.2578125 0.3125 0.05625 0.1640625
5 0.53203125 0.23359375 0.096875 0.1640625
9 0.6546875 0.8734375 0.0671875 0.1125
8 0.4140625 0.9015625 0.05 0.046875
5 0.54453125 0.38671875 0.0890625 0.175
8 0.40859375 0.84296875 0.05625 0.0546875
5 0.5484375 0.81875 0.0609375 0.1015625
5 0.55546875 0.921875 0.06875 0.1546875