9 0.58359375 0.41796875 0.071875 0.125
5 0.3703125 0.39921875 0.084375 0.140625
5 0.4609375 0.8109375 0.0703125 0.14375
5 0.54296875 0.8125 0.040625 0.1078125
8 0.496875 0.4640625 0.0546875 0.053125
0 0.703125 0.80078125 0.1671875 0.3265625
10 0.44609375 0.5640625 0.0671875 0.1328125
8 0.43125 0.64296875 0.05 0.046875
8 0.59375 0.5328125 0.0375 0.1046875
5 0.38984375 0.53828125 0.0953125 0.16875
9 0.49375 0.30546875 0.1328125 0.1984375
8 0.59921875 0.19921875 0.046875 0.109375
4 0.49609375 0.6828125 0.03125 0.0734375
1 0.55234375 0.63359375 0.1203125 0.2125