5 0.37734375 0.59921875 0.0390625 0.065625
4 0.4296875 0.68125 0.0375 0.034375
8 0.37109375 0.65390625 0.01875 0.05
8 0.4640625 0.65703125 0.015625 0.0515625
9 0.59140625 0.66796875 0.0421875 0.075
8 0.38203125 0.51171875 0.04375 0.0390625
8 0.4953125 0.540625 0.0171875 0.065625
4 0.4953125 0.68203125 0.040625 0.0328125
9 0.340625 0.590625 0.0421875 0.075
8 0.45546875 0.54375 0.0171875 0.071875
8 0.53828125 0.65625 0.01875 0.0625
8 0.55390625 0.4109375 0.0484375 0.040625
4 0.43046875 0.62109375 0.0421875 0.03125
1 0.49609375 0.45625 0.1171875 0.103125
4 0.49765625 0.62578125 0.0390625 0.028125
4 0.33515625 0.4578125 0.0265625 0.096875
2 0.39921875 0.440625 0.034375 0.1046875
10 0.59609375 0.45390625 0.0359375 0.0734375
5 0.60546875 0.55234375 0.053125 0.09375