0 0.51953125 0.2078125 0.1109375 0.415625
5 0.37109375 0.37578125 0.0375 0.15390625
5 0.6109375 0.50234375 0.034375 0.20546875
5 0.6546875 0.49609375 0.0296875 0.1953125
5 0.70703125 0.49921875 0.040625 0.203125
10 0.515625 0.78046875 0.075 0.18515625
2 0.3484375 0.55703125 0.0453125 0.13203125
9 0.3609375 0.68671875 0.0953125 0.16328125
9 0.65546875 0.6890625 0.16015625 0.2359375
10 0.47890625 0.44609375 0.05546875 0.14921875
8 0.4984375 0.58203125 0.0953125 0.07109375
8 0.396875 0.48046875 0.08203125 0.05234375
8 0.56484375 0.4796875 0.07109375 0.059375
8 0.60859375 0.390625 0.059375 0.04921875
8 0.53984375 0.66796875 0.03046875 0.103125
4 0.459375 0.734375 0.07109375 0.0734375
9 0.4125 0.3046875 0.09375 0.15078125