4 0.42734375 0.2796875 0.0921875 0.0640625
4 0.54609375 0.2828125 0.090625 0.0625
4 0.55 0.3765625 0.09375 0.059375
4 0.42734375 0.37578125 0.09375 0.0703125
8 0.34296875 0.33671875 0.0453125 0.1390625
8 0.440625 0.52265625 0.0546875 0.15625
8 0.52265625 0.52109375 0.05625 0.1578125
8 0.6671875 0.56875 0.1140625 0.0765625
8 0.328125 0.80625 0.1234375 0.0765625
4 0.78671875 0.665625 0.078125 0.215625
9 0.73671875 0.421875 0.0796875 0.14375
5 0.20859375 0.41484375 0.109375 0.184375
5 0.6546875 0.40546875 0.090625 0.18125
9 0.24921875 0.32578125 0.09375 0.14375
8 0.48828125 0.33671875 0.0296875 0.1390625
10 0.22890625 0.63203125 0.1140625 0.1734375
1 0.4484375 0.6890625 0.2578125 0.190625
2 0.65859375 0.7140625 0.078125 0.2359375