9 0.26171875 0.78203125 0.1234375 0.21640625
9 0.65703125 0.2859375 0.11953125 0.209375
0 0.31953125 0.4921875 0.18203125 0.23984375
8 0.46015625 0.41171875 0.02265625 0.1390625
8 0.55703125 0.54453125 0.0234375 0.1328125
9 0.659375 0.759375 0.07421875 0.14765625
8 0.4640625 0.7578125 0.0234375 0.13125
5 0.53515625 0.25078125 0.0578125 0.07578125
4 0.68203125 0.58984375 0.02578125 0.15859375
8 0.36171875 0.3328125 0.025 0.12421875
10 0.7484375 0.5015625 0.04609375 0.09921875
5 0.53125 0.3375 0.05859375 0.075
8 0.64765625 0.4828125 0.06640625 0.0484375
8 0.33203125 0.18671875 0.0765625 0.05
2 0.5515625 0.83984375 0.09375 0.10390625
5 0.3859375 0.85078125 0.07890625 0.09609375
10 0.4625 0.59609375 0.06796875 0.10546875
4 0.24140625 0.253125 0.034375 0.1640625
4 0.425 0.1859375 0.08671875 0.0609375
4 0.4265625 0.27109375 0.09296875 0.0640625