4 0.6109375 0.4 0.059375 0.11875
2 0.29140625 0.61796875 0.071875 0.1375
8 0.6015625 0.27578125 0.065625 0.1328125
5 0.6390625 0.5734375 0.0765625 0.1953125
0 0.4578125 0.61640625 0.246875 0.5609375
9 0.3609375 0.70625 0.0765625 0.115625
8 0.515625 0.35625 0.075 0.065625
4 0.5640625 0.41875 0.05 0.10625
5 0.5453125 0.57890625 0.0734375 0.2046875
5 0.5875 0.57734375 0.0734375 0.2046875
9 0.2015625 0.2984375 0.2125 0.278125
5 0.22734375 0.50078125 0.075 0.15
8 0.303125 0.52109375 0.0828125 0.065625
9 0.58046875 0.64375 0.134375 0.1796875
4 0.5453125 0.17421875 0.1140625 0.090625