8 0.6203125 0.4109375 0.04140625 0.034375
8 0.4859375 0.4125 0.04140625 0.03359375
9 0.63125 0.58671875 0.09609375 0.1609375
8 0.5375 0.33671875 0.034375 0.0328125
4 0.40078125 0.615625 0.05390625 0.05
8 0.37890625 0.5265625 0.02421875 0.06640625
10 0.52734375 0.17734375 0.03046875 0.07265625
8 0.44765625 0.49765625 0.04375 0.0390625
4 0.421875 0.43828125 0.0203125 0.06640625
5 0.359375 0.3453125 0.053125 0.0578125
4 0.38984375 0.440625 0.0234375 0.06015625
9 0.44375 0.2625 0.075 0.1265625
4 0.553125 0.253125 0.03203125 0.03671875
2 0.55 0.3703125 0.03046875 0.07890625
9 0.61328125 0.2578125 0.04375 0.090625
5 0.49765625 0.36015625 0.05234375 0.06640625
5 0.42890625 0.3 0.0234375 0.1046875
2 0.6234375 0.32890625 0.0234375 0.059375
0 0.509375 0.5953125 0.09453125 0.28515625
4 0.5125 0.2765625 0.01953125 0.0609375
5 0.62578125 0.47734375 0.0734375 0.05390625