5 0.715625 0.4765625 0.071875 0.0875
10 0.47578125 0.575 0.0296875 0.084375
4 0.61640625 0.78203125 0.0515625 0.040625
8 0.5515625 0.55078125 0.04375 0.0375
8 0.65078125 0.7 0.01875 0.075
9 0.38828125 0.30625 0.05625 0.1140625
9 0.40703125 0.75703125 0.084375 0.140625
8 0.58515625 0.659375 0.040625 0.0359375
8 0.40234375 0.5421875 0.0453125 0.040625
5 0.540625 0.475 0.0609375 0.0921875
5 0.40546875 0.6296875 0.0671875 0.075
9 0.6203125 0.30703125 0.10625 0.1734375
5 0.62265625 0.5109375 0.021875 0.11875
4 0.4703125 0.26171875 0.0515625 0.04375
4 0.65546875 0.5953125 0.025 0.0859375
8 0.49453125 0.43046875 0.05 0.0421875
8 0.525 0.31953125 0.0203125 0.0984375
10 0.5015625 0.103125 0.059375 0.1265625
4 0.6171875 0.6015625 0.025 0.075
0 0.51640625 0.8140625 0.075 0.35625
2 0.38046875 0.434375 0.0453125 0.0890625