1 0.25703125 0.3421875 0.0921875 0.35859375
8 0.17890625 0.1953125 0.034375 0.13984375
8 0.17578125 0.56875 0.0328125 0.13359375
8 0.6921875 0.62265625 0.121875 0.05
8 0.7203125 0.22578125 0.03125 0.14140625
5 0.4671875 0.09609375 0.06484375 0.1765625
8 0.359375 0.22734375 0.028125 0.13125
9 0.34453125 0.703125 0.15078125 0.2546875
4 0.5984375 0.33828125 0.03125 0.14375
5 0.53984375 0.3390625 0.06015625 0.1765625
8 0.48984375 0.33671875 0.02734375 0.13125
8 0.659375 0.28046875 0.090625 0.05
8 0.659375 0.46953125 0.0375 0.16328125
8 0.49609375 0.80703125 0.03125 0.17890625
5 0.5875 0.68046875 0.07578125 0.16015625
9 0.71484375 0.7546875 0.11953125 0.16953125
10 0.60390625 0.5296875 0.0484375 0.18046875
4 0.55390625 0.16640625 0.0921875 0.059375
10 0.4703125 0.4796875 0.06640625 0.165625
2 0.41171875 0.3359375 0.06875 0.184375
8 0.6546875 0.1546875 0.07421875 0.0578125