9 0.40234375 0.54921875 0.09609375 0.16640625
8 0.659375 0.59375 0.05390625 0.04453125
8 0.41875 0.46015625 0.04453125 0.0390625
4 0.39453125 0.4140625 0.01875 0.059375
9 0.68046875 0.30859375 0.0640625 0.1234375
10 0.5421875 0.3609375 0.03046875 0.06640625
4 0.58359375 0.5484375 0.04765625 0.0453125
9 0.415625 0.3328125 0.04609375 0.090625
5 0.49453125 0.44765625 0.04140625 0.065625
4 0.5875 0.59609375 0.0515625 0.05390625
4 0.72578125 0.553125 0.03125 0.08671875
10 0.3484375 0.42109375 0.0296875 0.10078125
0 0.62109375 0.240625 0.09140625 0.3078125
5 0.49140625 0.475 0.04140625 0.0546875
8 0.47890625 0.415625 0.01484375 0.05390625
8 0.62421875 0.5125 0.021875 0.07421875
8 0.55 0.47734375 0.01875 0.06953125
8 0.54140625 0.31015625 0.0140625 0.0375
2 0.484375 0.296875 0.05 0.0765625
5 0.490625 0.55390625 0.05703125 0.13046875