9 0.528125 0.21015625 0.07109375 0.134375
9 0.47265625 0.3171875 0.03828125 0.0921875
8 0.5453125 0.35703125 0.0390625 0.03671875
8 0.4484375 0.18359375 0.015625 0.07265625
5 0.62421875 0.21640625 0.040625 0.08671875
8 0.63828125 0.53046875 0.07890625 0.0375
4 0.5859375 0.621875 0.02109375 0.146875
5 0.6484375 0.31171875 0.04609375 0.0703125
8 0.4734375 0.44921875 0.02890625 0.1265625
10 0.6015625 0.384375 0.0484375 0.10703125
1 0.52890625 0.53046875 0.0625 0.203125
5 0.56875 0.6921875 0.02890625 0.1265625
5 0.65625 0.6890625 0.05625 0.103125