9 0.32109375 0.48671875 0.04140625 0.06796875
4 0.49921875 0.53359375 0.05 0.0390625
4 0.5015625 0.61171875 0.04453125 0.03671875
10 0.35703125 0.5734375 0.0171875 0.075
8 0.36640625 0.3828125 0.046875 0.0296875
8 0.44609375 0.40625 0.01484375 0.075
8 0.4640625 0.5734375 0.0140625 0.065625
8 0.553125 0.56953125 0.015625 0.0671875
4 0.31171875 0.32890625 0.01953125 0.0984375
4 0.425 0.534375 0.04921875 0.03359375
9 0.61171875 0.5640625 0.04609375 0.08671875
4 0.42421875 0.61640625 0.0375 0.03203125
8 0.540625 0.2453125 0.03984375 0.0296875
8 0.490625 0.41796875 0.01484375 0.0765625
1 0.4828125 0.30859375 0.1234375 0.0890625
5 0.36640625 0.45390625 0.04765625 0.05703125
2 0.37890625 0.2765625 0.028125 0.078125
10 0.59140625 0.309375 0.03828125 0.0734375
5 0.61875 0.4390625 0.04921875 0.0734375