5 0.4984375 0.54921875 0.053125 0.0953125
9 0.58828125 0.5125 0.1046875 0.1625
4 0.28828125 0.46328125 0.0359375 0.08125
0 0.2578125 0.653125 0.18125 0.1984375
2 0.48671875 0.725 0.034375 0.05625
8 0.44296875 0.5609375 0.025 0.075
4 0.42421875 0.43984375 0.0515625 0.053125
10 0.43828125 0.66171875 0.0390625 0.0921875
10 0.65234375 0.62265625 0.0625 0.071875
9 0.55390625 0.71875 0.0484375 0.0875
8 0.5640625 0.596875 0.0515625 0.046875
5 0.38359375 0.68984375 0.034375 0.0875
8 0.50234375 0.62578125 0.0203125 0.0578125
4 0.58125 0.6453125 0.025 0.059375
8 0.35546875 0.43359375 0.05625 0.0453125
5 0.51484375 0.39765625 0.0515625 0.090625
8 0.37734375 0.5171875 0.025 0.0671875
4 0.41953125 0.48671875 0.0453125 0.0484375
8 0.43125 0.721875 0.015625 0.0375
9 0.3125 0.70703125 0.0828125 0.1203125