8 0.48359375 0.63203125 0.0171875 0.07890625
1 0.3484375 0.3875 0.046875 0.20390625
8 0.303125 0.509375 0.0171875 0.07109375
8 0.296875 0.29375 0.0171875 0.0640625
8 0.61484375 0.31640625 0.01640625 0.06484375
8 0.57734375 0.453125 0.01640625 0.06953125
8 0.48046875 0.384375 0.01640625 0.07265625
8 0.4046875 0.31953125 0.01484375 0.06875
9 0.40078125 0.58125 0.08359375 0.14296875
8 0.5796875 0.28359375 0.04140625 0.03984375
10 0.54375 0.4734375 0.0234375 0.078125
4 0.5171875 0.2859375 0.05078125 0.04296875
9 0.6140625 0.6125 0.0453125 0.0890625
8 0.596875 0.5421875 0.03828125 0.040625
10 0.4734375 0.44765625 0.0328125 0.0703125
4 0.54375 0.38984375 0.0203125 0.084375
2 0.43671875 0.3828125 0.034375 0.1078125
8 0.58125 0.3515625 0.040625 0.034375
5 0.465625 0.25546875 0.034375 0.0875
5 0.51484375 0.36953125 0.021875 0.06796875
5 0.53515625 0.56328125 0.040625 0.09609375