8 0.5359375 0.58359375 0.0375 0.0984375
8 0.559375 0.2953125 0.03125 0.0765625
9 0.33515625 0.29609375 0.121875 0.18125
5 0.45 0.3796875 0.0625 0.1125
4 0.5078125 0.26484375 0.059375 0.0578125
8 0.49609375 0.3515625 0.03125 0.0796875
2 0.471875 0.62578125 0.08125 0.1
4 0.340625 0.49453125 0.0359375 0.0890625
8 0.36484375 0.41484375 0.0765625 0.065625
8 0.43515625 0.45 0.0359375 0.09375
8 0.565625 0.209375 0.05625 0.05625
9 0.70390625 0.56953125 0.1390625 0.1984375
9 0.37109375 0.6125 0.0765625 0.125
5 0.41875 0.2265625 0.05625 0.09375
4 0.49453125 0.21875 0.0671875 0.0625
0 0.68046875 0.33828125 0.2625 0.2203125
4 0.63828125 0.2328125 0.0359375 0.0734375
10 0.51171875 0.446875 0.0578125 0.1125
10 0.25078125 0.44921875 0.08125 0.090625
5 0.6015625 0.5609375 0.0484375 0.1125