8 0.4140625 0.4453125 0.0421875 0.1796875
4 0.52578125 0.65 0.0953125 0.0671875
5 0.25625 0.5078125 0.0921875 0.06875
8 0.62890625 0.7046875 0.0375 0.1453125
4 0.39375 0.6640625 0.1 0.0640625
8 0.26953125 0.73515625 0.04375 0.1515625
1 0.46640625 0.24296875 0.228125 0.1640625
4 0.409375 0.8140625 0.0953125 0.0625
8 0.56015625 0.1203125 0.1 0.059375
4 0.546875 0.8 0.0921875 0.0609375
4 0.1515625 0.28203125 0.0484375 0.1875
2 0.265625 0.1984375 0.0734375 0.1765625
8 0.25859375 0.3828125 0.0984375 0.053125
8 0.46640625 0.7203125 0.040625 0.159375
10 0.675 0.22265625 0.071875 0.115625
5 0.734375 0.46796875 0.115625 0.090625
9 0.1875 0.5828125 0.0859375 0.1296875
8 0.4953125 0.434375 0.0375 0.146875
9 0.7375 0.6953125 0.1 0.1796875