9 0.7109375 0.159375 0.07265625 0.13125
5 0.834375 0.55859375 0.1109375 0.22578125
8 0.5890625 0.32890625 0.11875 0.06875
4 0.3703125 0.58671875 0.03828125 0.146875
8 0.234375 0.440625 0.13203125 0.05859375
5 0.71328125 0.54453125 0.065625 0.275
8 0.246875 0.32578125 0.1125 0.0609375
9 0.76171875 0.38828125 0.14453125 0.2359375
8 0.59296875 0.44453125 0.12109375 0.05625
8 0.265625 0.1375 0.10546875 0.053125
5 0.45625 0.38359375 0.08125 0.18515625
10 0.603125 0.62265625 0.06640625 0.19765625
10 0.47109375 0.62421875 0.05703125 0.2
4 0.1734375 0.67109375 0.0515625 0.21328125
8 0.57109375 0.14296875 0.1046875 0.0625
8 0.253125 0.22890625 0.1078125 0.0578125
4 0.3 0.7515625 0.1484375 0.08203125
8 0.3765625 0.3796875 0.0296875 0.1734375
8 0.58125 0.24140625 0.11015625 0.05859375
8 0.38203125 0.2203125 0.028125 0.16015625
5 0.47109375 0.1578125 0.0625 0.13984375
8 0.58984375 0.31875 0.05546875 0.05
8 0.57734375 0.1390625 0.05390625 0.046875