9 0.51875 0.66953125 0.08515625 0.13828125
8 0.49609375 0.525 0.03984375 0.0375
4 0.46015625 0.2953125 0.01796875 0.103125
8 0.615625 0.7484375 0.0234375 0.090625
8 0.4125 0.36015625 0.03828125 0.03671875
9 0.575 0.55859375 0.04296875 0.0953125
5 0.40078125 0.4703125 0.059375 0.146875
5 0.4015625 0.7015625 0.05546875 0.125
0 0.59921875 0.1703125 0.07578125 0.2875
5 0.4140625 0.178125 0.03671875 0.09609375
1 0.5140625 0.34609375 0.0484375 0.18515625
10 0.440625 0.421875 0.03125 0.1015625
8 0.56796875 0.42421875 0.01640625 0.08125
5 0.5140625 0.2140625 0.07734375 0.06953125