9 0.32734375 0.28828125 0.153125 0.2390625
9 0.68828125 0.85 0.153125 0.2375
9 0.2734375 0.803125 0.08125 0.1390625
5 0.4609375 0.28515625 0.075 0.0625
5 0.56328125 0.821875 0.075 0.1734375
8 0.40859375 0.578125 0.0421875 0.1546875
10 0.1671875 0.52578125 0.10625 0.1203125
8 0.63671875 0.38828125 0.0390625 0.128125
8 0.4828125 0.82109375 0.0421875 0.15625
4 0.590625 0.20546875 0.0953125 0.059375
4 0.58046875 0.29921875 0.0890625 0.0671875
5 0.45234375 0.4546875 0.0921875 0.19375
0 0.77109375 0.58671875 0.3546875 0.246875
5 0.4859375 0.10625 0.0859375 0.2109375
10 0.5015625 0.63984375 0.0609375 0.084375
2 0.39296875 0.83203125 0.1015625 0.121875
4 0.7765625 0.31875 0.0484375 0.1375
8 0.69375 0.215625 0.096875 0.0609375
8 0.325 0.49609375 0.084375 0.053125
8 0.53125 0.43671875 0.0515625 0.2015625
4 0.271875 0.60859375 0.0453125 0.15625