8 0.66640625 0.6078125 0.0484375 0.04375
5 0.61796875 0.76328125 0.0515625 0.0875
2 0.57578125 0.46640625 0.0609375 0.084375
9 0.68828125 0.69296875 0.109375 0.15
9 0.66171875 0.4671875 0.071875 0.115625
8 0.51328125 0.4953125 0.0328125 0.0734375
9 0.36328125 0.525 0.128125 0.1796875
4 0.54140625 0.7578125 0.0453125 0.0390625
4 0.68671875 0.55078125 0.0328125 0.065625
8 0.6015625 0.5875 0.03125 0.06875
4 0.534375 0.725 0.0484375 0.0546875
10 0.7625 0.5796875 0.0796875 0.0859375
8 0.484375 0.76875 0.04375 0.0421875
8 0.490625 0.703125 0.028125 0.0609375
5 0.58828125 0.64375 0.05 0.0828125
0 0.375 0.715625 0.1953125 0.20625
10 0.5390625 0.60234375 0.0625 0.1125
5 0.45625 0.50703125 0.0703125 0.1390625
8 0.55234375 0.67734375 0.028125 0.0546875