9 0.59609375 0.565625 0.0515625 0.11796875
5 0.38828125 0.61875 0.0625 0.13359375
5 0.3828125 0.47734375 0.06640625 0.159375
8 0.50078125 0.534375 0.04765625 0.04453125
10 0.434375 0.440625 0.04609375 0.1328125
5 0.48671875 0.18359375 0.0234375 0.109375
9 0.525 0.68515625 0.1015625 0.17578125
8 0.40546875 0.36796875 0.040625 0.0375
5 0.40703125 0.19765625 0.0484375 0.134375
0 0.6453125 0.178125 0.11484375 0.33359375
8 0.584375 0.45078125 0.0203125 0.10703125
1 0.51953125 0.35859375 0.05546875 0.1875
8 0.646875 0.77421875 0.0296875 0.11015625
4 0.4625 0.31484375 0.01875 0.0921875