8 0.6171875 0.33671875 0.0390625 0.03125
9 0.34609375 0.22890625 0.04375 0.0796875
8 0.41953125 0.3796875 0.0390625 0.034375
4 0.5796875 0.53125 0.075 0.0453125
5 0.284375 0.44296875 0.1125 0.0625
8 0.415625 0.321875 0.0578125 0.040625
8 0.54375 0.3484375 0.0171875 0.065625
8 0.6171875 0.39453125 0.0609375 0.0328125
8 0.42578125 0.22890625 0.0625 0.0421875
8 0.53984375 0.3125 0.025 0.1453125
8 0.6140625 0.2890625 0.0359375 0.0296875
10 0.4109375 0.46796875 0.059375 0.096875
5 0.3625 0.41640625 0.0265625 0.159375
9 0.3234375 0.3390625 0.078125 0.134375
8 0.42265625 0.2828125 0.0640625 0.0359375
8 0.6078125 0.2421875 0.0328125 0.03125
8 0.54296875 0.26484375 0.0171875 0.05
5 0.49609375 0.35 0.0453125 0.103125
4 0.64765625 0.484375 0.0265625 0.06875
4 0.54765625 0.45625 0.0265625 0.075
5 0.49609375 0.259375 0.0546875 0.0796875
10 0.47578125 0.47421875 0.0640625 0.078125