0 0.23984375 0.6640625 0.2 0.4234375
9 0.5671875 0.58671875 0.0859375 0.140625
8 0.51953125 0.67421875 0.04375 0.140625
5 0.58984375 0.8734375 0.0546875 0.1796875
8 0.359375 0.79765625 0.0328125 0.0921875
8 0.4421875 0.5640625 0.109375 0.0703125
9 0.65078125 0.6921875 0.1421875 0.1921875
5 0.48671875 0.86953125 0.05625 0.21875
8 0.74375 0.54609375 0.08125 0.0671875
1 0.37578125 0.646875 0.146875 0.1375
10 0.4546875 0.7984375 0.0515625 0.1484375
4 0.3125 0.725 0.1015625 0.1015625
5 0.19453125 0.89921875 0.0625 0.0921875