4 0.54140625 0.3046875 0.02265625 0.1015625
9 0.70703125 0.471875 0.09609375 0.13984375
9 0.40625 0.48359375 0.053125 0.103125
9 0.2421875 0.4390625 0.0609375 0.125
4 0.475 0.309375 0.02109375 0.09921875
10 0.509375 0.44609375 0.03984375 0.0859375
10 0.55703125 0.571875 0.0484375 0.115625
8 0.6046875 0.30390625 0.02265625 0.103125
8 0.67109375 0.30078125 0.0234375 0.09921875
8 0.7203125 0.29921875 0.0296875 0.10390625
8 0.36875 0.26171875 0.090625 0.03984375
8 0.36484375 0.3484375 0.09140625 0.040625