9 0.7109375 0.28359375 0.0984375 0.1265625
4 0.70234375 0.596875 0.040625 0.0921875
5 0.49140625 0.5109375 0.0578125 0.0875
9 0.3984375 0.53359375 0.1171875 0.1765625
8 0.49765625 0.3890625 0.0265625 0.0734375
5 0.46640625 0.67109375 0.0609375 0.1125
8 0.63203125 0.63671875 0.053125 0.046875
9 0.4515625 0.26640625 0.0578125 0.096875
0 0.75078125 0.39609375 0.1890625 0.1875
8 0.57890625 0.2828125 0.025 0.065625
4 0.5578125 0.6265625 0.071875 0.059375
8 0.571875 0.315625 0.0515625 0.1328125
4 0.41875 0.35390625 0.028125 0.0671875
10 0.33984375 0.38828125 0.071875 0.0796875
5 0.62890625 0.30546875 0.0421875 0.09375
8 0.6171875 0.53125 0.03125 0.0828125
4 0.5671875 0.56484375 0.059375 0.053125
8 0.43046875 0.42265625 0.046875 0.0421875
8 0.55390625 0.46953125 0.0296875 0.0796875
2 0.5265625 0.26328125 0.053125 0.071875
5 0.509375 0.45234375 0.0765625 0.1078125