9 0.3578125 0.55 0.0875 0.14140625
5 0.2546875 0.190625 0.096875 0.109375
9 0.24609375 0.41796875 0.13984375 0.23359375
5 0.74609375 0.440625 0.0640625 0.165625
5 0.46875 0.16796875 0.06875 0.11640625
8 0.1671875 0.64375 0.09296875 0.06015625
8 0.39921875 0.390625 0.0296875 0.2046875
8 0.4984375 0.5515625 0.12109375 0.05703125
1 0.58515625 0.4078125 0.19375 0.16640625
0 0.8328125 0.65390625 0.32421875 0.2734375
4 0.64765625 0.2875 0.1296875 0.0625
8 0.56953125 0.17734375 0.02578125 0.1625
5 0.778125 0.17109375 0.1234375 0.12265625
10 0.4859375 0.25625 0.09453125 0.1125