8 0.384375 0.640625 0.05 0.0390625
8 0.4734375 0.6234375 0.021875 0.078125
8 0.4578125 0.540625 0.05 0.05
8 0.4546875 0.48203125 0.040625 0.04375
8 0.384375 0.521875 0.059375 0.0375
8 0.38203125 0.409375 0.0609375 0.046875
8 0.540625 0.4078125 0.021875 0.10625
4 0.403125 0.56484375 0.021875 0.0734375
4 0.3640625 0.571875 0.0296875 0.071875
4 0.3625 0.478125 0.01875 0.078125
4 0.4015625 0.475 0.021875 0.078125
4 0.4953125 0.6859375 0.0625 0.0390625
5 0.4625 0.32421875 0.059375 0.09375
5 0.440625 0.6453125 0.0265625 0.0984375
9 0.41875 0.684375 0.0375 0.06875
9 0.37890625 0.32890625 0.0484375 0.090625
1 0.5078125 0.49921875 0.04375 0.1875
10 0.515625 0.35234375 0.028125 0.09375
2 0.521875 0.62421875 0.046875 0.0734375