10 0.390625 0.4140625 0.0390625 0.17890625
4 0.6015625 0.34375 0.0984375 0.05625
9 0.4328125 0.2375 0.05703125 0.12109375
4 0.60625 0.45546875 0.1078125 0.06015625
10 0.5046875 0.3703125 0.04921875 0.14921875
9 0.390625 0.74453125 0.1453125 0.24296875
8 0.6109375 0.7265625 0.1171875 0.0609375
8 0.60859375 0.57734375 0.1125 0.06328125
4 0.559375 0.19765625 0.021875 0.09375
8 0.61640625 0.865625 0.1234375 0.053125
9 0.48359375 0.0578125 0.04765625 0.11171875
8 0.60390625 0.40703125 0.10390625 0.0390625
4 0.6359375 0.1953125 0.021875 0.09921875