9 0.3296875 0.75859375 0.08125 0.1203125
4 0.28359375 0.44921875 0.0265625 0.090625
0 0.26875 0.65625 0.16875 0.16875
8 0.5234375 0.61953125 0.0171875 0.0703125
9 0.58984375 0.7328125 0.04375 0.090625
5 0.5078125 0.4953125 0.046875 0.084375
8 0.46015625 0.7375 0.015625 0.0640625
10 0.4609375 0.67578125 0.0328125 0.0671875
5 0.5 0.56171875 0.046875 0.09375
9 0.59609375 0.4578125 0.096875 0.1703125
4 0.60859375 0.6296875 0.021875 0.0890625
10 0.678125 0.59375 0.0625 0.0734375
8 0.3796875 0.50078125 0.0203125 0.0765625
8 0.45234375 0.534375 0.0171875 0.059375
8 0.5828125 0.571875 0.0421875 0.0390625
8 0.3484375 0.39375 0.05625 0.040625
5 0.40546875 0.7359375 0.028125 0.0609375
4 0.41953125 0.4015625 0.075 0.0671875
2 0.51640625 0.74140625 0.0515625 0.08125