9 0.4265625 0.9 0.11875 0.178125
5 0.51171875 0.8828125 0.0625 0.15625
8 0.6234375 0.88125 0.0515625 0.04375
8 0.29375 0.45546875 0.1296875 0.075
8 0.68046875 0.62890625 0.040625 0.128125
8 0.2703125 0.33515625 0.14375 0.0765625
9 0.48671875 0.7140625 0.0671875 0.128125
8 0.62578125 0.7953125 0.05625 0.046875
4 0.63671875 0.35078125 0.1375 0.0890625
5 0.4890625 0.58203125 0.06875 0.1421875
5 0.4671875 0.20390625 0.084375 0.1859375
4 0.63359375 0.49609375 0.1359375 0.0796875
9 0.634375 0.22734375 0.1140625 0.1890625
8 0.2453125 0.1921875 0.1640625 0.0890625
5 0.4796875 0.40625 0.0484375 0.1171875
8 0.271875 0.63203125 0.0375 0.1015625
8 0.3484375 0.61015625 0.0375 0.115625
8 0.31640625 0.60703125 0.1109375 0.1453125
4 0.321875 0.85859375 0.0421875 0.10625
4 0.346875 0.76015625 0.1125 0.08125
8 0.58359375 0.65234375 0.0359375 0.1
8 0.6265625 0.634375 0.140625 0.140625
5 0.51640625 0.9328125 0.0640625 0.134375