9 0.5890625 0.5640625 0.1203125 0.1796875
8 0.328125 0.56796875 0.0609375 0.053125
8 0.58671875 0.4734375 0.05 0.0453125
4 0.61796875 0.43125 0.028125 0.0609375
9 0.3515625 0.2828125 0.0828125 0.13125
10 0.48046875 0.35625 0.040625 0.0703125
4 0.41015625 0.534375 0.0546875 0.0515625
9 0.609375 0.3484375 0.059375 0.096875
5 0.51328125 0.44921875 0.0515625 0.071875
4 0.3984375 0.58125 0.059375 0.0609375
4 0.26875 0.5171875 0.04375 0.090625
10 0.66171875 0.44609375 0.0453125 0.1046875
0 0.42109375 0.225 0.1390625 0.31875
5 0.5125 0.4765625 0.05 0.0609375
8 0.534375 0.4203125 0.0234375 0.05625
8 0.375 0.49296875 0.0328125 0.0765625
8 0.45390625 0.46953125 0.0296875 0.071875
8 0.4890625 0.30625 0.0203125 0.0390625
2 0.546875 0.3015625 0.0609375 0.0828125
5 0.50078125 0.5546875 0.0765625 0.1375