9 0.51796875 0.7078125 0.1515625 0.25078125
8 0.646875 0.1375 0.02578125 0.1
8 0.7 0.48984375 0.0390625 0.1421875
8 0.546875 0.4859375 0.02734375 0.1640625
4 0.35625 0.0875 0.08984375 0.0734375
8 0.525 0.12890625 0.02421875 0.103125
10 0.34296875 0.36953125 0.05078125 0.12109375
8 0.61796875 0.2453125 0.09765625 0.0546875
8 0.46796875 0.4890625 0.028125 0.16171875
4 0.38359375 0.23671875 0.08828125 0.06796875
8 0.509375 0.23828125 0.09453125 0.053125
8 0.459375 0.1234375 0.0203125 0.10625
5 0.36875 0.49765625 0.07109375 0.153125
4 0.30234375 0.1828125 0.0296875 0.12265625
8 0.6203125 0.48984375 0.03828125 0.17109375
8 0.584375 0.12578125 0.02109375 0.08515625
9 0.703125 0.6859375 0.08828125 0.1828125
5 0.628125 0.32109375 0.1046875 0.109375
5 0.525 0.31328125 0.0703125 0.10078125
5 0.35078125 0.815625 0.07734375 0.24375