9 0.44375 0.82734375 0.13828125 0.24140625
9 0.63359375 0.12578125 0.06015625 0.1109375
8 0.7046875 0.87421875 0.1203125 0.05390625
5 0.53984375 0.325 0.04765625 0.1
8 0.3484375 0.42734375 0.02734375 0.128125
8 0.4046875 0.2796875 0.0921875 0.04609375
8 0.4046875 0.19296875 0.08671875 0.0421875
8 0.41875 0.4234375 0.0234375 0.14453125
8 0.403125 0.26640625 0.05234375 0.04375
8 0.4078125 0.11640625 0.10234375 0.053125
5 0.5375 0.0953125 0.06015625 0.15390625
5 0.53359375 0.22890625 0.0609375 0.0890625
5 0.56171875 0.70859375 0.06875 0.1359375
5 0.55859375 0.853125 0.078125 0.140625
8 0.69375 0.69765625 0.12421875 0.059375
8 0.6265625 0.4828125 0.03125 0.1484375
8 0.7171875 0.47109375 0.04296875 0.15546875
4 0.33125 0.7609375 0.0484375 0.18359375
4 0.3921875 0.58671875 0.121875 0.0484375
4 0.6578125 0.31953125 0.1203125 0.08359375
4 0.6484375 0.22109375 0.096875 0.0640625
9 0.528125 0.51328125 0.10625 0.134375