0 0.5625 0.378125 0.0953125 0.38984375
8 0.41796875 0.56640625 0.02265625 0.071875
9 0.65546875 0.30234375 0.0421875 0.0875
4 0.46171875 0.48125 0.02109375 0.075
9 0.6875 0.61640625 0.10859375 0.17109375
2 0.6890625 0.37734375 0.0328125 0.09765625
5 0.46796875 0.36875 0.02265625 0.1546875
4 0.44140625 0.65078125 0.06484375 0.053125
4 0.42734375 0.4828125 0.021875 0.08125
5 0.7078125 0.48125 0.03125 0.109375
8 0.66484375 0.45078125 0.05546875 0.0453125
5 0.4984375 0.375 0.02265625 0.1625
5 0.43125 0.35703125 0.0265625 0.15
8 0.4875 0.53359375 0.04375 0.03828125
9 0.48125 0.3140625 0.0765625 0.13125