9 0.46953125 0.33203125 0.0953125 0.14375
8 0.50234375 0.475 0.0421875 0.040625
4 0.55390625 0.7015625 0.025 0.1046875
8 0.3671875 0.26015625 0.0296875 0.0921875
8 0.596875 0.63359375 0.040625 0.0390625
9 0.42109375 0.446875 0.05 0.0984375
5 0.60078125 0.52265625 0.06875 0.15
5 0.584375 0.2921875 0.0640625 0.128125
0 0.42421875 0.8359375 0.0953125 0.2921875
5 0.6078125 0.81484375 0.04375 0.0984375
1 0.496875 0.6546875 0.0609375 0.1875
10 0.56484375 0.5734375 0.0375 0.103125
8 0.4375 0.58046875 0.021875 0.0828125
5 0.50625 0.7859375 0.08125 0.075