0 0.37421875 0.74921875 0.115625 0.465625
9 0.6171875 0.5296875 0.075 0.1265625
1 0.41875 0.4421875 0.1765625 0.1390625
9 0.72734375 0.440625 0.1234375 0.1921875
8 0.75390625 0.57421875 0.06875 0.05625
5 0.59765625 0.23515625 0.0609375 0.20625
10 0.5421875 0.309375 0.0421875 0.153125
5 0.7328125 0.26953125 0.046875 0.0984375
4 0.35234375 0.3296875 0.128125 0.06875
8 0.5046875 0.528125 0.096875 0.0609375
8 0.41875 0.1984375 0.0359375 0.196875
5 0.2359375 0.22578125 0.059375 0.2453125
5 0.2640625 0.446875 0.06875 0.1109375
8 0.59296875 0.40390625 0.034375 0.159375