8 0.61484375 0.62734375 0.02890625 0.11953125
8 0.45859375 0.128125 0.0453125 0.04296875
9 0.3109375 0.6671875 0.0890625 0.17109375
8 0.70234375 0.64140625 0.03515625 0.15625
8 0.64375 0.103125 0.05546875 0.0515625
10 0.43203125 0.4390625 0.0671875 0.1765625
5 0.7125 0.33515625 0.0921875 0.14375
4 0.68828125 0.49375 0.0390625 0.13984375
9 0.384375 0.25859375 0.121875 0.19375
8 0.565625 0.39765625 0.06328125 0.05
1 0.56015625 0.175 0.1609375 0.125
8 0.3328125 0.4046875 0.06328125 0.05078125
10 0.484375 0.31875 0.0484375 0.11953125
8 0.49140625 0.61015625 0.06640625 0.053125
4 0.57109375 0.540625 0.0859375 0.06171875
2 0.565625 0.30625 0.0765625 0.07421875
8 0.39921875 0.65 0.03203125 0.12578125
5 0.5765625 0.45546875 0.103125 0.0796875
8 0.66875 0.7296875 0.0734375 0.0609375
8 0.6265625 0.2625 0.05 0.04453125
5 0.30078125 0.478125 0.1265625 0.146875