8 0.503125 0.634375 0.02421875 0.18125
8 0.46796875 0.121875 0.08203125 0.0625
10 0.66484375 0.30546875 0.08046875 0.08828125
9 0.6265625 0.5328125 0.05390625 0.10859375
9 0.6046875 0.09609375 0.08125 0.14609375
9 0.59765625 0.84921875 0.06640625 0.1296875
4 0.4671875 0.315625 0.0828125 0.046875
8 0.4234375 0.628125 0.021875 0.16953125
10 0.57890625 0.37578125 0.0546875 0.078125
4 0.465625 0.428125 0.08515625 0.04609375
8 0.465625 0.2140625 0.08125 0.04375
8 0.4671875 0.0484375 0.08359375 0.046875