5 0.60703125 0.49375 0.0546875 0.0796875
8 0.38984375 0.50703125 0.0375 0.0953125
8 0.4421875 0.50859375 0.0359375 0.1109375
10 0.6 0.68515625 0.04375 0.0734375
9 0.41953125 0.35625 0.0671875 0.1140625
8 0.48984375 0.51015625 0.034375 0.109375
5 0.51796875 0.67734375 0.0390625 0.140625
10 0.61875 0.565625 0.059375 0.1046875
8 0.47109375 0.70625 0.0671875 0.0421875
9 0.534375 0.3625 0.115625 0.16875
8 0.40859375 0.79609375 0.0296875 0.0875
4 0.6140625 0.77578125 0.034375 0.09375
8 0.49609375 0.8234375 0.0234375 0.065625
8 0.36484375 0.7953125 0.025 0.0671875
8 0.3984375 0.69765625 0.0359375 0.04375
4 0.56484375 0.85703125 0.0703125 0.05625
8 0.45 0.8140625 0.025 0.0640625
5 0.63515625 0.38828125 0.0515625 0.06875
8 0.53828125 0.53046875 0.028125 0.0875
5 0.4296875 0.6625 0.04375 0.128125
4 0.56328125 0.72109375 0.059375 0.0515625