5 0.6796875 0.5421875 0.046875 0.1140625
5 0.48046875 0.73671875 0.05 0.08125
0 0.7515625 0.415625 0.1890625 0.1546875
1 0.5671875 0.5609375 0.1359375 0.11875
4 0.6125 0.65078125 0.0890625 0.0453125
5 0.32890625 0.71953125 0.071875 0.0765625
5 0.70234375 0.728125 0.090625 0.084375
9 0.33203125 0.5609375 0.09375 0.15625
9 0.41328125 0.46484375 0.059375 0.1015625
10 0.49296875 0.678125 0.0734375 0.078125
8 0.5515625 0.728125 0.025 0.115625
8 0.43828125 0.5859375 0.0234375 0.125
8 0.5109375 0.46015625 0.078125 0.0375
8 0.284375 0.39921875 0.0625 0.0421875