9 0.46796875 0.68984375 0.1046875 0.171875
8 0.45078125 0.540625 0.0453125 0.04765625
8 0.359375 0.375 0.04140625 0.0421875
9 0.5421875 0.571875 0.053125 0.1234375
5 0.36328125 0.2046875 0.04921875 0.13671875
8 0.45546875 0.53828125 0.11875 0.04765625
5 0.31875 0.45625 0.059375 0.10703125
4 0.41796875 0.31640625 0.02109375 0.08515625
8 0.5921875 0.77890625 0.0265625 0.10625
8 0.5375 0.4546875 0.0203125 0.10625
5 0.44453125 0.2046875 0.03046875 0.140625
0 0.6046875 0.153125 0.09765625 0.303125
5 0.3296875 0.62421875 0.065625 0.1453125
1 0.475 0.3328125 0.0546875 0.2546875
10 0.3859375 0.4546875 0.05390625 0.10703125