8 0.2796875 0.4546875 0.0375 0.1015625
9 0.73203125 0.59296875 0.1296875 0.1859375
9 0.29453125 0.77578125 0.0671875 0.121875
8 0.51015625 0.85703125 0.05 0.046875
5 0.4515625 0.68515625 0.03125 0.128125
8 0.69609375 0.840625 0.03125 0.0875
8 0.62109375 0.8296875 0.0296875 0.0859375
4 0.35 0.784375 0.0328125 0.1125
9 0.5609375 0.675 0.0625 0.1109375
5 0.66796875 0.7296875 0.0640625 0.13125
8 0.51875 0.765625 0.0515625 0.046875
8 0.40703125 0.4765625 0.034375 0.1171875
4 0.61875 0.4921875 0.0453125 0.1546875
5 0.7265625 0.734375 0.0515625 0.1171875
8 0.5078125 0.52109375 0.0546875 0.053125
8 0.52578125 0.42265625 0.0578125 0.0484375
4 0.42109375 0.7921875 0.034375 0.1078125
8 0.26875 0.66953125 0.065625 0.1265625
4 0.7265625 0.44765625 0.0828125 0.059375
5 0.36875 0.66796875 0.040625 0.090625
8 0.34609375 0.45703125 0.0390625 0.1328125