8 0.3578125 0.31640625 0.11171875 0.0484375
9 0.4 0.646875 0.06640625 0.12734375
8 0.35 0.4375 0.1140625 0.05234375
4 0.4921875 0.38203125 0.02734375 0.1421875
8 0.74296875 0.378125 0.0265625 0.140625
4 0.5765625 0.378125 0.02734375 0.14296875
9 0.19921875 0.56796875 0.078125 0.1328125
9 0.7859375 0.6359375 0.11796875 0.19375
8 0.80703125 0.37578125 0.0359375 0.14765625
10 0.5359375 0.5859375 0.05703125 0.1078125
8 0.65546875 0.38125 0.03046875 0.1484375
10 0.5890625 0.759375 0.06796875 0.17109375