8 0.57421875 0.58359375 0.0609375 0.125
8 0.3765625 0.61484375 0.1046875 0.0671875
8 0.5125 0.47421875 0.1265625 0.075
8 0.7109375 0.28984375 0.090625 0.1578125
9 0.565625 0.34609375 0.15625 0.2046875
9 0.6125 0.475 0.090625 0.1265625
5 0.38828125 0.5015625 0.1109375 0.1671875
5 0.42109375 0.3703125 0.1015625 0.1265625
5 0.3421875 0.77734375 0.0859375 0.1578125
5 0.41796875 0.80078125 0.0609375 0.140625
4 0.43046875 0.6703125 0.0578125 0.13125
10 0.43125 0.5609375 0.0921875 0.1359375
0 0.56953125 0.83125 0.1734375 0.3375
1 0.48828125 0.6484375 0.1046875 0.1875