8 0.32265625 0.17109375 0.0875 0.05
8 0.29375 0.23359375 0.0390625 0.096875
8 0.35 0.23203125 0.0328125 0.09375
8 0.421875 0.234375 0.0671875 0.05625
8 0.56328125 0.3765625 0.078125 0.0453125
8 0.484375 0.1921875 0.025 0.103125
8 0.38984375 0.384375 0.078125 0.053125
8 0.3421875 0.54765625 0.0875 0.046875
8 0.51484375 0.7171875 0.0921875 0.059375
8 0.3328125 0.77734375 0.0921875 0.0578125
9 0.5515625 0.51796875 0.121875 0.190625
9 0.53359375 0.171875 0.08125 0.1140625
5 0.5296875 0.26953125 0.065625 0.128125
5 0.3046875 0.42109375 0.0734375 0.1453125
4 0.3 0.3140625 0.0484375 0.0703125
10 0.459375 0.38125 0.05 0.1359375
10 0.47265625 0.26640625 0.0609375 0.121875
2 0.39765625 0.4578125 0.075 0.0921875
1 0.39453125 0.65078125 0.196875 0.1296875
5 0.4 0.30078125 0.0484375 0.103125