5 0.2828125 0.496875 0.08125 0.0953125
10 0.5328125 0.428125 0.040625 0.0875
4 0.41875 0.20625 0.05625 0.046875
8 0.4546875 0.44296875 0.0484375 0.0421875
8 0.375 0.2828125 0.0265625 0.0765625
9 0.5875 0.70625 0.0703125 0.1203125
9 0.6234375 0.25625 0.1015625 0.1484375
8 0.43515625 0.33125 0.0453125 0.040625
8 0.60234375 0.4703125 0.05 0.0453125
5 0.45625 0.51953125 0.071875 0.0984375
5 0.609375 0.3828125 0.075 0.08125
9 0.35703125 0.6765625 0.1265625 0.184375
5 0.3796875 0.47421875 0.0359375 0.1203125
4 0.50078125 0.73984375 0.05625 0.05
4 0.35703125 0.38671875 0.0359375 0.0890625
8 0.496875 0.56953125 0.0546875 0.0484375
8 0.453125 0.67578125 0.0328125 0.1
10 0.45 0.89375 0.075 0.1328125
4 0.39609375 0.38515625 0.034375 0.078125
0 0.521875 0.1859375 0.1171875 0.3625
2 0.6109375 0.5796875 0.05625 0.09375