8 0.53671875 0.6078125 0.146875 0.0828125
9 0.54453125 0.40703125 0.109375 0.171875
8 0.2859375 0.2328125 0.0578125 0.159375
5 0.7171875 0.37421875 0.109375 0.1796875
5 0.11171875 0.47734375 0.1203125 0.18125
4 0.546875 0.1828125 0.059375 0.175
5 0.26484375 0.47578125 0.0703125 0.121875
9 0.16484375 0.7484375 0.1375 0.2078125
8 0.1265625 0.2390625 0.053125 0.125
8 0.5703125 0.82109375 0.165625 0.0921875
9 0.7328125 0.23046875 0.190625 0.2640625
8 0.20625 0.23671875 0.05625 0.146875
8 0.4078125 0.12421875 0.06875 0.0640625
8 0.41796875 0.2375 0.1234375 0.0765625
4 0.26328125 0.75546875 0.090625 0.2375
5 0.80625 0.35546875 0.0890625 0.190625
4 0.390625 0.73671875 0.0796875 0.2359375
8 0.8734375 0.65390625 0.078125 0.228125
4 0.64765625 0.08203125 0.1015625 0.078125
8 0.73828125 0.678125 0.0703125 0.225
5 0.38515625 0.425 0.059375 0.178125