8 0.653125 0.39140625 0.034375 0.096875
9 0.475 0.740625 0.08125 0.11875
8 0.5453125 0.37265625 0.028125 0.0890625
4 0.39765625 0.3390625 0.084375 0.053125
10 0.3875 0.58359375 0.04375 0.10625
5 0.5140625 0.54921875 0.0578125 0.0859375
4 0.41796875 0.4796875 0.0640625 0.05
9 0.56875 0.73828125 0.05 0.0890625
8 0.4625 0.63515625 0.0203125 0.0609375
8 0.60078125 0.37109375 0.0328125 0.10625
8 0.603125 0.6421875 0.0265625 0.0734375
8 0.55390625 0.640625 0.0265625 0.06875
8 0.509375 0.6359375 0.0234375 0.075
5 0.39765625 0.734375 0.0421875 0.0828125
8 0.5125 0.48828125 0.0453125 0.040625
4 0.35859375 0.4203125 0.0375 0.10625
8 0.59609375 0.4953125 0.05 0.04375
8 0.4890625 0.37265625 0.0265625 0.0859375
5 0.584375 0.5625 0.08125 0.075
5 0.38984375 0.79296875 0.046875 0.075