9 0.646875 0.4484375 0.0796875 0.11875
5 0.63046875 0.29375 0.0671875 0.075
8 0.44140625 0.30625 0.0265625 0.0921875
10 0.503125 0.3625 0.065625 0.06875
8 0.70390625 0.58203125 0.0484375 0.0328125
8 0.5203125 0.5609375 0.0671875 0.0375
1 0.459375 0.48125 0.1203125 0.0953125
4 0.4109375 0.4015625 0.08125 0.046875
8 0.5609375 0.43984375 0.0359375 0.13125
5 0.3234375 0.3390625 0.0703125 0.0765625
0 0.365625 0.6609375 0.1703125 0.1390625
5 0.5140625 0.30625 0.071875 0.0828125
9 0.59765625 0.5453125 0.0484375 0.0671875
5 0.371875 0.503125 0.046875 0.1