4 0.74375 0.48203125 0.040625 0.1234375
1 0.43671875 0.35390625 0.07109375 0.2828125
9 0.6578125 0.10859375 0.06640625 0.1265625
8 0.6921875 0.3921875 0.0625 0.05
8 0.53828125 0.33671875 0.06015625 0.0578125
4 0.72109375 0.303125 0.034375 0.0984375
8 0.534375 0.43046875 0.0625 0.046875
8 0.67109375 0.2234375 0.05546875 0.04765625
8 0.49921875 0.6375 0.028125 0.1359375
4 0.4359375 0.7953125 0.13671875 0.07890625
4 0.6609375 0.48359375 0.03203125 0.12109375
8 0.7125 0.6609375 0.1015625 0.0671875
9 0.628125 0.740625 0.08046875 0.1609375
4 0.6453125 0.31875 0.0328125 0.0953125
5 0.5890625 0.55859375 0.0390625 0.23203125
5 0.52890625 0.1265625 0.09765625 0.11875
10 0.4296875 0.14296875 0.0765625 0.1140625
8 0.3828125 0.2515625 0.03203125 0.121875
2 0.39296875 0.5234375 0.084375 0.16328125