5 0.56796875 0.8453125 0.059375 0.203125
4 0.4078125 0.7140625 0.040625 0.10625
8 0.4640625 0.82578125 0.0828125 0.059375
8 0.565625 0.65546875 0.08125 0.053125
9 0.37265625 0.31171875 0.096875 0.15625
10 0.64296875 0.33828125 0.084375 0.18125
1 0.6625 0.5703125 0.1296875 0.284375
9 0.540625 0.8796875 0.065625 0.121875
8 0.43203125 0.64765625 0.0609375 0.0484375
4 0.47734375 0.7046875 0.0421875 0.10625
4 0.38203125 0.571875 0.0453125 0.125
8 0.6171875 0.8078125 0.05 0.15
8 0.559375 0.5671875 0.0671875 0.0609375
4 0.45546875 0.55859375 0.0484375 0.1265625
4 0.6515625 0.865625 0.0671875 0.0671875
5 0.51328125 0.33515625 0.078125 0.2234375
8 0.39921875 0.4546875 0.06875 0.0640625
2 0.7015625 0.78046875 0.0734375 0.1453125
8 0.70703125 0.4234375 0.05 0.1171875