0 0.46640625 0.17890625 0.15 0.2671875
9 0.446875 0.69375 0.11875 0.15625
5 0.60390625 0.22890625 0.0484375 0.0953125
8 0.59140625 0.3546875 0.0390625 0.0875
5 0.62421875 0.534375 0.06875 0.09375
8 0.3296875 0.746875 0.0453125 0.0921875
5 0.57265625 0.684375 0.0765625 0.1125
9 0.41875 0.57109375 0.0671875 0.10625
8 0.5015625 0.559375 0.0484375 0.04375
8 0.4546875 0.45078125 0.046875 0.1125
8 0.61796875 0.42734375 0.05625 0.046875
8 0.5 0.55625 0.109375 0.0609375
5 0.67109375 0.2609375 0.08125 0.1265625
10 0.5765625 0.49765625 0.0703125 0.1
1 0.52578125 0.3921875 0.1125 0.2125