9 0.33359375 0.6765625 0.2765625 0.3828125
1 0.20078125 0.4046875 0.2 0.3390625
8 0.5546875 0.7421875 0.0859375 0.2140625
8 0.634375 0.25546875 0.0765625 0.0703125
10 0.4515625 0.4140625 0.1265625 0.24375
5 0.6265625 0.5 0.1375 0.265625
9 0.83515625 0.6015625 0.1734375 0.246875
8 0.3046875 0.296875 0.053125 0.109375
8 0.7484375 0.5046875 0.1484375 0.1125
2 0.36484375 0.33359375 0.1140625 0.234375
8 0.12421875 0.60546875 0.078125 0.1578125
8 0.6765625 0.4015625 0.0765625 0.15625
8 0.1125 0.31328125 0.06875 0.1203125
8 0.6859375 0.20546875 0.0640625 0.11875
8 0.60625 0.18125 0.09375 0.084375
5 0.50703125 0.27734375 0.1203125 0.271875
5 0.39375 0.13984375 0.11875 0.2390625
10 0.5953125 0.3265625 0.0921875 0.1359375