5 0.68125 0.4640625 0.04296875 0.11328125
5 0.4890625 0.2625 0.046875 0.0796875
0 0.7484375 0.59296875 0.18359375 0.1484375
1 0.56953125 0.44140625 0.13203125 0.1140625
4 0.61796875 0.353125 0.08828125 0.04296875
5 0.33671875 0.275 0.06875 0.0734375
5 0.71015625 0.27890625 0.0875 0.08125
9 0.334375 0.43359375 0.08828125 0.153125
9 0.4125 0.53203125 0.05546875 0.1
10 0.49921875 0.321875 0.07109375 0.075
8 0.559375 0.2734375 0.0203125 0.11484375
8 0.44140625 0.41171875 0.01953125 0.12421875
8 0.509375 0.53984375 0.07734375 0.034375
8 0.28125 0.59296875 0.06171875 0.040625