5 0.52265625 0.27734375 0.05234375 0.12109375
9 0.52109375 0.4546875 0.06875 0.1546875
4 0.6484375 0.290625 0.103125 0.059375
9 0.4140625 0.753125 0.16796875 0.2765625
8 0.378125 0.18359375 0.09140625 0.04609375
8 0.3109375 0.37421875 0.0296875 0.09921875
4 0.63203125 0.20078125 0.09296875 0.0515625
5 0.55234375 0.76484375 0.08203125 0.15390625
8 0.37578125 0.246875 0.0921875 0.046875
8 0.3890625 0.3796875 0.025 0.12734375
5 0.51484375 0.08046875 0.0453125 0.14140625
8 0.70078125 0.62890625 0.13125 0.0703125
8 0.72734375 0.80234375 0.1265625 0.06953125
8 0.72421875 0.4328125 0.04375 0.125
8 0.384375 0.1171875 0.08125 0.046875
9 0.61875 0.125 0.06015625 0.10546875
8 0.61875 0.44296875 0.03515625 0.14609375
4 0.353125 0.5171875 0.13125 0.06875
4 0.275 0.71015625 0.0421875 0.159375
5 0.5203125 0.1828125 0.03671875 0.07109375
5 0.5484375 0.61328125 0.07109375 0.1625