8 0.55625 0.73984375 0.08046875 0.06171875
5 0.26875 0.321875 0.10546875 0.20546875
8 0.359375 0.11171875 0.05234375 0.04609375
10 0.5609375 0.309375 0.04765625 0.11640625
9 0.63125 0.1328125 0.0546875 0.13203125
4 0.4203125 0.22421875 0.05 0.0515625
9 0.63046875 0.4875 0.1421875 0.21875
1 0.39765625 0.62890625 0.23125 0.1734375
8 0.6625 0.33828125 0.059375 0.0578125
8 0.490625 0.18046875 0.0546875 0.05
4 0.31171875 0.25703125 0.03203125 0.12421875
8 0.3234375 0.49296875 0.08984375 0.059375
8 0.2671875 0.7984375 0.11015625 0.06015625
5 0.409375 0.265625 0.096875 0.06796875
8 0.5640625 0.15546875 0.02265625 0.08203125
5 0.66484375 0.21875 0.10546875 0.1265625
8 0.39140625 0.165625 0.02109375 0.0546875
2 0.4125 0.415625 0.09375 0.1171875
10 0.5125 0.31875 0.06015625 0.184375
8 0.32109375 0.16484375 0.02421875 0.065625
8 0.4171875 0.3328125 0.06796875 0.04609375