10 0.4328125 0.459375 0.03984375 0.11953125
0 0.615625 0.16328125 0.08984375 0.3234375
1 0.515625 0.3765625 0.06640625 0.2140625
5 0.51171875 0.225 0.0765625 0.06640625
5 0.40625 0.1984375 0.05078125 0.1109375
5 0.3875 0.50390625 0.05859375 0.1390625
5 0.38125 0.74609375 0.07734375 0.146875
8 0.3953125 0.3875 0.08359375 0.05
8 0.58125 0.440625 0.03515625 0.125
8 0.4953125 0.56328125 0.1015625 0.0625
8 0.63125 0.7984375 0.05390625 0.15546875
4 0.459375 0.31171875 0.0328125 0.1265625
9 0.51015625 0.72890625 0.090625 0.18046875
9 0.58125 0.5796875 0.06171875 0.115625