9 0.47265625 0.33046875 0.0390625 0.0921875
5 0.628125 0.228125 0.03984375 0.0828125
9 0.52578125 0.22421875 0.07109375 0.14375
5 0.64765625 0.32109375 0.0453125 0.06796875
4 0.584375 0.63046875 0.02109375 0.15390625
8 0.44765625 0.18359375 0.015625 0.06484375
8 0.5484375 0.36875 0.046875 0.0390625
8 0.64140625 0.5390625 0.084375 0.03828125
5 0.565625 0.690625 0.02890625 0.10703125
1 0.525 0.55 0.0625 0.21953125
10 0.60078125 0.40703125 0.04765625 0.103125
8 0.47109375 0.46953125 0.015625 0.09609375
0 0.396875 0.528125 0.1171875 0.2640625
5 0.6578125 0.696875 0.04921875 0.0859375