0 0.55390625 0.7140625 0.215625 0.5484375
9 0.35390625 0.71171875 0.2140625 0.3625
9 0.359375 0.20703125 0.09375 0.1421875
5 0.63515625 0.26171875 0.084375 0.2390625
5 0.7359375 0.3125 0.128125 0.1578125
5 0.54921875 0.340625 0.1265625 0.1140625
5 0.36484375 0.51796875 0.1359375 0.13125
4 0.71796875 0.45078125 0.0609375 0.1453125
4 0.66796875 0.44140625 0.0671875 0.1421875
4 0.44921875 0.21328125 0.09375 0.078125
8 0.5078125 0.23359375 0.040625 0.1296875
8 0.3671875 0.42265625 0.1140625 0.0875
8 0.56640625 0.41640625 0.1109375 0.078125
8 0.64296875 0.53046875 0.1109375 0.084375
10 0.459375 0.38203125 0.0859375 0.196875
10 0.475 0.10390625 0.0765625 0.1328125