9 0.60546875 0.74921875 0.1015625 0.146875
9 0.36328125 0.475 0.1234375 0.18125
8 0.61640625 0.6609375 0.0484375 0.04375
8 0.38828125 0.74609375 0.0421875 0.040625
5 0.53046875 0.66015625 0.053125 0.0984375
9 0.6609375 0.53046875 0.0671875 0.1171875
0 0.303125 0.6546875 0.1828125 0.190625
8 0.4171875 0.6890625 0.025 0.0625
4 0.446875 0.75859375 0.0390625 0.0390625
8 0.5625 0.6171875 0.028125 0.071875
8 0.48046875 0.69140625 0.025 0.0671875
8 0.51328125 0.5015625 0.0296875 0.075
5 0.515625 0.790625 0.0484375 0.0875
4 0.65625 0.61484375 0.0296875 0.06875
10 0.71796875 0.66953125 0.06875 0.078125
5 0.4484375 0.49140625 0.0609375 0.128125
2 0.58125 0.4953125 0.0609375 0.0859375
4 0.45078125 0.725 0.0453125 0.0515625
10 0.4953125 0.6234375 0.0484375 0.084375