5 0.265625 0.21484375 0.1015625 0.0984375
5 0.44921875 0.19296875 0.115625 0.071875
5 0.7546875 0.19765625 0.1265625 0.0875
8 0.15 0.56328125 0.13203125 0.0765625
8 0.4078125 0.36875 0.04765625 0.1625
8 0.49921875 0.490625 0.1375 0.065625
8 0.5609375 0.2203125 0.028125 0.12109375
10 0.4828125 0.253125 0.08984375 0.10859375
4 0.6453125 0.2875 0.14296875 0.05859375
9 0.2453125 0.3671875 0.12265625 0.184375
5 0.7328125 0.37890625 0.07421875 0.10859375
1 0.5828125 0.38125 0.2 0.1515625
0 0.8328125 0.5328125 0.33359375 0.33203125
9 0.35625 0.48203125 0.0875 0.14453125