4 0.57734375 0.40078125 0.08515625 0.0484375
9 0.46953125 0.06953125 0.04609375 0.1046875
9 0.409375 0.80546875 0.10234375 0.18125
4 0.58046875 0.5203125 0.0890625 0.05
8 0.590625 0.9125 0.09765625 0.0421875
9 0.42890625 0.28828125 0.0515625 0.109375
10 0.45703125 0.4578125 0.0703125 0.09296875
8 0.609375 0.21796875 0.01875 0.0984375
8 0.53984375 0.22109375 0.01953125 0.1078125
10 0.365625 0.5265625 0.08671875 0.0828125
8 0.5828125 0.6453125 0.09453125 0.04921875
8 0.58515625 0.7859375 0.09765625 0.05234375