5 0.58359375 0.515625 0.0796875 0.1578125
9 0.63984375 0.16953125 0.0890625 0.1296875
9 0.37109375 0.26171875 0.1453125 0.215625
1 0.32109375 0.55 0.153125 0.3375
8 0.24921875 0.72890625 0.05625 0.121875
8 0.75078125 0.66796875 0.08125 0.0640625
8 0.7109375 0.540625 0.0765625 0.0703125
5 0.56328125 0.7171875 0.09375 0.1515625
8 0.246875 0.38125 0.046875 0.096875
8 0.7953125 0.5953125 0.0484375 0.109375
4 0.63671875 0.49921875 0.05625 0.1296875
4 0.6421875 0.68125 0.115625 0.0953125
8 0.66015625 0.39140625 0.0546875 0.1375
8 0.43359375 0.665625 0.05625 0.1453125
8 0.6515625 0.2671875 0.0671875 0.0625
8 0.53515625 0.51171875 0.046875 0.1203125
8 0.47265625 0.19296875 0.0390625 0.096875
5 0.5328125 0.1515625 0.090625 0.1921875
10 0.49140625 0.3390625 0.0671875 0.103125
2 0.4609375 0.53671875 0.0875 0.1609375
10 0.53515625 0.3140625 0.1109375 0.11875