4 0.6671875 0.18359375 0.0203125 0.0671875
9 0.5953125 0.1546875 0.0765625 0.11875
5 0.53125 0.3625 0.0421875 0.09375
4 0.43125 0.41484375 0.0796875 0.0515625
4 0.6421875 0.25703125 0.075 0.053125
8 0.44921875 0.21640625 0.0375 0.0328125
9 0.540625 0.275 0.04375 0.090625
8 0.471875 0.31796875 0.021875 0.065625
5 0.53125 0.1625 0.0375 0.1046875
8 0.6484375 0.46015625 0.0703125 0.0390625
8 0.68359375 0.34609375 0.01875 0.0703125
8 0.6578125 0.53203125 0.0828125 0.040625
8 0.62890625 0.3546875 0.0203125 0.0796875
4 0.4296875 0.5109375 0.0765625 0.0703125
8 0.40546875 0.328125 0.0234375 0.0796875
5 0.52578125 0.58359375 0.046875 0.121875
8 0.66171875 0.6109375 0.0921875 0.046875
8 0.45078125 0.15859375 0.0484375 0.0375
5 0.528125 0.47421875 0.0375 0.09375
9 0.42734375 0.578125 0.075 0.121875