8 0.340625 0.28203125 0.0734375 0.028125
8 0.34296875 0.46640625 0.075 0.0296875
9 0.66953125 0.49453125 0.08125 0.14375
8 0.56171875 0.36640625 0.065625 0.03125
8 0.565625 0.45546875 0.075 0.03125
8 0.3421875 0.37734375 0.078125 0.03125
9 0.6609375 0.29609375 0.0453125 0.0796875
8 0.346875 0.5578125 0.075 0.03125
8 0.42578125 0.353125 0.01875 0.11875
4 0.4015625 0.7625 0.0734375 0.04375
5 0.7078125 0.66015625 0.090625 0.0703125
8 0.5671875 0.5453125 0.075 0.03125
5 0.48203125 0.4953125 0.04375 0.134375
4 0.4328125 0.653125 0.021875 0.096875
10 0.51015625 0.69296875 0.0625 0.071875
4 0.33125 0.71171875 0.0234375 0.128125
8 0.56328125 0.2703125 0.075 0.034375
8 0.43046875 0.5015625 0.0171875 0.125
5 0.48359375 0.340625 0.040625 0.128125
10 0.57421875 0.69296875 0.059375 0.078125
5 0.6234375 0.66171875 0.028125 0.0984375