5 0.325 0.11328125 0.0734375 0.1578125
9 0.59921875 0.6 0.10625 0.1484375
0 0.26796875 0.52890625 0.265625 0.48125
5 0.28125 0.2578125 0.084375 0.1265625
8 0.76171875 0.72578125 0.103125 0.075
8 0.46484375 0.58125 0.1265625 0.08125
5 0.73515625 0.25625 0.071875 0.1875
9 0.72734375 0.4984375 0.165625 0.225
8 0.46640625 0.234375 0.05 0.1421875
8 0.5859375 0.453125 0.065625 0.19375
10 0.56484375 0.2890625 0.0703125 0.165625
4 0.39375 0.31640625 0.08125 0.071875
5 0.6265625 0.209375 0.0703125 0.234375
1 0.4 0.425 0.2359375 0.18125