1 0.49921875 0.3625 0.1296875 0.10234375
2 0.38984375 0.33515625 0.03125 0.134375
9 0.659375 0.6109375 0.05078125 0.10703125
4 0.4328125 0.571875 0.0546875 0.05
4 0.434375 0.653125 0.05390625 0.05546875
8 0.3484375 0.6078125 0.025 0.0875
8 0.45859375 0.459375 0.01796875 0.0859375
8 0.584375 0.61015625 0.01953125 0.0875
4 0.51953125 0.57109375 0.0609375 0.05078125
5 0.3640625 0.434375 0.04453125 0.08046875
10 0.615625 0.34453125 0.034375 0.096875
8 0.51015625 0.46171875 0.01875 0.08671875
8 0.478125 0.61015625 0.0171875 0.08046875
9 0.3125 0.5140625 0.05390625 0.09609375
4 0.521875 0.65234375 0.0640625 0.0515625
4 0.31015625 0.37421875 0.02421875 0.08359375
8 0.56328125 0.31171875 0.03125 0.0375
5 0.64921875 0.4453125 0.05234375 0.13125