8 0.6578125 0.66796875 0.05 0.1046875
9 0.4671875 0.5453125 0.103125 0.1703125
4 0.30234375 0.76953125 0.0984375 0.071875
9 0.634375 0.271875 0.228125 0.3140625
8 0.32578125 0.3375 0.1390625 0.0921875
8 0.334375 0.15703125 0.1484375 0.0984375
4 0.646875 0.51875 0.1421875 0.0921875
8 0.58046875 0.6515625 0.0515625 0.1265625
8 0.5671875 0.78671875 0.0640625 0.0578125
8 0.3640625 0.53359375 0.059375 0.1421875
5 0.4265625 0.72109375 0.078125 0.1359375
8 0.26015625 0.53203125 0.059375 0.1046875
4 0.30546875 0.684375 0.1125 0.0859375
4 0.76328125 0.34375 0.075 0.1671875
5 0.5 0.23203125 0.1140625 0.1703125
9 0.30078125 0.8515625 0.0796875 0.1171875
8 0.5359375 0.90859375 0.0546875 0.053125
5 0.4703125 0.38203125 0.109375 0.18125
8 0.54921875 0.8515625 0.0609375 0.059375
5 0.41328125 0.8109375 0.071875 0.10625
5 0.39296875 0.91171875 0.0859375 0.1578125