5 0.5609375 0.76796875 0.0375 0.1625
5 0.6359375 0.78125 0.071875 0.115625
5 0.68359375 0.359375 0.084375 0.128125
5 0.684375 0.4921875 0.08125 0.1546875
8 0.64921875 0.61953125 0.0875 0.0546875
8 0.5875 0.665625 0.0296875 0.1203125
8 0.55703125 0.4375 0.1203125 0.059375
8 0.47109375 0.54375 0.0375 0.1140625
8 0.4265625 0.20859375 0.0390625 0.14375
9 0.55078125 0.29140625 0.109375 0.2109375
9 0.465625 0.42421875 0.075 0.1171875
1 0.528125 0.60234375 0.075 0.190625
0 0.40546875 0.8171875 0.13125 0.33125