9 0.3984375 0.503125 0.07890625 0.13203125
9 0.30078125 0.375 0.11875 0.13515625
8 0.5875 0.23671875 0.021875 0.1140625
5 0.4453125 0.1828125 0.025 0.21484375
8 0.2265625 0.57109375 0.0875 0.05546875
8 0.4390625 0.390625 0.025 0.14609375
5 0.340625 0.1984375 0.0328125 0.18515625
8 0.525 0.50234375 0.11015625 0.0578125
0 0.71640625 0.39765625 0.14921875 0.41953125
10 0.4875 0.2546875 0.03203125 0.153125
5 0.7359375 0.1328125 0.04140625 0.11875
1 0.61484375 0.39140625 0.1984375 0.125
4 0.6453125 0.3078125 0.08046875 0.04609375