8 0.51640625 0.24296875 0.0265625 0.1359375
8 0.409375 0.39140625 0.02265625 0.1390625
8 0.278125 0.57265625 0.06875 0.0484375
8 0.4703125 0.52890625 0.0828125 0.05
5 0.3328125 0.24296875 0.03125 0.103125
5 0.4125 0.24375 0.02421875 0.14609375
5 0.621875 0.2390625 0.03671875 0.11640625
5 0.61953125 0.36953125 0.05625 0.046875
9 0.3171875 0.42265625 0.07109375 0.15390625
9 0.38203125 0.51875 0.0515625 0.08203125
10 0.44453125 0.31484375 0.0328125 0.08203125
1 0.5203125 0.434375 0.13125 0.11796875
0 0.56875 0.61484375 0.084375 0.16796875