8 0.575 0.2578125 0.040625 0.0390625
8 0.73828125 0.2234375 0.0203125 0.059375
8 0.6703125 0.2265625 0.01875 0.0609375
5 0.75859375 0.26953125 0.03203125 0.0828125
8 0.328125 0.44453125 0.025 0.07109375
8 0.44296875 0.44765625 0.02109375 0.075
9 0.703125 0.278125 0.04140625 0.12109375
9 0.49140625 0.23515625 0.01875 0.07578125
8 0.38671875 0.4546875 0.028125 0.0921875
9 0.60078125 0.31015625 0.04921875 0.1015625
8 0.34375 0.29140625 0.04453125 0.1125
4 0.6375 0.459375 0.02578125 0.115625
9 0.75078125 0.3875 0.10703125 0.1671875
8 0.5453125 0.49296875 0.05625 0.0484375
9 0.3765625 0.228125 0.04609375 0.09453125
4 0.50546875 0.29375 0.01875 0.11796875
4 0.73125 0.49375 0.07734375 0.05390625
9 0.428125 0.2296875 0.02109375 0.07421875
8 0.5734375 0.19765625 0.03828125 0.03515625
8 0.5375 0.4265625 0.04609375 0.0421875
5 0.43125 0.309375 0.02890625 0.090625