8 0.48046875 0.5328125 0.0453125 0.0453125
9 0.46640625 0.6734375 0.1203125 0.1640625
9 0.55 0.584375 0.0671875 0.109375
8 0.4359375 0.3671875 0.0421875 0.0421875
10 0.44765625 0.4328125 0.0609375 0.1171875
4 0.4984375 0.32421875 0.034375 0.0796875
1 0.5375 0.3796875 0.084375 0.175
8 0.5484375 0.7765625 0.04375 0.0984375
5 0.340625 0.67578125 0.0890625 0.1421875
0 0.66796875 0.23671875 0.13125 0.271875
5 0.40078125 0.44375 0.05625 0.09375
8 0.57421875 0.46484375 0.0328125 0.078125
5 0.575 0.2734375 0.053125 0.0671875
5 0.478125 0.2140625 0.0578125 0.103125