9 0.25234375 0.45390625 0.11875 0.18125
8 0.3296875 0.2015625 0.0234375 0.078125
9 0.66171875 0.2078125 0.059375 0.11875
4 0.3796875 0.53984375 0.0328125 0.1578125
8 0.43828125 0.25234375 0.05 0.0484375
9 0.41171875 0.34921875 0.05625 0.1140625
8 0.4421875 0.1609375 0.0765625 0.0453125
8 0.25390625 0.20234375 0.025 0.0828125
8 0.484375 0.4953125 0.0921875 0.053125
8 0.59140625 0.52421875 0.025 0.1
4 0.53203125 0.21328125 0.028125 0.1125
8 0.71953125 0.5203125 0.028125 0.0921875
4 0.51796875 0.3171875 0.0265625 0.1296875
4 0.6046875 0.21328125 0.025 0.1078125
5 0.6015625 0.3265625 0.0359375 0.0859375
8 0.48125 0.59375 0.059375 0.04375
8 0.70234375 0.3109375 0.05625 0.1203125
4 0.27734375 0.596875 0.0859375 0.0625
8 0.65546875 0.5328125 0.03125 0.1390625
5 0.23671875 0.3125 0.0453125 0.115625
5 0.296875 0.3109375 0.05625 0.1296875