4 0.41328125 0.84765625 0.0609375 0.046875
4 0.4125 0.68125 0.0296875 0.078125
4 0.3828125 0.68046875 0.025 0.0921875
4 0.52421875 0.4125 0.0625 0.0515625
10 0.5265625 0.64296875 0.0421875 0.109375
0 0.51171875 0.8390625 0.0890625 0.2671875
9 0.590625 0.81484375 0.0859375 0.14375
9 0.4046875 0.44453125 0.0984375 0.15625
9 0.5859375 0.4375 0.0546875 0.090625
2 0.60859375 0.54375 0.0421875 0.1078125
5 0.6125 0.7171875 0.0390625 0.1125
5 0.43828125 0.6 0.028125 0.109375
5 0.409375 0.596875 0.025 0.1203125
5 0.3734375 0.596875 0.028125 0.1265625
8 0.43671875 0.734375 0.0578125 0.034375
8 0.47109375 0.646875 0.0515625 0.0390625
8 0.5046875 0.54375 0.0640625 0.04375
8 0.584375 0.63203125 0.0703125 0.04375
8 0.4796875 0.45703125 0.025 0.090625
10 0.490625 0.36171875 0.0515625 0.09375