8 0.39140625 0.284375 0.0375 0.0375
8 0.3984375 0.39609375 0.0390625 0.0421875
9 0.38828125 0.209375 0.046875 0.078125
8 0.47578125 0.3515625 0.0375 0.0359375
4 0.37265625 0.34609375 0.028125 0.0796875
4 0.5484375 0.59921875 0.0609375 0.0515625
8 0.40859375 0.540625 0.05 0.0375
8 0.5140625 0.5390625 0.0296875 0.103125
1 0.5328125 0.359375 0.0625 0.1765625
4 0.42265625 0.45390625 0.0234375 0.0625
4 0.41640625 0.35546875 0.028125 0.078125
5 0.471875 0.50859375 0.0375 0.1625
4 0.378125 0.44921875 0.025 0.071875
8 0.48359375 0.4078125 0.0421875 0.0390625
9 0.46015625 0.58828125 0.0515625 0.0984375
8 0.5546875 0.2921875 0.025 0.0671875
2 0.56171875 0.47109375 0.059375 0.0828125
10 0.52109375 0.2265625 0.05625 0.0890625
5 0.46015625 0.20703125 0.071875 0.0796875