8 0.525 0.62109375 0.10078125 0.0375
8 0.2453125 0.7140625 0.07734375 0.05078125
1 0.60546875 0.48125 0.1734375 0.11484375
9 0.2953125 0.49140625 0.10859375 0.1875
4 0.6625 0.34296875 0.11953125 0.0484375
8 0.43203125 0.45546875 0.028125 0.19609375
9 0.4015625 0.628125 0.0796875 0.1078125
8 0.58828125 0.2015625 0.025 0.175
5 0.3125 0.20390625 0.05546875 0.10859375
5 0.43125 0.18828125 0.0359375 0.2015625
10 0.48046875 0.303125 0.04375 0.1375
5 0.7578125 0.37578125 0.08359375 0.10703125
0 0.70390625 0.790625 0.1578125 0.28046875