9 0.55546875 0.5875 0.0625 0.1078125
0 0.6546875 0.23125 0.11875 0.2734375
9 0.475 0.6796875 0.1140625 0.1640625
8 0.57265625 0.46328125 0.0296875 0.0796875
1 0.53203125 0.38203125 0.0765625 0.18125
8 0.42890625 0.37265625 0.0421875 0.040625
8 0.48203125 0.5375 0.0453125 0.0453125
8 0.56328125 0.77421875 0.0390625 0.096875
10 0.446875 0.434375 0.0578125 0.1140625
5 0.3984375 0.44921875 0.0515625 0.090625
4 0.48984375 0.32421875 0.03125 0.0828125
5 0.35 0.6828125 0.084375 0.1375
5 0.4640625 0.21484375 0.05 0.096875
5 0.5625 0.27109375 0.0515625 0.0671875