8 0.475 0.77265625 0.0265625 0.096875
4 0.275 0.53984375 0.04375 0.1140625
5 0.3484375 0.71875 0.0515625 0.2328125
4 0.32890625 0.5421875 0.0390625 0.11875
8 0.3625 0.46328125 0.0671875 0.0609375
5 0.44921875 0.665625 0.0828125 0.096875
0 0.45859375 0.29140625 0.1796875 0.49375
9 0.65234375 0.31953125 0.175 0.265625
9 0.621875 0.79765625 0.0671875 0.125
10 0.53125 0.6203125 0.0546875 0.1703125
5 0.26328125 0.7171875 0.1265625 0.1421875
5 0.6390625 0.496875 0.0984375 0.0859375
8 0.6296875 0.58828125 0.0625 0.053125
8 0.42890625 0.58984375 0.0703125 0.05
9 0.3765625 0.803125 0.128125 0.1890625
4 0.534375 0.80234375 0.0484375 0.0484375
8 0.25234375 0.41953125 0.0484375 0.1109375
8 0.5078125 0.6921875 0.05 0.0484375
4 0.27890625 0.2765625 0.1125 0.0890625
2 0.6421875 0.68359375 0.0609375 0.121875
10 0.50078125 0.903125 0.05625 0.1234375