9 0.57109375 0.52265625 0.10625 0.153125
10 0.56796875 0.74375 0.04375 0.06875
8 0.6140625 0.6125 0.0421875 0.0421875
8 0.52890625 0.734375 0.0421875 0.0453125
5 0.6109375 0.721875 0.053125 0.103125
1 0.42265625 0.45234375 0.15 0.134375
5 0.484375 0.71796875 0.0625 0.0890625
8 0.45390625 0.79375 0.04375 0.0390625
8 0.46640625 0.7546875 0.025 0.0546875
8 0.41875 0.753125 0.028125 0.059375
8 0.49921875 0.3828125 0.0515625 0.0515625
10 0.52421875 0.634375 0.0515625 0.11875
8 0.33203125 0.3765625 0.0515625 0.046875
8 0.39453125 0.5375 0.04375 0.0421875
5 0.39140625 0.6515625 0.0640625 0.128125
2 0.459375 0.596875 0.0828125 0.125