8 0.3875 0.3703125 0.03125 0.1203125
8 0.53515625 0.87265625 0.0453125 0.04375
9 0.6921875 0.3359375 0.0921875 0.171875
8 0.3 0.35546875 0.0375 0.15625
8 0.34921875 0.89453125 0.05625 0.053125
10 0.5671875 0.5625 0.0703125 0.178125
5 0.284375 0.6609375 0.0953125 0.1453125
4 0.31171875 0.503125 0.0421875 0.140625
9 0.61171875 0.74375 0.125 0.1953125
8 0.4328125 0.6015625 0.0640625 0.0515625
1 0.434375 0.82421875 0.1625 0.128125
8 0.665625 0.5984375 0.0640625 0.0515625
10 0.5125 0.68125 0.05 0.1203125
8 0.51015625 0.38984375 0.0671875 0.0546875
4 0.4296875 0.4578125 0.0875 0.0625
2 0.43125 0.6921875 0.078125 0.075
8 0.603125 0.3515625 0.034375 0.1265625
5 0.42265625 0.54296875 0.1046875 0.08125
8 0.33515625 0.2671875 0.075 0.0625
8 0.36953125 0.73515625 0.05 0.0453125
5 0.6984375 0.525 0.1296875 0.1484375