10 0.43984375 0.55078125 0.0578125 0.125
0 0.6671875 0.81484375 0.1390625 0.3328125
1 0.534375 0.61953125 0.0984375 0.221875
5 0.5546875 0.76953125 0.0859375 0.078125
5 0.4546875 0.8125 0.0671875 0.1171875
5 0.38828125 0.5140625 0.0796875 0.146875
5 0.34453125 0.27578125 0.1 0.1578125
8 0.4140625 0.62734375 0.090625 0.0625
8 0.58984375 0.54609375 0.0546875 0.1296875
8 0.48515625 0.43828125 0.109375 0.078125
8 0.5828125 0.184375 0.078125 0.1625
4 0.4890625 0.6921875 0.0515625 0.1296875
9 0.47421875 0.27265625 0.1171875 0.1921875
9 0.56796875 0.40859375 0.0796875 0.1234375