2 0.40390625 0.23046875 0.0515625 0.15625
10 0.6421875 0.29140625 0.0609375 0.146875
1 0.515625 0.27890625 0.1484375 0.1265625
9 0.6546875 0.546875 0.0703125 0.121875
8 0.4625 0.37265625 0.03125 0.096875
4 0.315625 0.271875 0.0390625 0.1125
8 0.57890625 0.5390625 0.03125 0.0921875
9 0.30234375 0.41171875 0.06875 0.1109375
8 0.32734375 0.51328125 0.0375 0.0984375
4 0.50546875 0.57578125 0.075 0.0625
4 0.51328125 0.4921875 0.071875 0.0609375
8 0.515625 0.3796875 0.03125 0.0921875
4 0.421875 0.48359375 0.0734375 0.0625
5 0.6734375 0.384375 0.065625 0.140625
8 0.4640625 0.52734375 0.0296875 0.084375
5 0.3640625 0.35 0.0734375 0.1421875
4 0.41328125 0.56875 0.065625 0.0625
8 0.58671875 0.225 0.0546875 0.040625