9 0.28828125 0.2171875 0.07109375 0.13203125
8 0.8 0.66953125 0.04609375 0.1328125
9 0.57578125 0.25625 0.11796875 0.2046875
10 0.4734375 0.33359375 0.07421875 0.128125
4 0.34375 0.5140625 0.034375 0.1171875
8 0.2703125 0.56640625 0.06640625 0.0640625
8 0.59140625 0.634375 0.03046875 0.1421875
5 0.46015625 0.69453125 0.1046875 0.134375
8 0.253125 0.6890625 0.071875 0.05625
8 0.72578125 0.34453125 0.0296875 0.08828125
1 0.68671875 0.51171875 0.1 0.31484375
8 0.190625 0.62734375 0.0359375 0.10625
8 0.29140625 0.30703125 0.059375 0.04765625
8 0.46015625 0.21953125 0.0234375 0.10546875
4 0.36875 0.690625 0.09765625 0.0796875
8 0.3015625 0.40859375 0.0296875 0.1015625
8 0.45390625 0.51875 0.03046875 0.14375
5 0.396875 0.52265625 0.04296875 0.1515625
2 0.53125 0.51171875 0.0734375 0.1453125
10 0.415625 0.3375 0.1015625 0.125
5 0.390625 0.178125 0.071875 0.190625