9 0.63515625 0.80703125 0.18125 0.253125
8 0.5859375 0.53125 0.05625 0.1515625
5 0.4921875 0.8703125 0.078125 0.103125
9 0.29296875 0.21953125 0.209375 0.2921875
5 0.47421875 0.94375 0.0796875 0.1125
8 0.66640625 0.6171875 0.078125 0.0703125
10 0.78671875 0.63046875 0.090625 0.1890625
4 0.3734375 0.84921875 0.0859375 0.075
0 0.296875 0.6828125 0.3046875 0.534375
8 0.53046875 0.2703125 0.0640625 0.18125
5 0.509375 0.77109375 0.08125 0.11875
9 0.75703125 0.334375 0.1140625 0.1625
2 0.64609375 0.234375 0.128125 0.1234375
8 0.45 0.653125 0.0625 0.1875
5 0.45078125 0.18671875 0.1015625 0.1109375
4 0.7375 0.50859375 0.0609375 0.15
4 0.3859375 0.77734375 0.06875 0.0765625