2 0.31796875 0.52734375 0.075 0.140625
10 0.440625 0.37421875 0.0640625 0.1375
10 0.48125 0.82109375 0.08046875 0.13359375
9 0.596875 0.69765625 0.11484375 0.2375
9 0.3609375 0.13125 0.1078125 0.184375
5 0.328125 0.2796875 0.04609375 0.14609375
5 0.5625 0.484375 0.03828125 0.16953125
5 0.603125 0.4765625 0.0421875 0.1640625
5 0.6515625 0.48359375 0.04375 0.16953125
4 0.596875 0.1078125 0.07734375 0.0734375
4 0.5953125 0.3484375 0.03671875 0.125
4 0.6375 0.34609375 0.0359375 0.1140625
4 0.44296875 0.72890625 0.090625 0.05546875
9 0.353125 0.684375 0.075 0.1265625
8 0.3578125 0.4015625 0.08515625 0.046875
8 0.4671875 0.5359375 0.08359375 0.04453125
8 0.525 0.39453125 0.0859375 0.053125
8 0.559375 0.265625 0.08046875 0.0375
8 0.6296875 0.22265625 0.04453125 0.1234375
0 0.47421875 0.1484375 0.1109375 0.296875