9 0.71171875 0.12109375 0.07421875 0.13671875
4 0.30078125 0.77578125 0.140625 0.0765625
8 0.25703125 0.103125 0.1140625 0.05703125
10 0.496875 0.6640625 0.1140625 0.14375
8 0.24453125 0.3203125 0.11875 0.06171875
4 0.18046875 0.68984375 0.03984375 0.215625
8 0.58828125 0.44375 0.121875 0.05546875
4 0.36796875 0.603125 0.0390625 0.17265625
5 0.45859375 0.1765625 0.0671875 0.18984375
5 0.83515625 0.615625 0.1703125 0.11796875
5 0.69609375 0.56171875 0.053125 0.23359375
8 0.2328125 0.44609375 0.1296875 0.05859375
8 0.2515625 0.209375 0.10859375 0.059375
10 0.6140625 0.659375 0.11171875 0.15859375
9 0.75 0.3796875 0.1453125 0.2484375
8 0.5859375 0.31015625 0.11640625 0.06640625
8 0.571875 0.09921875 0.10703125 0.059375
8 0.578125 0.21484375 0.109375 0.05390625
8 0.37421875 0.36640625 0.03125 0.20078125
5 0.45546875 0.3671875 0.08203125 0.20390625
8 0.37578125 0.18671875 0.03125 0.165625