9 0.51875 0.3140625 0.1015625 0.178125
9 0.4609375 0.5234375 0.0484375 0.109375
8 0.59921875 0.5953125 0.01875 0.071875
5 0.440625 0.30390625 0.046875 0.084375
8 0.32265625 0.56171875 0.0234375 0.0921875
8 0.56328125 0.7125 0.0390625 0.0375
8 0.5625 0.82890625 0.034375 0.03125
4 0.56328125 0.4828125 0.08125 0.053125
8 0.3453125 0.40625 0.0453125 0.0484375
9 0.38984375 0.81640625 0.04375 0.0984375
8 0.56171875 0.77109375 0.0390625 0.0359375
8 0.33359375 0.2859375 0.046875 0.0421875
4 0.3765625 0.671875 0.0578125 0.046875
5 0.45859375 0.67109375 0.0359375 0.0765625
8 0.54765625 0.60703125 0.0171875 0.084375
8 0.36328125 0.5484375 0.084375 0.1171875
8 0.3921875 0.54296875 0.0203125 0.10625
5 0.4609375 0.74765625 0.021875 0.065625
4 0.6046875 0.35390625 0.0234375 0.096875
4 0.38046875 0.7515625 0.0640625 0.0453125
5 0.465625 0.85234375 0.0421875 0.1140625
5 0.44375 0.4046875 0.0546875 0.13125