5 0.5265625 0.790625 0.0828125 0.1546875
5 0.49765625 0.63671875 0.0953125 0.190625
5 0.82734375 0.35390625 0.1890625 0.1296875
5 0.709375 0.45 0.1015625 0.265625
10 0.49453125 0.3796875 0.1296875 0.153125
10 0.6015625 0.3515625 0.14375 0.2
9 0.765625 0.7765625 0.115625 0.15625
9 0.77421875 0.57109375 0.196875 0.2359375
4 0.3734375 0.45546875 0.0671875 0.159375
4 0.28203125 0.315625 0.1734375 0.1203125
4 0.17890625 0.42265625 0.1109375 0.2296875
8 0.4375 0.79609375 0.059375 0.140625
8 0.4171875 0.65234375 0.0578125 0.15
8 0.34375 0.878125 0.125 0.0765625
8 0.315625 0.79453125 0.1171875 0.0765625
8 0.290625 0.71171875 0.1234375 0.0859375
8 0.2703125 0.61015625 0.1625 0.090625
8 0.6328125 0.8109375 0.1171875 0.078125
8 0.62109375 0.725 0.1296875 0.0765625
8 0.62421875 0.64375 0.1296875 0.0921875
8 0.60078125 0.5484375 0.146875 0.090625