5 0.4375 0.25703125 0.06875 0.084375
9 0.33046875 0.3078125 0.1515625 0.2203125
9 0.796875 0.7125 0.15625 0.2203125
10 0.25390625 0.55390625 0.1 0.1046875
4 0.5296875 0.1765625 0.0875 0.0671875
4 0.54921875 0.2578125 0.0859375 0.0671875
5 0.67109375 0.72890625 0.09375 0.1671875
8 0.3734375 0.4953125 0.075 0.05625
8 0.53828125 0.38984375 0.046875 0.134375
9 0.4140625 0.7609375 0.096875 0.15
2 0.52890625 0.7765625 0.096875 0.1078125
5 0.478125 0.42265625 0.0953125 0.1765625
8 0.621875 0.1546875 0.08125 0.059375
5 0.41328125 0.11015625 0.0890625 0.1875
8 0.596875 0.72109375 0.0484375 0.1328125
4 0.3578125 0.58671875 0.0484375 0.125
8 0.61953125 0.30859375 0.04375 0.109375
10 0.56875 0.56640625 0.075 0.0921875
8 0.46875 0.5328125 0.0453125 0.1234375
4 0.721875 0.20625 0.0546875 0.1328125
0 0.78046875 0.4390625 0.340625 0.240625