4 0.4875 0.259375 0.121875 0.103125
5 0.31171875 0.6640625 0.140625 0.20625
10 0.7640625 0.76328125 0.090625 0.1703125
5 0.7734375 0.57578125 0.1203125 0.23125
8 0.546875 0.6015625 0.0625 0.1578125
8 0.465625 0.62265625 0.065625 0.16875
4 0.34296875 0.28828125 0.1046875 0.0984375
4 0.5171875 0.40703125 0.1171875 0.096875
1 0.5703125 0.7765625 0.2390625 0.2125
4 0.378125 0.44140625 0.121875 0.0984375
8 0.60625 0.31484375 0.0640625 0.15
9 0.2015625 0.59140625 0.1296875 0.1859375
9 0.7296875 0.296875 0.125 0.1703125
8 0.4328125 0.35078125 0.0703125 0.18125
4 0.2640625 0.8171875 0.0828125 0.1828125
2 0.40859375 0.88046875 0.1 0.21875
8 0.225 0.4125 0.075 0.159375
8 0.69609375 0.8390625 0.06875 0.0703125