9 0.6671875 0.3265625 0.075 0.109375
8 0.30859375 0.34609375 0.0875 0.0484375
9 0.6921875 0.51171875 0.1140625 0.1640625
8 0.55234375 0.303125 0.090625 0.05
8 0.56875 0.40078125 0.084375 0.0515625
8 0.34921875 0.51796875 0.0828125 0.04375
4 0.375 0.72890625 0.0375 0.1015625
8 0.58984375 0.5625 0.084375 0.0484375
10 0.55 0.7015625 0.075 0.0828125
5 0.7453125 0.65 0.10625 0.0828125
8 0.44296875 0.53984375 0.028125 0.078125
8 0.58125 0.48359375 0.084375 0.0515625
5 0.49453125 0.5265625 0.06875 0.134375
5 0.6625 0.6734375 0.0484375 0.15
4 0.46796875 0.678125 0.03125 0.0796875
4 0.4515625 0.765625 0.078125 0.0609375
8 0.4125 0.3859375 0.0390625 0.134375
5 0.47578125 0.38203125 0.0609375 0.1296875
8 0.325 0.4375 0.075 0.0453125
10 0.61640625 0.69765625 0.075 0.1
8 0.36484375 0.6015625 0.08125 0.05