9 0.3984375 0.784375 0.0546875 0.0859375
9 0.30703125 0.40234375 0.1125 0.1625
10 0.50546875 0.8515625 0.040625 0.0640625
8 0.5453125 0.41796875 0.0328125 0.075
9 0.559375 0.74140625 0.090625 0.1234375
8 0.49296875 0.4640625 0.0421875 0.0375
8 0.4921875 0.746875 0.028125 0.0625
0 0.45390625 0.59296875 0.1296875 0.2640625
8 0.35859375 0.60234375 0.0453125 0.0453125
4 0.46015625 0.78125 0.040625 0.04375
4 0.53046875 0.52421875 0.03125 0.0703125
5 0.528125 0.66640625 0.0375 0.0953125
4 0.56015625 0.5140625 0.03125 0.071875
8 0.4921875 0.5671875 0.0203125 0.0328125
5 0.55078125 0.63671875 0.05 0.1484375
4 0.50390625 0.32421875 0.0546875 0.05