4 0.4734375 0.35 0.084375 0.06875
4 0.57890625 0.37265625 0.084375 0.0703125
4 0.5765625 0.43671875 0.0953125 0.0734375
4 0.4609375 0.4140625 0.090625 0.078125
4 0.7640625 0.68515625 0.1015625 0.1859375
5 0.68046875 0.4359375 0.109375 0.2140625
5 0.2625 0.35390625 0.13125 0.209375
10 0.23828125 0.52578125 0.109375 0.1609375
8 0.38671875 0.3734375 0.046875 0.10625
8 0.4515625 0.50703125 0.0421875 0.0890625
8 0.5296875 0.52109375 0.04375 0.0859375
8 0.2984375 0.6953125 0.1203125 0.0859375
1 0.4421875 0.62734375 0.2625 0.203125
2 0.640625 0.6640625 0.1125 0.2515625
9 0.746875 0.4953125 0.1015625 0.15
8 0.52109375 0.3984375 0.0453125 0.1