0 0.44375 0.625 0.115625 0.39375
8 0.578125 0.4296875 0.0265625 0.0734375
9 0.35546875 0.70546875 0.046875 0.0890625
4 0.5390625 0.51640625 0.025 0.0765625
9 0.30703125 0.39375 0.1171875 0.1765625
2 0.31796875 0.63203125 0.0375 0.1
5 0.5390625 0.6296875 0.03125 0.15625
4 0.55078125 0.34609375 0.0671875 0.05625
4 0.5734375 0.51328125 0.0265625 0.0828125
5 0.29375 0.5296875 0.0375 0.1109375
8 0.33828125 0.5578125 0.0578125 0.0484375
5 0.5078125 0.625 0.03125 0.1640625
5 0.57578125 0.6390625 0.034375 0.1515625
8 0.5109375 0.465625 0.0453125 0.040625
9 0.528125 0.684375 0.0828125 0.134375