4 0.65 0.6984375 0.05625 0.0921875
9 0.5671875 0.7921875 0.078125 0.11875
4 0.7015625 0.60625 0.0625 0.1078125
8 0.4515625 0.45234375 0.0578125 0.1234375
4 0.60859375 0.5890625 0.0609375 0.1109375
8 0.59140625 0.72421875 0.0640625 0.0609375
8 0.6921875 0.48203125 0.125 0.09375
4 0.38828125 0.33125 0.1875 0.140625
4 0.575 0.67734375 0.05 0.08125
5 0.5234375 0.559375 0.103125 0.325
8 0.47109375 0.584375 0.0765625 0.0625
8 0.465625 0.6375 0.06875 0.0640625
8 0.63671875 0.63828125 0.0734375 0.0609375
9 0.6046875 0.41953125 0.13125 0.2078125
8 0.3046875 0.6625 0.0390625 0.06875
2 0.3203125 0.52734375 0.1390625 0.2234375
1 0.36171875 0.6140625 0.140625 0.2234375
10 0.340625 0.740625 0.090625 0.1
5 0.43828125 0.7546875 0.1140625 0.103125