9 0.646875 0.53203125 0.1046875 0.1515625
5 0.70546875 0.16328125 0.109375 0.1203125
9 0.7421875 0.3875 0.1671875 0.2484375
5 0.2484375 0.47109375 0.084375 0.171875
5 0.490625 0.16640625 0.0828125 0.1234375
8 0.84765625 0.60234375 0.1 0.0703125
8 0.58671875 0.37890625 0.0546875 0.20625
8 0.5078125 0.55078125 0.1265625 0.071875
1 0.40390625 0.41875 0.2125 0.1890625
0 0.18828125 0.69296875 0.3546875 0.3109375
4 0.32734375 0.30703125 0.1359375 0.078125
8 0.39140625 0.18828125 0.0453125 0.1640625
5 0.18359375 0.2078125 0.1375 0.1375
10 0.484375 0.25625 0.1078125 0.1234375