0 0.42265625 0.17421875 0.13125 0.259375
10 0.52421875 0.6421875 0.0484375 0.071875
9 0.6 0.54921875 0.0625 0.0953125
9 0.425 0.5828125 0.10625 0.15
9 0.50390625 0.18359375 0.0984375 0.1375
5 0.34921875 0.44140625 0.0421875 0.1
8 0.49296875 0.55703125 0.0328125 0.0796875
8 0.4953125 0.46875 0.05 0.046875
8 0.434375 0.384375 0.053125 0.04375
8 0.38125 0.30078125 0.0421875 0.040625
2 0.5953125 0.44140625 0.0484375 0.0921875
5 0.415625 0.43984375 0.0453125 0.11875
4 0.36953125 0.35390625 0.0328125 0.06875
4 0.33046875 0.19921875 0.0515625 0.05
10 0.484375 0.353125 0.0390625 0.071875
8 0.5453125 0.36328125 0.046875 0.04375
8 0.32109375 0.27578125 0.0296875 0.0703125
4 0.3390625 0.36015625 0.0328125 0.0703125
5 0.553125 0.275 0.046875 0.103125
8 0.3328125 0.3234375 0.0578125 0.1609375
4 0.5453125 0.5953125 0.0421875 0.0421875
5 0.38515625 0.43046875 0.0375 0.09375