9 0.65390625 0.23984375 0.040625 0.0796875
9 0.67109375 0.6328125 0.0859375 0.1484375
10 0.56171875 0.15390625 0.02890625 0.06015625
8 0.43984375 0.571875 0.01953125 0.07265625
9 0.4875 0.2515625 0.0703125 0.1125
8 0.5 0.53671875 0.0375 0.03125
8 0.5546875 0.259375 0.01640625 0.0609375
0 0.56328125 0.41796875 0.0828125 0.25234375
8 0.65859375 0.4265625 0.03828125 0.03828125
4 0.59296875 0.23125 0.034375 0.0375
4 0.475 0.4703125 0.01875 0.06796875
5 0.50390625 0.33125 0.0203125 0.09375
4 0.44375 0.475 0.01875 0.06953125
8 0.5203125 0.43515625 0.0140625 0.03125
5 0.4765625 0.35625 0.02265625 0.146875
4 0.4625 0.671875 0.0484375 0.04140625