8 0.50703125 0.8984375 0.103125 0.065625
4 0.4078125 0.40859375 0.0921875 0.065625
9 0.4375 0.06796875 0.0671875 0.115625
8 0.45390625 0.63984375 0.1 0.0703125
9 0.65546875 0.75625 0.1375 0.1921875
8 0.48359375 0.78046875 0.1 0.0640625
9 0.525 0.26875 0.0734375 0.115625
4 0.4296875 0.52109375 0.0953125 0.06875
8 0.4046875 0.23984375 0.046875 0.121875
10 0.6 0.46640625 0.0640625 0.1359375
10 0.49375 0.42734375 0.06875 0.1296875
8 0.3390625 0.2578125 0.0515625 0.1421875
4 0.5890625 0.5953125 0.1328125 0.171875