1 0.5734375 0.553125 0.1546875 0.1296875
9 0.41875 0.48203125 0.1015625 0.1578125
8 0.4875 0.63515625 0.0484375 0.0421875
8 0.378125 0.375 0.0421875 0.0421875
8 0.47890625 0.24140625 0.0421875 0.0390625
8 0.5625 0.1765625 0.0453125 0.0375
9 0.378125 0.2203125 0.0484375 0.0953125
8 0.425 0.228125 0.021875 0.0625
8 0.665625 0.64453125 0.0484375 0.0390625
10 0.44453125 0.35078125 0.0390625 0.08125
8 0.546875 0.21953125 0.021875 0.0578125
8 0.61015625 0.4609375 0.04375 0.040625
4 0.53359375 0.27265625 0.0421875 0.0421875
4 0.609375 0.2984375 0.028125 0.071875
10 0.4796875 0.3515625 0.0546875 0.1265625
5 0.63984375 0.32734375 0.0734375 0.109375
5 0.359375 0.2921875 0.071875 0.0875
8 0.5453125 0.35546875 0.0578125 0.0484375
8 0.59453125 0.2203125 0.0234375 0.0546875
2 0.5515625 0.40859375 0.06875 0.075
5 0.5421875 0.31015625 0.0796875 0.05625