9 0.51875 0.75859375 0.103125 0.1421875
8 0.36796875 0.66328125 0.0453125 0.0984375
4 0.49609375 0.2625 0.0890625 0.0671875
8 0.42265625 0.66875 0.03125 0.059375
8 0.26640625 0.3640625 0.0484375 0.1078125
8 0.46015625 0.6390625 0.0390625 0.090625
5 0.4046875 0.59375 0.0484375 0.1046875
8 0.42109375 0.44765625 0.0828125 0.0578125
5 0.58671875 0.71875 0.053125 0.08125
4 0.51015625 0.42578125 0.0703125 0.0609375
8 0.50703125 0.634375 0.03125 0.0703125
10 0.559375 0.515625 0.05625 0.0953125
10 0.5875 0.62265625 0.0484375 0.0796875
9 0.4234375 0.775 0.0671875 0.0984375
8 0.3671875 0.3328125 0.0453125 0.103125
8 0.31796875 0.346875 0.0484375 0.1078125
8 0.41953125 0.3171875 0.0421875 0.0984375
8 0.34453125 0.46953125 0.0671875 0.0515625
4 0.5546875 0.35390625 0.0515625 0.115625
5 0.48359375 0.5375 0.0578125 0.125
5 0.6140625 0.78671875 0.0625 0.1203125