1 0.43828125 0.34921875 0.075 0.28828125
4 0.7484375 0.4734375 0.03828125 0.11953125
4 0.725 0.303125 0.03359375 0.10625
4 0.66484375 0.47890625 0.034375 0.12890625
8 0.6734375 0.21953125 0.05390625 0.0484375
8 0.503125 0.64140625 0.03125 0.15390625
8 0.53984375 0.3296875 0.0625 0.0546875
9 0.6625 0.1 0.05859375 0.11796875
9 0.62890625 0.74296875 0.08125 0.16875
4 0.6484375 0.31171875 0.03359375 0.09140625
8 0.6953125 0.3875 0.06171875 0.05
5 0.58828125 0.5640625 0.03984375 0.25
8 0.53671875 0.42421875 0.0640625 0.05
4 0.4390625 0.7875 0.1328125 0.084375
8 0.7234375 0.653125 0.0796875 0.059375
2 0.3984375 0.521875 0.09375 0.134375
10 0.43125 0.134375 0.075 0.1234375
5 0.53359375 0.11328125 0.1046875 0.10859375
8 0.38671875 0.234375 0.01953125 0.13203125