9 0.59140625 0.0984375 0.071875 0.1109375
4 0.64453125 0.34140625 0.0921875 0.0578125
8 0.39140625 0.47890625 0.040625 0.128125
8 0.74296875 0.8609375 0.0953125 0.0546875
4 0.61953125 0.20390625 0.0921875 0.059375
5 0.4890625 0.071875 0.0578125 0.1109375
4 0.4640625 0.6578125 0.09375 0.05625
9 0.56796875 0.58125 0.0671875 0.1015625
8 0.36875 0.1171875 0.0921875 0.053125
5 0.54296875 0.39140625 0.05 0.0484375
5 0.6171875 0.778125 0.0640625 0.096875
9 0.54609375 0.86328125 0.1265625 0.1890625
8 0.41171875 0.3171875 0.090625 0.0625
4 0.45 0.8015625 0.04375 0.1015625
8 0.715625 0.490625 0.0484375 0.1359375
8 0.3890625 0.21953125 0.090625 0.05
8 0.7109375 0.7171875 0.0875 0.053125
8 0.6359375 0.5046875 0.0421875 0.1296875
8 0.4484375 0.46484375 0.040625 0.1265625
5 0.51953125 0.259375 0.0515625 0.096875
5 0.6390625 0.89296875 0.0671875 0.0890625