8 0.54921875 0.246875 0.0703125 0.0578125
4 0.846875 0.6953125 0.13203125 0.08671875
8 0.809375 0.1859375 0.03359375 0.0921875
4 0.67265625 0.62578125 0.053125 0.2234375
5 0.7671875 0.290625 0.08515625 0.20546875
8 0.4953125 0.5640625 0.1421875 0.075
8 0.3265625 0.61640625 0.04375 0.17421875
5 0.3109375 0.33671875 0.0515625 0.12734375
9 0.22734375 0.19765625 0.08359375 0.15625
8 0.49921875 0.709375 0.153125 0.07734375
5 0.15859375 0.31484375 0.08671875 0.19140625
8 0.2203125 0.63359375 0.05390625 0.2046875
8 0.54375 0.14140625 0.10625 0.0546875
9 0.8609375 0.48984375 0.20078125 0.28203125
8 0.115625 0.61171875 0.05078125 0.1453125
5 0.43828125 0.315625 0.03125 0.1921875
9 0.6 0.3515625 0.0859375 0.1703125
8 0.70234375 0.19140625 0.03203125 0.09140625
5 0.86171875 0.2859375 0.07265625 0.159375
4 0.415625 0.2046875 0.0328125 0.13828125
4 0.3109375 0.203125 0.03671875 0.13671875