9 0.2921875 0.47890625 0.10859375 0.1859375
8 0.428125 0.42890625 0.02421875 0.19453125
8 0.51953125 0.60625 0.09921875 0.0390625
5 0.42421875 0.1796875 0.03046875 0.19453125
8 0.5828125 0.19453125 0.02734375 0.19140625
5 0.3078125 0.21015625 0.04140625 0.13359375
10 0.478125 0.278125 0.04765625 0.115625
4 0.6578125 0.33125 0.1265625 0.040625
5 0.75625 0.15703125 0.0625 0.14140625
5 0.7546875 0.36796875 0.06875 0.1140625
1 0.6 0.46328125 0.203125 0.14609375
0 0.70078125 0.778125 0.16875 0.30703125
9 0.4015625 0.6171875 0.09453125 0.12890625
8 0.2390625 0.703125 0.09375 0.07890625