1 0.4171875 0.38359375 0.06015625 0.2484375
8 0.625 0.64296875 0.0734375 0.04765625
4 0.65390625 0.4984375 0.0265625 0.10234375
4 0.5921875 0.50703125 0.02421875 0.10390625
8 0.4671875 0.63515625 0.02421875 0.13125
4 0.58203125 0.3640625 0.025 0.09296875
5 0.5171875 0.13046875 0.021875 0.17734375
9 0.6 0.17421875 0.05234375 0.11328125
10 0.4265625 0.1796875 0.03515625 0.121875
4 0.41875 0.746875 0.0953125 0.0546875
4 0.64296875 0.3546875 0.0234375 0.10390625
8 0.60625 0.26953125 0.04765625 0.0484375
5 0.528125 0.60390625 0.02578125 0.23828125
8 0.49453125 0.4484375 0.06015625 0.04453125
8 0.4984375 0.371875 0.04765625 0.05
9 0.5578125 0.71015625 0.05625 0.12265625
8 0.6171875 0.4203125 0.04765625 0.040625
2 0.3828125 0.54296875 0.05546875 0.1015625
8 0.37109375 0.2953125 0.02890625 0.10546875