8 0.3109375 0.58203125 0.0390625 0.0375
8 0.3125 0.5296875 0.0421875 0.0375
8 0.5078125 0.6046875 0.040625 0.0375
8 0.31640625 0.40859375 0.0453125 0.040625
8 0.5390625 0.4359375 0.0515625 0.0453125
4 0.38359375 0.6484375 0.0296875 0.0734375
4 0.29453125 0.66015625 0.0296875 0.0734375
8 0.53046875 0.49609375 0.0453125 0.04375
9 0.60625 0.596875 0.096875 0.1375
8 0.31328125 0.47109375 0.0453125 0.0421875
5 0.4546875 0.4625 0.05 0.0875
5 0.609375 0.6921875 0.0890625 0.065625
8 0.51796875 0.55859375 0.046875 0.0375
5 0.440625 0.5578125 0.046875 0.08125
4 0.35234375 0.6984375 0.0671875 0.046875
5 0.53984375 0.71015625 0.0359375 0.1203125
8 0.3984375 0.44921875 0.0296875 0.0828125
9 0.6265625 0.4765625 0.065625 0.103125
10 0.50078125 0.6953125 0.0640625 0.0890625
8 0.390625 0.559375 0.0234375 0.05625
10 0.44453125 0.684375 0.065625 0.0921875