9 0.5609375 0.88984375 0.1 0.190625
9 0.49296875 0.625 0.059375 0.1359375
9 0.3859375 0.1609375 0.071875 0.115625
8 0.3796875 0.9171875 0.096875 0.053125
8 0.3796875 0.77578125 0.1 0.059375
8 0.33984375 0.57265625 0.0328125 0.171875
8 0.41640625 0.57578125 0.0390625 0.1734375
8 0.5890625 0.509375 0.028125 0.171875
8 0.64765625 0.5 0.0296875 0.1859375
8 0.60703125 0.334375 0.1046875 0.053125
8 0.60625 0.234375 0.103125 0.0640625
8 0.60546875 0.1296875 0.1015625 0.065625
4 0.3796875 0.40859375 0.1 0.0609375
4 0.3796875 0.2609375 0.1 0.059375
4 0.6078125 0.67734375 0.0984375 0.0625
4 0.64765625 0.83125 0.03125 0.165625
5 0.48203125 0.9265625 0.053125 0.109375
5 0.4796875 0.8203125 0.053125 0.1265625
5 0.4828125 0.43828125 0.05625 0.078125
5 0.4828125 0.28046875 0.0359375 0.10625
5 0.484375 0.11640625 0.040625 0.140625