9 0.46640625 0.21484375 0.1109375 0.159375
9 0.3625 0.7 0.0640625 0.090625
9 0.5515625 0.73984375 0.1109375 0.15625
4 0.4296875 0.74296875 0.05 0.040625
8 0.67734375 0.34453125 0.034375 0.0828125
4 0.67109375 0.234375 0.0578125 0.0453125
8 0.41953125 0.4609375 0.0578125 0.040625
8 0.6078125 0.375 0.046875 0.0390625
8 0.48125 0.6984375 0.0359375 0.090625
8 0.47421875 0.59375 0.0546875 0.040625
5 0.6640625 0.603125 0.0703125 0.078125
10 0.42734375 0.87578125 0.0625 0.1140625
5 0.5234375 0.56484375 0.0703125 0.0890625
5 0.43359375 0.371875 0.0796875 0.090625
8 0.5484375 0.4859375 0.0625 0.040625
2 0.384375 0.55859375 0.059375 0.0953125
4 0.65234375 0.459375 0.034375 0.0703125
4 0.61953125 0.45 0.034375 0.0796875
10 0.48515625 0.47265625 0.04375 0.06875
5 0.59453125 0.5890625 0.0390625 0.075
0 0.5796875 0.19140625 0.1546875 0.371875