9 0.47265625 0.7875 0.1125 0.1609375
9 0.5484375 0.26171875 0.1140625 0.1578125
4 0.678125 0.7625 0.0609375 0.046875
9 0.36171875 0.30390625 0.065625 0.0921875
8 0.61328125 0.625 0.0484375 0.0390625
5 0.65546875 0.39453125 0.09375 0.0890625
4 0.42734375 0.25703125 0.0578125 0.0453125
8 0.475 0.4078125 0.05625 0.0421875
8 0.4796875 0.303125 0.0390625 0.096875
5 0.5953125 0.409375 0.0390625 0.075
8 0.68359375 0.65703125 0.0359375 0.0828125
8 0.421875 0.54296875 0.0578125 0.040625
5 0.4390625 0.6328125 0.0875 0.0859375
5 0.53046875 0.43125 0.0921875 0.1125
2 0.38203125 0.44609375 0.0734375 0.11875
10 0.425 0.1390625 0.0984375 0.1234375
10 0.48125 0.53359375 0.059375 0.0953125
0 0.5859375 0.8046875 0.159375 0.375
8 0.55078125 0.51875 0.0859375 0.0796875