5 0.41328125 0.77421875 0.1171875 0.2296875
9 0.77578125 0.58984375 0.1953125 0.2671875
4 0.44765625 0.0828125 0.134375 0.0984375
8 0.32578125 0.74453125 0.078125 0.2109375
8 0.2453125 0.528125 0.1265625 0.075
8 0.6234375 0.4765625 0.134375 0.078125
8 0.28203125 0.38359375 0.1328125 0.0796875
8 0.165625 0.81953125 0.1328125 0.0796875
10 0.7 0.24140625 0.1296875 0.15625
8 0.5890625 0.6203125 0.134375 0.0796875
5 0.76796875 0.2984375 0.0875 0.159375
4 0.31484375 0.14609375 0.0828125 0.19375
9 0.68515625 0.91171875 0.109375 0.146875
8 0.55390625 0.76171875 0.134375 0.0796875
4 0.45703125 0.25703125 0.078125 0.1875
5 0.4703125 0.53359375 0.1234375 0.2328125
10 0.59375 0.2234375 0.13125 0.146875
8 0.51484375 0.91875 0.1359375 0.0890625
5 0.896875 0.34375 0.178125 0.1515625
8 0.20625 0.66484375 0.1328125 0.0765625
8 0.38671875 0.5171875 0.0734375 0.2015625