9 0.60078125 0.271875 0.0546875 0.1015625
9 0.4171875 0.51171875 0.0515625 0.09453125
8 0.5953125 0.36484375 0.03046875 0.02265625
8 0.44296875 0.22890625 0.03203125 0.02421875
4 0.48984375 0.2296875 0.03671875 0.02734375
4 0.61328125 0.4109375 0.0140625 0.0578125
8 0.5546875 0.39921875 0.0109375 0.05390625
8 0.4609375 0.29765625 0.0109375 0.0578125
4 0.4890625 0.2703125 0.0390625 0.02734375
8 0.5109375 0.49921875 0.0125 0.06015625
0 0.38828125 0.38046875 0.10625 0.08203125
4 0.4015625 0.259375 0.01484375 0.04921875
5 0.53828125 0.35078125 0.028125 0.0703125
2 0.55 0.51875 0.0390625 0.05859375
8 0.50703125 0.33515625 0.0109375 0.0546875
5 0.54140625 0.259375 0.025 0.0328125
9 0.603125 0.50234375 0.0296875 0.06328125
5 0.4734375 0.50859375 0.03359375 0.09453125
5 0.540625 0.1859375 0.0328125 0.103125
10 0.5109375 0.42109375 0.0390625 0.0609375
10 0.6625 0.38671875 0.04140625 0.065625