9 0.41328125 0.70703125 0.0703125 0.1171875
1 0.51484375 0.7640625 0.1046875 0.0890625
8 0.56796875 0.821875 0.03125 0.03125
8 0.45234375 0.8015625 0.0296875 0.0296875
8 0.54921875 0.48359375 0.015625 0.0640625
8 0.3875 0.6078125 0.04375 0.0375
8 0.47890625 0.48984375 0.0421875 0.0328125
8 0.43203125 0.46953125 0.0171875 0.0640625
8 0.5765625 0.42890625 0.040625 0.0390625
9 0.38828125 0.4578125 0.046875 0.09375
8 0.55625 0.70546875 0.03125 0.034375
8 0.5953125 0.48671875 0.0171875 0.0609375
8 0.52265625 0.61640625 0.040625 0.034375
5 0.60234375 0.65234375 0.053125 0.0828125
4 0.58984375 0.56484375 0.0203125 0.0703125
2 0.5203125 0.67421875 0.05 0.0546875
5 0.52890625 0.58203125 0.0625 0.053125
5 0.37421875 0.5578125 0.0734375 0.0859375
4 0.52578125 0.53671875 0.0578125 0.0359375
10 0.44453125 0.59453125 0.05 0.1078125
10 0.47265625 0.65234375 0.0328125 0.0765625