8 0.60234375 0.26171875 0.015625 0.075
5 0.55703125 0.38359375 0.0171875 0.11015625
8 0.309375 0.55234375 0.021875 0.103125
4 0.44140625 0.26953125 0.0203125 0.103125
8 0.52265625 0.28203125 0.03828125 0.03828125
4 0.65390625 0.5546875 0.025 0.128125
8 0.64921875 0.259375 0.0171875 0.078125
8 0.49140625 0.50234375 0.04453125 0.03671875
8 0.5171875 0.215625 0.03828125 0.0390625
5 0.3671875 0.39296875 0.0453125 0.09921875
4 0.57890625 0.55703125 0.02265625 0.12734375
8 0.38203125 0.5515625 0.01953125 0.0984375
8 0.6984375 0.26015625 0.01796875 0.07578125
9 0.7078125 0.53671875 0.05 0.10859375
5 0.71796875 0.38828125 0.05 0.1
5 0.63125 0.40390625 0.0296875 0.06875
9 0.46796875 0.39140625 0.05078125 0.08359375
9 0.34296875 0.3125 0.0828125 0.14921875
8 0.48828125 0.615625 0.084375 0.040625
5 0.31640625 0.3890625 0.028125 0.109375
4 0.3734375 0.21875 0.04921875 0.03203125