9 0.4078125 0.22890625 0.08125 0.14375
4 0.6140625 0.20625 0.053125 0.0359375
8 0.5453125 0.4765625 0.05390625 0.0296875
8 0.58046875 0.35625 0.04140625 0.03125
9 0.6 0.72421875 0.08203125 0.1390625
8 0.4953125 0.596875 0.0453125 0.03046875
9 0.40859375 0.7265625 0.046875 0.08203125
8 0.5234375 0.69921875 0.0171875 0.09453125
8 0.4125 0.4796875 0.053125 0.0328125
4 0.48671875 0.72109375 0.0625 0.09609375
8 0.6421875 0.31015625 0.0171875 0.08359375
5 0.53671875 0.56015625 0.05390625 0.0796875
5 0.409375 0.3875 0.07421875 0.08359375
5 0.6109375 0.56875 0.025 0.09609375
5 0.6703125 0.5734375 0.084375 0.10859375
4 0.6078125 0.4265625 0.0234375 0.103125
4 0.6453125 0.43359375 0.02734375 0.11640625
10 0.5078125 0.8671875 0.08046875 0.14609375
10 0.4828125 0.48203125 0.04609375 0.08359375
2 0.403125 0.59140625 0.0703125 0.09453125
0 0.5109375 0.184375 0.07734375 0.36796875