1 0.55859375 0.7796875 0.1171875 0.1
5 0.64609375 0.6390625 0.065625 0.0984375
8 0.5921875 0.3828125 0.0453125 0.040625
10 0.45703125 0.58515625 0.0453125 0.121875
8 0.54765625 0.60859375 0.0453125 0.0421875
9 0.4328125 0.72578125 0.0859375 0.1390625
8 0.48828125 0.83203125 0.034375 0.034375
4 0.62109375 0.5453125 0.0265625 0.0703125
8 0.56640625 0.44921875 0.021875 0.0734375
8 0.6203125 0.8390625 0.0390625 0.0359375
8 0.3921875 0.61640625 0.046875 0.0390625
8 0.48984375 0.46484375 0.04375 0.0359375
5 0.375 0.56484375 0.0828125 0.0859375
9 0.37734375 0.43515625 0.0546875 0.1078125
8 0.43046875 0.44609375 0.021875 0.071875
8 0.59765625 0.709375 0.0359375 0.034375
8 0.61953125 0.45234375 0.0234375 0.0734375
10 0.496875 0.66171875 0.0390625 0.08125
2 0.55859375 0.68125 0.06875 0.059375
4 0.54453125 0.51171875 0.040625 0.0453125
5 0.5546875 0.56796875 0.078125 0.0640625