9 0.409375 0.690625 0.0515625 0.1
8 0.57265625 0.4171875 0.028125 0.0984375
4 0.3609375 0.58515625 0.028125 0.075
4 0.41875 0.4953125 0.03125 0.1
5 0.49453125 0.48203125 0.0328125 0.275
4 0.3421875 0.4890625 0.0359375 0.096875
4 0.640625 0.328125 0.140625 0.090625
4 0.428125 0.58359375 0.028125 0.065625
5 0.49375 0.740625 0.01875 0.178125
9 0.4625 0.34296875 0.08125 0.18125
1 0.615625 0.5796875 0.075 0.1796875
10 0.590625 0.72890625 0.034375 0.084375
2 0.659375 0.50859375 0.0875 0.165625
8 0.5328125 0.52890625 0.05625 0.0421875
8 0.40078125 0.6265625 0.046875 0.040625
8 0.3875 0.53828125 0.0546875 0.0421875
8 0.5296875 0.57578125 0.05 0.04375
8 0.37265625 0.384375 0.09375 0.0578125
8 0.65703125 0.63671875 0.028125 0.06875