8 0.4328125 0.58203125 0.059375 0.040625
5 0.33828125 0.57890625 0.0390625 0.184375
4 0.35703125 0.6203125 0.0234375 0.0796875
5 0.228125 0.5265625 0.0953125 0.1078125
9 0.33828125 0.3625 0.1578125 0.2421875
9 0.65625 0.37109375 0.090625 0.1671875
8 0.38984375 0.66484375 0.0546875 0.0421875
8 0.6109375 0.57734375 0.0703125 0.046875
8 0.5015625 0.475 0.075 0.053125
5 0.60546875 0.65390625 0.0828125 0.090625
8 0.4703125 0.36328125 0.0296875 0.1125
4 0.30546875 0.6125 0.0359375 0.090625
9 0.5953125 0.75078125 0.1078125 0.15
4 0.35078125 0.7578125 0.0625 0.0515625
8 0.315625 0.696875 0.0265625 0.0640625
10 0.52265625 0.60546875 0.046875 0.1546875
5 0.4484375 0.51875 0.078125 0.1109375
0 0.4703125 0.821875 0.1046875 0.34375
2 0.6421875 0.503125 0.0484375 0.0984375
4 0.5421875 0.3171875 0.08125 0.0609375