1 0.525 0.425 0.1390625 0.1234375
5 0.66484375 0.5984375 0.0515625 0.0765625
4 0.59453125 0.63125 0.053125 0.0359375
2 0.6453125 0.39921875 0.0453125 0.125
9 0.4 0.6828125 0.046875 0.0859375
4 0.5953125 0.70234375 0.04375 0.0375
8 0.56953125 0.5234375 0.0234375 0.0953125
4 0.51796875 0.709375 0.0484375 0.0390625
8 0.4640625 0.67421875 0.0203125 0.0703125
8 0.65546875 0.49453125 0.059375 0.046875
4 0.715625 0.42734375 0.03125 0.1125
8 0.55703125 0.66875 0.01875 0.0671875
8 0.4484375 0.3609375 0.059375 0.0484375
4 0.51796875 0.634375 0.0515625 0.0390625
8 0.5203125 0.525 0.021875 0.0828125
8 0.66640625 0.66796875 0.021875 0.0609375
9 0.709375 0.58828125 0.046875 0.0890625
5 0.38828125 0.60234375 0.0515625 0.09375
10 0.4015625 0.46015625 0.046875 0.0703125