9 0.49296875 0.14140625 0.0859375 0.1515625
5 0.6328125 0.3546875 0.046875 0.10390625
9 0.4234375 0.2609375 0.04765625 0.1140625
8 0.51328125 0.30078125 0.04375 0.0453125
0 0.32265625 0.76796875 0.1375 0.3921875
8 0.40078125 0.1140625 0.01796875 0.08359375
1 0.4890625 0.5015625 0.08125 0.26640625
5 0.65078125 0.790625 0.07265625 0.17109375
10 0.58671875 0.4 0.03828125 0.0984375
8 0.63359375 0.4875 0.10859375 0.04140625
5 0.48359375 0.71015625 0.09609375 0.1140625
5 0.6171875 0.13515625 0.06015625 0.12109375
4 0.5640625 0.59921875 0.028125 0.1796875
8 0.4234375 0.403125 0.02109375 0.1046875