9 0.25859375 0.36171875 0.16875 0.2640625
9 0.39609375 0.2609375 0.0984375 0.15625
8 0.57578125 0.70859375 0.0609375 0.2453125
8 0.4078125 0.4359375 0.053125 0.2015625
4 0.6734375 0.56015625 0.15625 0.0796875
10 0.4890625 0.5859375 0.1125 0.121875
8 0.24921875 0.17890625 0.0828125 0.06875
0 0.8296875 0.178125 0.3265625 0.2734375
5 0.77890625 0.42578125 0.10625 0.190625
1 0.609375 0.4109375 0.23125 0.1765625
8 0.5328125 0.28046875 0.13125 0.0703125
5 0.18359375 0.63046875 0.146875 0.146875
5 0.43203125 0.67421875 0.1578125 0.15625
5 0.82578125 0.7359375 0.171875 0.15625