9 0.46875 0.703125 0.084375 0.1296875
8 0.43125 0.50078125 0.025 0.0609375
10 0.5953125 0.68515625 0.0328125 0.071875
8 0.371875 0.665625 0.025 0.0578125
8 0.63203125 0.64296875 0.040625 0.0375
8 0.5421875 0.71640625 0.0203125 0.0546875
1 0.38515625 0.56484375 0.0765625 0.19375
8 0.31171875 0.48984375 0.0296875 0.071875
4 0.58046875 0.540625 0.0328125 0.1
8 0.52109375 0.5578125 0.028125 0.0796875
8 0.6515625 0.4546875 0.025 0.0671875
2 0.48359375 0.603125 0.04375 0.065625
8 0.6140625 0.58359375 0.0265625 0.0796875
9 0.64375 0.68984375 0.0546875 0.096875
5 0.49765625 0.49140625 0.053125 0.109375
10 0.5203125 0.625 0.05 0.134375
5 0.5609375 0.6078125 0.0296875 0.0640625
8 0.6109375 0.43125 0.046875 0.0375
8 0.615625 0.496875 0.0390625 0.0375
4 0.5453125 0.43984375 0.0515625 0.0484375
5 0.5890625 0.73359375 0.0421875 0.0953125