8 0.34375 0.4 0.071875 0.05234375
5 0.71953125 0.33046875 0.09375 0.146875
9 0.39140625 0.25625 0.115625 0.190625
8 0.67890625 0.721875 0.0734375 0.05703125
8 0.62421875 0.62578125 0.0296875 0.13046875
8 0.6484375 0.096875 0.046875 0.0390625
1 0.56796875 0.1703125 0.16171875 0.12265625
9 0.31796875 0.6609375 0.0828125 0.1671875
8 0.49765625 0.6015625 0.06796875 0.05078125
4 0.58125 0.5359375 0.0828125 0.0640625
8 0.46484375 0.1234375 0.04453125 0.04296875
4 0.69453125 0.47421875 0.034375 0.10859375
8 0.40625 0.64375 0.03046875 0.13359375
8 0.6390625 0.2578125 0.05703125 0.04375
5 0.58359375 0.44609375 0.0984375 0.075
8 0.709375 0.6171875 0.034375 0.11875
10 0.440625 0.42734375 0.0578125 0.1640625
8 0.5734375 0.3921875 0.06328125 0.046875
2 0.5828125 0.29296875 0.0984375 0.0875
5 0.31171875 0.4703125 0.12578125 0.1375
10 0.4921875 0.34140625 0.05859375 0.171875