8 0.61640625 0.39140625 0.01796875 0.08359375
9 0.48125 0.5515625 0.09921875 0.16171875
5 0.553125 0.15390625 0.02890625 0.09765625
8 0.465625 0.33984375 0.01640625 0.065625
8 0.45546875 0.259375 0.03515625 0.03359375
8 0.4171875 0.340625 0.01953125 0.065625
9 0.54765625 0.39296875 0.0421875 0.096875
4 0.3984375 0.52421875 0.0265625 0.096875
8 0.65546875 0.4984375 0.06328125 0.04921875
4 0.44296875 0.4265625 0.078125 0.0453125
4 0.63515625 0.29765625 0.06328125 0.0421875
8 0.6859375 0.3828125 0.02109375 0.0609375
9 0.625 0.18984375 0.040625 0.0734375
8 0.67109375 0.58828125 0.075 0.04609375
5 0.56328125 0.5546875 0.0484375 0.10234375
8 0.45859375 0.17421875 0.03046875 0.03046875
4 0.63203125 0.24140625 0.0609375 0.040625
5 0.5546875 0.2828125 0.03359375 0.08046875
8 0.4546875 0.215625 0.06328125 0.025