4 0.7546875 0.29375 0.1515625 0.0984375
9 0.19140625 0.81875 0.10625 0.1484375
4 0.84921875 0.4125 0.096875 0.2296875
8 0.696875 0.7484375 0.1296875 0.0875
8 0.73828125 0.628125 0.1375 0.0875
5 0.3234375 0.38984375 0.125 0.2484375
8 0.3953125 0.5375 0.13125 0.0828125
5 0.45234375 0.82890625 0.1203125 0.2
8 0.665625 0.85390625 0.1234375 0.0796875
10 0.56875 0.36640625 0.0984375 0.184375
8 0.5859375 0.66328125 0.0765625 0.1875
8 0.365625 0.6671875 0.1328125 0.0953125
9 0.221875 0.5625 0.209375 0.278125
8 0.32265625 0.87734375 0.115625 0.084375
10 0.4515625 0.334375 0.1078125 0.1859375
4 0.64921875 0.44453125 0.0734375 0.159375
8 0.34296875 0.76328125 0.121875 0.0796875
5 0.21328125 0.33984375 0.1578125 0.2078125
8 0.5375 0.84375 0.06875 0.1625
8 0.628125 0.9578125 0.121875 0.08125
5 0.51484375 0.61796875 0.1171875 0.18125