0 0.26796875 0.615625 0.246875 0.2109375
1 0.4265625 0.43984375 0.1484375 0.1171875
5 0.63203125 0.24921875 0.096875 0.1140625
5 0.49375 0.24453125 0.096875 0.0859375
5 0.26953125 0.28203125 0.103125 0.1046875
5 0.309375 0.45078125 0.0703125 0.121875
9 0.64921875 0.38203125 0.0984375 0.1421875
9 0.58359375 0.50625 0.071875 0.1125
8 0.72109375 0.553125 0.0890625 0.0578125
8 0.4921875 0.5265625 0.096875 0.06875
8 0.54375 0.3953125 0.0375 0.1359375
8 0.4125 0.26640625 0.0375 0.1265625
10 0.4734375 0.32421875 0.0703125 0.0875
4 0.36328125 0.3640625 0.1140625 0.0625