9 0.58203125 0.8140625 0.1640625 0.265625
5 0.53046875 0.24921875 0.128125 0.2046875
8 0.2734375 0.353125 0.0875 0.08125
9 0.22421875 0.8296875 0.0921875 0.1578125
4 0.353125 0.4328125 0.0546875 0.1640625
8 0.4375 0.84765625 0.0421875 0.13125
8 0.24765625 0.71171875 0.078125 0.0734375
8 0.66640625 0.30859375 0.0625 0.1953125
8 0.77734375 0.70390625 0.0546875 0.1453125
8 0.48359375 0.4421875 0.05625 0.1890625
8 0.2828125 0.17265625 0.1203125 0.0875
8 0.284375 0.55703125 0.053125 0.1703125
1 0.76171875 0.4859375 0.16875 0.4296875
8 0.91875 0.29921875 0.059375 0.1515625
4 0.41484375 0.2015625 0.1234375 0.1015625
10 0.47421875 0.68515625 0.08125 0.1734375
10 0.33125 0.74453125 0.0703125 0.209375
8 0.190625 0.253125 0.05625 0.1484375
5 0.40546875 0.5578125 0.0984375 0.1671875
2 0.56328125 0.5546875 0.1 0.1421875
5 0.35 0.8765625 0.1015625 0.2125