10 0.6390625 0.790625 0.1046875 0.1390625
8 0.615625 0.54765625 0.128125 0.053125
8 0.6 0.09296875 0.134375 0.0625
8 0.26328125 0.5671875 0.1265625 0.0515625
5 0.478125 0.459375 0.0796875 0.2265625
8 0.61328125 0.3984375 0.1265625 0.05
8 0.2453125 0.2734375 0.1234375 0.0515625
9 0.76484375 0.134375 0.084375 0.13125
9 0.7875 0.465625 0.153125 0.2515625
4 0.4078125 0.72578125 0.0390625 0.1828125
4 0.3625 0.89453125 0.121875 0.0765625
5 0.71953125 0.75 0.0609375 0.15
8 0.25625 0.4171875 0.1171875 0.05
8 0.24140625 0.1171875 0.1234375 0.0546875
10 0.53125 0.78671875 0.1078125 0.1265625
8 0.609375 0.25390625 0.128125 0.053125
5 0.47109375 0.21328125 0.0734375 0.21875
4 0.246875 0.8109375 0.0453125 0.1796875
5 0.8515625 0.73125 0.1640625 0.1265625
8 0.3796875 0.2203125 0.0359375 0.215625
8 0.3921875 0.46171875 0.0375 0.2390625