9 0.83046875 0.7484375 0.08125 0.14296875
5 0.86484375 0.49296875 0.09375 0.1078125
8 0.4921875 0.8765625 0.125 0.05625
8 0.540625 0.24453125 0.115625 0.0515625
8 0.759375 0.18515625 0.0265625 0.20546875
4 0.63203125 0.7640625 0.034375 0.22421875
4 0.2828125 0.1125 0.08984375 0.0609375
4 0.7421875 0.75390625 0.034375 0.209375
8 0.4890625 0.68203125 0.12109375 0.05390625
5 0.28828125 0.51875 0.0796875 0.10390625
9 0.2390625 0.32421875 0.140625 0.23046875
9 0.4484375 0.48515625 0.075 0.12734375
4 0.40390625 0.20703125 0.03203125 0.225
5 0.596875 0.490625 0.028125 0.11796875
8 0.22109375 0.778125 0.03046875 0.22265625
8 0.6765625 0.19140625 0.028125 0.20078125
5 0.2078125 0.5140625 0.06015625 0.11171875
8 0.84609375 0.1734375 0.0328125 0.21171875
8 0.53984375 0.0984375 0.1109375 0.05234375
8 0.33125 0.77265625 0.02890625 0.21875
5 0.71875 0.50390625 0.05234375 0.0828125