9 0.85078125 0.5671875 0.2453125 0.303125
8 0.45546875 0.7125 0.1671875 0.1078125
9 0.28828125 0.1609375 0.1109375 0.1671875
8 0.4796875 0.57265625 0.15625 0.1
8 0.6078125 0.165625 0.1140625 0.0765625
8 0.753125 0.2421875 0.0484375 0.1
8 0.303125 0.59609375 0.084375 0.2015625
8 0.859375 0.25625 0.0515625 0.0953125
8 0.1 0.5484375 0.0765625 0.1515625
4 0.47109375 0.3203125 0.06875 0.2
8 0.59609375 0.26875 0.0765625 0.06875
4 0.4703125 0.20390625 0.0609375 0.146875
9 0.371875 0.17265625 0.0578125 0.121875
5 0.34140625 0.31796875 0.0859375 0.1421875
5 0.2 0.2671875 0.1484375 0.2328125
5 0.80234375 0.3453125 0.1078125 0.225
5 0.9 0.3671875 0.1078125 0.196875
4 0.64609375 0.65 0.1078125 0.23125
4 0.79140625 0.759375 0.16875 0.13125
9 0.6234375 0.37890625 0.1421875 0.209375
8 0.20234375 0.57265625 0.1078125 0.2375