8 0.43515625 0.43359375 0.0296875 0.14453125
8 0.34765625 0.496875 0.0921875 0.0609375
8 0.5375 0.55859375 0.0390625 0.15859375
8 0.646875 0.6421875 0.0390625 0.15390625
8 0.696875 0.81875 0.1046875 0.05703125
9 0.3140625 0.7046875 0.15546875 0.2765625
5 0.45859375 0.596875 0.0703125 0.090625
5 0.45078125 0.68515625 0.0859375 0.10703125
5 0.4515625 0.7953125 0.08046875 0.140625
4 0.575 0.71484375 0.10625 0.084375
4 0.58125 0.8140625 0.09765625 0.0890625
4 0.790625 0.75 0.07265625 0.175
4 0.3109375 0.39765625 0.04453125 0.12109375
10 0.2296875 0.43515625 0.0609375 0.115625
0 0.678125 0.30546875 0.19921875 0.478125