8 0.67421875 0.18203125 0.0484375 0.090625
8 0.60625 0.196875 0.0484375 0.0890625
8 0.5078125 0.1890625 0.0796875 0.0515625
8 0.52265625 0.24375 0.0765625 0.0453125
8 0.51875 0.41015625 0.08125 0.075
8 0.546875 0.49296875 0.0890625 0.0625
8 0.4328125 0.4703125 0.0578125 0.11875
8 0.378125 0.478125 0.05625 0.1140625
8 0.3 0.446875 0.0015625 0.0078125
8 0.31640625 0.49140625 0.0640625 0.1015625
5 0.30390625 0.33671875 0.0703125 0.128125
5 0.39140625 0.33984375 0.05625 0.0765625
9 0.32109375 0.2453125 0.053125 0.071875
5 0.65078125 0.240625 0.084375 0.14375
9 0.71796875 0.32890625 0.1515625 0.196875
9 0.5609375 0.2984375 0.0765625 0.1125
4 0.37265625 0.24921875 0.040625 0.08125
4 0.43203125 0.24609375 0.04375 0.1
4 0.62578125 0.43046875 0.059375 0.1171875
4 0.728125 0.45 0.1078125 0.084375
5 0.46171875 0.31171875 0.0640625 0.1546875