9 0.6375 0.28671875 0.1125 0.2015625
9 0.25625 0.76875 0.1171875 0.2
4 0.41171875 0.2765625 0.0734375 0.053125
0 0.2109375 0.503125 0.3015625 0.1859375
8 0.4546875 0.7453125 0.0234375 0.11875
8 0.63125 0.4734375 0.0703125 0.0484375
5 0.521875 0.2546875 0.05625 0.0703125
4 0.23515625 0.26015625 0.0296875 0.1171875
10 0.76328125 0.50859375 0.084375 0.0875
9 0.64375 0.740625 0.06875 0.15
8 0.32109375 0.19296875 0.0796875 0.046875
8 0.54375 0.534375 0.021875 0.121875
5 0.5171875 0.1078125 0.0578125 0.1734375
5 0.38359375 0.759375 0.0640625 0.15625
4 0.4125 0.19375 0.078125 0.053125
4 0.6625 0.56484375 0.025 0.1328125
5 0.5171875 0.4265625 0.065625 0.171875
8 0.44921875 0.40546875 0.025 0.1265625
8 0.35390625 0.33828125 0.025 0.103125
10 0.45234375 0.584375 0.0625 0.078125
2 0.5390625 0.78515625 0.090625 0.115625