8 0.3890625 0.734375 0.01875 0.075
5 0.4390625 0.6140625 0.0203125 0.1109375
8 0.6921875 0.4546875 0.025 0.103125
4 0.55078125 0.73203125 0.0234375 0.103125
8 0.46953125 0.7171875 0.0390625 0.0390625
4 0.3484375 0.43984375 0.0296875 0.1296875
8 0.3421875 0.73515625 0.0203125 0.078125
8 0.50859375 0.49765625 0.0453125 0.0375
8 0.47265625 0.78359375 0.0390625 0.040625
5 0.62890625 0.61171875 0.0484375 0.1
4 0.4234375 0.440625 0.0265625 0.128125
8 0.61953125 0.45234375 0.0234375 0.0984375
8 0.29296875 0.7328125 0.0203125 0.0765625
9 0.29375 0.45625 0.053125 0.1109375
5 0.278125 0.60390625 0.053125 0.1015625
5 0.365625 0.59140625 0.0328125 0.0703125
9 0.528125 0.609375 0.053125 0.0859375
9 0.65078125 0.69296875 0.0875 0.1515625
8 0.515625 0.38515625 0.0859375 0.04375
5 0.6796875 0.6171875 0.03125 0.1109375
4 0.61640625 0.78515625 0.05 0.034375