9 0.7875 0.6390625 0.11796875 0.190625
4 0.57890625 0.3859375 0.02734375 0.1421875
4 0.49453125 0.3875 0.02734375 0.14140625
9 0.203125 0.575 0.07734375 0.13671875
9 0.4046875 0.6546875 0.06640625 0.12890625
10 0.53828125 0.5921875 0.0578125 0.1078125
8 0.3625 0.32265625 0.1125 0.04765625
8 0.3546875 0.446875 0.1125 0.05078125
10 0.59375 0.7671875 0.0609375 0.17421875
8 0.7453125 0.3859375 0.0265625 0.13046875
8 0.8109375 0.38203125 0.03046875 0.13828125
8 0.65703125 0.38828125 0.02890625 0.1484375