5 0.53203125 0.15 0.0390625 0.2015625
4 0.3859375 0.296875 0.0296875 0.1046875
8 0.4296875 0.1796875 0.078125 0.0515625
8 0.54921875 0.33828125 0.0765625 0.0453125
9 0.39296875 0.7 0.0828125 0.15
10 0.65859375 0.64609375 0.065625 0.178125
1 0.65390625 0.41328125 0.1015625 0.278125
9 0.50078125 0.11796875 0.0546875 0.11875
8 0.4171875 0.36015625 0.05625 0.04375
4 0.45546875 0.29921875 0.03125 0.1046875
4 0.375 0.44140625 0.0328125 0.1234375
8 0.58359375 0.18125 0.034375 0.1484375
8 0.55234375 0.4265625 0.0625 0.0546875
4 0.44921875 0.446875 0.0359375 0.125
4 0.6125 0.1203125 0.0609375 0.0625
5 0.53046875 0.6625 0.05625 0.2203125
8 0.4046875 0.55546875 0.0640625 0.0578125
2 0.67109375 0.2 0.059375 0.1421875
8 0.7140625 0.55390625 0.0375 0.115625