9 0.62109375 0.88828125 0.1171875 0.175
5 0.53515625 0.88125 0.0609375 0.1546875
8 0.4234375 0.89375 0.0515625 0.0421875
8 0.69921875 0.43125 0.128125 0.0734375
8 0.33671875 0.65 0.0390625 0.1265625
8 0.70859375 0.30859375 0.1421875 0.075
9 0.5390625 0.7109375 0.065625 0.1265625
8 0.4109375 0.8078125 0.0546875 0.0453125
4 0.34609375 0.36875 0.1359375 0.0859375
5 0.5203125 0.58046875 0.065625 0.140625
5 0.49609375 0.20234375 0.0828125 0.184375
4 0.3671875 0.5125 0.134375 0.0765625
9 0.33359375 0.24609375 0.1109375 0.1875
8 0.715625 0.16328125 0.1625 0.0859375
5 0.509375 0.40390625 0.0453125 0.1171875
8 0.7421875 0.603125 0.0359375 0.1015625
8 0.66328125 0.590625 0.034375 0.115625
8 0.6953125 0.58359375 0.1078125 0.14375
4 0.7203125 0.834375 0.0390625 0.10625
4 0.68359375 0.73984375 0.1109375 0.0796875
8 0.4359375 0.66171875 0.034375 0.0984375
8 0.390625 0.64921875 0.1390625 0.1390625
5 0.5359375 0.93203125 0.0609375 0.1359375