5 0.70390625 0.75625 0.0796875 0.1171875
9 0.56875 0.8515625 0.125 0.184375
5 0.6296875 0.33984375 0.1171875 0.16875
9 0.4765625 0.76796875 0.075 0.1234375
5 0.50390625 0.3609375 0.096875 0.2171875
8 0.55234375 0.70390625 0.11875 0.08125
0 0.33125 0.6515625 0.284375 0.4953125
8 0.64296875 0.5 0.121875 0.0734375
5 0.6921875 0.84453125 0.0796875 0.1390625
8 0.440625 0.628125 0.05625 0.1296875
1 0.48984375 0.52578125 0.146875 0.275
4 0.55 0.434375 0.059375 0.1375
10 0.6265625 0.67265625 0.071875 0.1125
8 0.48125 0.8953125 0.05 0.10625