4 0.8703125 0.36171875 0.1453125 0.10625
5 0.134375 0.62734375 0.115625 0.2
9 0.8515625 0.565625 0.2375 0.3
4 0.3703125 0.77578125 0.053125 0.140625
8 0.53125 0.2921875 0.165625 0.1015625
8 0.7546875 0.8578125 0.046875 0.0953125
5 0.73046875 0.746875 0.1140625 0.2171875
8 0.50234375 0.43515625 0.1515625 0.0953125
5 0.2875 0.6296875 0.0703125 0.1375
8 0.64921875 0.83671875 0.0484375 0.1
4 0.68828125 0.4015625 0.0875 0.2296875
8 0.1375 0.32578125 0.071875 0.15
8 0.48671875 0.86015625 0.1109375 0.0703125
5 0.8171875 0.7640625 0.0984375 0.171875
8 0.51015625 0.7578125 0.0765625 0.065625
9 0.18203125 0.753125 0.10625 0.1625
5 0.40859375 0.6703125 0.0609375 0.1953125
9 0.57421875 0.6625 0.1125 0.1859375
8 0.34453125 0.36015625 0.075 0.1875
8 0.24609375 0.3234375 0.0890625 0.215625
4 0.2671875 0.76015625 0.059375 0.1453125