9 0.68515625 0.23828125 0.0703125 0.1109375
9 0.58359375 0.22578125 0.1015625 0.153125
5 0.50703125 0.14765625 0.0671875 0.1203125
5 0.5046875 0.2234375 0.065625 0.13125
10 0.4625 0.3171875 0.0578125 0.1
10 0.44609375 0.4109375 0.0703125 0.1171875
5 0.53046875 0.39765625 0.053125 0.121875
5 0.62890625 0.40390625 0.0578125 0.140625
4 0.4578125 0.5109375 0.0875 0.084375
4 0.384375 0.54765625 0.05 0.11875
4 0.3953125 0.66875 0.1078125 0.075
8 0.69609375 0.35859375 0.040625 0.0921875
8 0.64375 0.33671875 0.034375 0.0828125
8 0.5953125 0.3484375 0.0359375 0.1015625
8 0.5453125 0.3328125 0.03125 0.065625
8 0.64453125 0.53359375 0.090625 0.065625
8 0.55546875 0.528125 0.0984375 0.0625
8 0.6671875 0.65859375 0.075 0.134375
8 0.6046875 0.665625 0.0671875 0.128125
8 0.55859375 0.659375 0.0546875 0.1296875
8 0.5 0.65234375 0.0484375 0.125