9 0.8078125 0.5984375 0.1453125 0.2359375
5 0.4515625 0.41796875 0.02734375 0.1171875
5 0.8375 0.40078125 0.06328125 0.12265625
4 0.640625 0.71640625 0.0296875 0.2109375
5 0.753125 0.396875 0.08125 0.1234375
8 0.55859375 0.25390625 0.121875 0.05546875
5 0.33671875 0.42421875 0.05 0.08203125
4 0.3171875 0.17734375 0.0328125 0.20703125
4 0.765625 0.81484375 0.09296875 0.05703125
5 0.20078125 0.4234375 0.08671875 0.109375
8 0.3734375 0.72578125 0.02734375 0.2125
8 0.5515625 0.06484375 0.12421875 0.0625
8 0.215625 0.7296875 0.0296875 0.21328125
8 0.71171875 0.16484375 0.0265625 0.19921875
8 0.29453125 0.728125 0.02578125 0.20859375
4 0.42265625 0.17421875 0.03125 0.2078125
8 0.50703125 0.8234375 0.11484375 0.04921875
9 0.2328125 0.18515625 0.07421875 0.12578125
8 0.50625 0.678125 0.1171875 0.04609375
8 0.82265625 0.16328125 0.028125 0.19375
9 0.596875 0.440625 0.0984375 0.13203125