8 0.60546875 0.5375 0.0625 0.125
8 0.44765625 0.66015625 0.1046875 0.06875
8 0.4984375 0.47109375 0.128125 0.0765625
8 0.5828125 0.2140625 0.0921875 0.1578125
9 0.4828125 0.3328125 0.1578125 0.20625
9 0.5859375 0.4234375 0.0921875 0.1265625
5 0.403125 0.5546875 0.1125 0.16875
5 0.36796875 0.42421875 0.103125 0.1265625
5 0.49609375 0.81875 0.0875 0.1578125
5 0.57421875 0.803125 0.0625 0.140625
4 0.52109375 0.6828125 0.0609375 0.13125
10 0.46875 0.58671875 0.09375 0.1359375
0 0.7296875 0.7703125 0.1796875 0.3703125
1 0.56171875 0.6359375 0.1078125 0.1875