9 0.34765625 0.69375 0.1015625 0.14375
9 0.38828125 0.8015625 0.05625 0.0828125
4 0.64609375 0.5 0.034375 0.0734375
8 0.63984375 0.6515625 0.0421875 0.0375
5 0.37421875 0.61328125 0.0515625 0.159375
8 0.44765625 0.70234375 0.0484375 0.040625
8 0.4359375 0.6390625 0.0453125 0.0421875
8 0.453125 0.73984375 0.046875 0.0421875
8 0.6421875 0.7015625 0.0421875 0.0359375
4 0.5515625 0.54375 0.0375 0.0796875
4 0.5734375 0.46796875 0.0828125 0.0609375
5 0.53125 0.74921875 0.04375 0.078125
8 0.5765625 0.7328125 0.025 0.0546875
8 0.640625 0.74609375 0.046875 0.0390625
8 0.63359375 0.5953125 0.0703125 0.046875
8 0.46875 0.79296875 0.0421875 0.0359375
8 0.565625 0.653125 0.0265625 0.0625
5 0.51875 0.64921875 0.0578125 0.0921875
10 0.4765625 0.53828125 0.0765625 0.090625
10 0.40625 0.5578125 0.065625 0.1015625
5 0.28203125 0.60390625 0.1046875 0.0640625