4 0.48671875 0.8203125 0.0984375 0.065625
8 0.38984375 0.73671875 0.03125 0.1515625
4 0.48359375 0.67421875 0.09375 0.06875
8 0.5703125 0.4578125 0.0328125 0.1734375
5 0.73359375 0.5015625 0.0890625 0.0578125
8 0.38359375 0.14765625 0.0953125 0.053125
1 0.49140625 0.25546875 0.225 0.1453125
9 0.28359375 0.74375 0.090625 0.1703125
8 0.55234375 0.73125 0.03125 0.1625
4 0.6203125 0.66328125 0.0984375 0.0578125
4 0.809375 0.26640625 0.0390625 0.215625
5 0.26328125 0.453125 0.075 0.2140625
2 0.6875 0.19921875 0.0640625 0.1859375
4 0.621875 0.81796875 0.0859375 0.065625
10 0.296875 0.240625 0.0734375 0.165625
8 0.74765625 0.721875 0.0359375 0.1578125
8 0.71484375 0.3734375 0.0953125 0.053125
8 0.48828125 0.465625 0.03125 0.1484375
9 0.80390625 0.56328125 0.1015625 0.1375