8 0.3953125 0.33984375 0.021875 0.059375
8 0.65546875 0.51953125 0.021875 0.0609375
1 0.62734375 0.41796875 0.0578125 0.1625
8 0.58203125 0.359375 0.01875 0.0484375
8 0.67734375 0.35 0.0203125 0.05
8 0.43046875 0.31484375 0.0359375 0.0375
8 0.38984375 0.51796875 0.0375 0.0390625
9 0.36953125 0.56953125 0.05 0.09375
8 0.4828125 0.6015625 0.021875 0.0625
9 0.56328125 0.571875 0.0875 0.1359375
8 0.415625 0.4484375 0.0203125 0.0578125
8 0.421875 0.36875 0.0328125 0.0328125
4 0.4515625 0.40390625 0.0265625 0.06875
4 0.48359375 0.32578125 0.046875 0.040625
10 0.47578125 0.515625 0.06875 0.0703125
10 0.5109375 0.4375 0.034375 0.065625
2 0.55078125 0.40859375 0.040625 0.0921875
8 0.5109375 0.3953125 0.0203125 0.040625
5 0.53046875 0.28828125 0.04375 0.10625
5 0.48125 0.39453125 0.04375 0.0921875
5 0.434375 0.6015625 0.0546875 0.1078125