5 0.50234375 0.2859375 0.0453125 0.1015625
5 0.4625 0.3875 0.040625 0.1109375
5 0.453125 0.53359375 0.0546875 0.115625
8 0.659375 0.31796875 0.028125 0.0734375
8 0.6703125 0.4875 0.0359375 0.0921875
8 0.5640625 0.34453125 0.025 0.06875
8 0.403125 0.3234375 0.05625 0.04375
8 0.36640625 0.35625 0.0265625 0.08125
8 0.40234375 0.37734375 0.0578125 0.0375
8 0.40859375 0.4609375 0.034375 0.096875
8 0.3921875 0.5296875 0.0734375 0.0421875
8 0.50625 0.6046875 0.0328125 0.1046875
2 0.53828125 0.38515625 0.0484375 0.10625
8 0.4953125 0.3859375 0.025 0.0546875
10 0.5109375 0.44609375 0.05 0.10625
10 0.4390625 0.453125 0.0296875 0.0703125
4 0.45546875 0.31796875 0.059375 0.040625
4 0.4359375 0.390625 0.0296875 0.065625
1 0.61796875 0.3890625 0.0734375 0.1765625
9 0.584375 0.5546875 0.0984375 0.15
9 0.38359375 0.59140625 0.0734375 0.096875