10 0.33125 0.390625 0.06328125 0.08046875
10 0.54375 0.328125 0.04296875 0.1015625
9 0.4078125 0.48984375 0.0984375 0.14609375
9 0.421875 0.28203125 0.05078125 0.0890625
0 0.70625 0.32421875 0.20078125 0.1875
8 0.425 0.409375 0.07109375 0.04453125
8 0.4796875 0.371875 0.01796875 0.08359375
8 0.54609375 0.428125 0.03125 0.09453125
8 0.6171875 0.465625 0.0328125 0.109375
8 0.65234375 0.5421875 0.0671875 0.0625
2 0.48671875 0.26953125 0.040625 0.06953125
5 0.49375 0.584375 0.04609375 0.1265625
5 0.49375 0.4625 0.04453125 0.15
5 0.59375 0.2640625 0.040625 0.075
4 0.7140625 0.5015625 0.04140625 0.13046875
4 0.5734375 0.496875 0.06171875 0.046875
4 0.5765625 0.5484375 0.06953125 0.04140625
4 0.4015625 0.359375 0.0296875 0.06953125