9 0.3546875 0.44296875 0.0828125 0.1203125
5 0.3765625 0.2890625 0.06875 0.0765625
8 0.56484375 0.30859375 0.0296875 0.0921875
10 0.50234375 0.3625 0.0671875 0.0703125
8 0.29375 0.575 0.05 0.034375
8 0.478125 0.56015625 0.06875 0.040625
1 0.54140625 0.4828125 0.1234375 0.0984375
4 0.59296875 0.4046875 0.0828125 0.0484375
8 0.44140625 0.4375 0.040625 0.13125
5 0.68203125 0.3453125 0.071875 0.078125
0 0.62890625 0.66484375 0.1734375 0.14375
5 0.49296875 0.30546875 0.0734375 0.084375
9 0.40078125 0.5421875 0.0515625 0.06875
5 0.62734375 0.5078125 0.05 0.1015625