9 0.3375 0.68125 0.1078125 0.1640625
1 0.45625 0.7953125 0.140625 0.1265625
8 0.46875 0.37734375 0.0546875 0.0421875
8 0.32109375 0.5375 0.05 0.0421875
8 0.3640625 0.84375 0.0421875 0.0421875
4 0.515625 0.4515625 0.059375 0.059375
4 0.5890625 0.51640625 0.034375 0.078125
5 0.3484375 0.48359375 0.059375 0.1046875
8 0.52265625 0.71796875 0.0453125 0.0390625
5 0.56875 0.6421875 0.053125 0.109375
8 0.509375 0.89609375 0.0421875 0.0390625
8 0.41171875 0.33671875 0.0359375 0.1296875
8 0.61328125 0.4 0.03125 0.084375
5 0.48359375 0.54765625 0.040625 0.0765625
9 0.3546875 0.315625 0.0640625 0.103125
8 0.55859375 0.375 0.0359375 0.1015625
10 0.42109375 0.59296875 0.04375 0.109375
8 0.60078125 0.3109375 0.05 0.04375
10 0.40703125 0.48203125 0.04375 0.0765625
2 0.46796875 0.66796875 0.06875 0.10625
8 0.5 0.57421875 0.0734375 0.0515625