8 0.57265625 0.25078125 0.025 0.0765625
5 0.5421875 0.37734375 0.03125 0.1109375
8 0.3171875 0.575 0.034375 0.1046875
4 0.4140625 0.278125 0.0328125 0.1046875
8 0.49609375 0.28125 0.0421875 0.0421875
4 0.659375 0.53515625 0.040625 0.1296875
8 0.61875 0.24296875 0.0265625 0.0796875
8 0.49140625 0.503125 0.0484375 0.0421875
8 0.48203125 0.215625 0.0421875 0.04375
5 0.35546875 0.41015625 0.0578125 0.1046875
4 0.58515625 0.546875 0.0375 0.1296875
8 0.3890625 0.565625 0.03125 0.1
8 0.66796875 0.2375 0.0265625 0.078125
9 0.7109375 0.5109375 0.0625 0.1140625
5 0.70234375 0.3625 0.0625 0.1046875
5 0.61875 0.38828125 0.0375 0.071875
9 0.4546875 0.39609375 0.0609375 0.0890625
9 0.32109375 0.3328125 0.1 0.1578125
8 0.50234375 0.61640625 0.0890625 0.05
5 0.30390625 0.4125 0.040625 0.1125
4 0.33984375 0.2359375 0.053125 0.0375