8 0.403125 0.56484375 0.02734375 0.18125
8 0.49453125 0.5671875 0.02734375 0.17265625
9 0.6 0.08984375 0.0859375 0.1453125
9 0.63125 0.46171875 0.06171875 0.13125
9 0.603125 0.76484375 0.075 0.16640625
10 0.6671875 0.26328125 0.08203125 0.09140625
8 0.4578125 0.1109375 0.08046875 0.0359375
4 0.4546875 0.2734375 0.08984375 0.0515625
4 0.45234375 0.37421875 0.096875 0.0984375
10 0.57578125 0.31953125 0.05703125 0.08046875
8 0.4578125 0.18671875 0.0796875 0.0484375
8 0.459375 0.0546875 0.07890625 0.040625