4 0.66328125 0.3203125 0.1578125 0.09375
9 0.38671875 0.58515625 0.096875 0.1578125
5 0.44296875 0.2171875 0.10625 0.140625
5 0.1671875 0.24921875 0.146875 0.1578125
9 0.25234375 0.50859375 0.16875 0.2484375
8 0.515625 0.5578125 0.1140625 0.0734375
0 0.8 0.65703125 0.2890625 0.253125
5 0.7546875 0.46015625 0.0828125 0.11875
10 0.47734375 0.303125 0.1234375 0.125
8 0.39765625 0.43671875 0.05 0.1796875
1 0.59921875 0.46171875 0.2203125 0.1859375
8 0.5671875 0.1859375 0.06875 0.228125
5 0.83203125 0.15390625 0.178125 0.1703125
8 0.2421875 0.65078125 0.0859375 0.071875