9 0.71328125 0.72890625 0.1921875 0.246875
9 0.18203125 0.434375 0.2515625 0.3203125
8 0.390625 0.8421875 0.1046875 0.0859375
9 0.69921875 0.3375 0.140625 0.2109375
4 0.73046875 0.48828125 0.075 0.1359375
4 0.48671875 0.82265625 0.09375 0.06875
4 0.47890625 0.76484375 0.10625 0.0796875
8 0.3984375 0.7359375 0.059375 0.11875
8 0.496875 0.68984375 0.040625 0.084375
8 0.5890625 0.53203125 0.0734375 0.15625
8 0.44453125 0.36484375 0.071875 0.1828125
2 0.55234375 0.325 0.146875 0.178125
5 0.34765625 0.39609375 0.1125 0.246875
5 0.56953125 0.65546875 0.0890625 0.15625
5 0.60390625 0.8140625 0.10625 0.2046875
10 0.48828125 0.571875 0.103125 0.190625
10 0.8515625 0.54140625 0.1421875 0.1578125
0 0.215625 0.73359375 0.4 0.371875
8 0.68515625 0.584375 0.121875 0.0859375