8 0.73125 0.171875 0.0765625 0.1578125
8 0.7875 0.48984375 0.06875 0.1609375
8 0.578125 0.22578125 0.05625 0.1328125
8 0.30625 0.21875 0.0984375 0.084375
8 0.246875 0.28046875 0.0578125 0.14375
8 0.31015625 0.31796875 0.1 0.0828125
8 0.3375 0.47578125 0.0765625 0.171875
8 0.325 0.61171875 0.1578125 0.0875
8 0.53515625 0.74140625 0.0859375 0.2125
9 0.65390625 0.63125 0.196875 0.3078125
9 0.6828125 0.315625 0.1515625 0.34375
2 0.5421875 0.3265625 0.0953125 0.1984375
5 0.4609375 0.11875 0.096875 0.2140625
5 0.44609375 0.75859375 0.1171875 0.215625
5 0.421875 0.33359375 0.0890625 0.18125
8 0.46796875 0.32109375 0.04375 0.0921875
10 0.50625 0.4375 0.1015625 0.1875
10 0.46328125 0.565625 0.13125 0.1390625
9 0.315625 0.7484375 0.1578125 0.2046875
4 0.390625 0.20546875 0.1046875 0.090625
4 0.37421875 0.35859375 0.0625 0.165625