9 0.6453125 0.7546875 0.12109375 0.20859375
8 0.4109375 0.6046875 0.0546875 0.0421875
8 0.63125 0.46328125 0.05390625 0.04296875
0 0.5015625 0.46015625 0.1203125 0.32734375
9 0.40234375 0.20390625 0.096875 0.15859375
8 0.32890625 0.653125 0.028125 0.11171875
9 0.62421875 0.203125 0.0546875 0.10703125
4 0.38125 0.50859375 0.02578125 0.109375
8 0.49375 0.221875 0.0203125 0.08125
4 0.3375 0.5109375 0.03046875 0.1125
4 0.5453125 0.184375 0.04375 0.0453125
5 0.678125 0.56875 0.0390625 0.10703125
5 0.421875 0.321875 0.0296875 0.1296875
4 0.36015625 0.7984375 0.075 0.05234375
10 0.50625 0.07890625 0.03984375 0.0859375
5 0.384375 0.315625 0.03203125 0.1359375
8 0.440625 0.46328125 0.0140625 0.0375
2 0.66484375 0.34609375 0.0421875 0.13046875
5 0.3359375 0.32421875 0.0390625 0.16484375