9 0.4890625 0.70859375 0.184375 0.26875
8 0.69609375 0.16171875 0.0390625 0.103125
8 0.69921875 0.51796875 0.0578125 0.146875
8 0.5484375 0.49296875 0.05 0.165625
4 0.41484375 0.071875 0.0984375 0.0859375
8 0.5765625 0.1359375 0.0390625 0.10625
10 0.3625 0.34921875 0.0671875 0.1265625
8 0.65234375 0.2640625 0.1046875 0.0671875
8 0.46953125 0.484375 0.05 0.1640625
4 0.42109375 0.2234375 0.096875 0.0796875
8 0.54609375 0.2421875 0.1015625 0.065625
8 0.5125 0.12109375 0.034375 0.1078125
5 0.3703125 0.4796875 0.0921875 0.1609375
4 0.3484375 0.15859375 0.046875 0.125
8 0.6203125 0.50703125 0.0625 0.175
8 0.6359375 0.14140625 0.0328125 0.0875
9 0.675 0.7125 0.1125 0.19375
5 0.6515625 0.340625 0.11875 0.1234375
5 0.55078125 0.31875 0.084375 0.109375
5 0.30859375 0.79140625 0.1109375 0.2515625