8 0.72890625 0.31796875 0.0453125 0.0984375
8 0.69296875 0.525 0.040625 0.109375
8 0.6234375 0.32265625 0.040625 0.090625
8 0.5375 0.3734375 0.0359375 0.0859375
8 0.496875 0.63046875 0.0484375 0.1421875
8 0.39921875 0.51484375 0.0828125 0.046875
8 0.42890625 0.43671875 0.040625 0.0984375
8 0.44296875 0.33203125 0.0609375 0.0484375
8 0.409375 0.29375 0.0375 0.0984375
8 0.45625 0.26484375 0.0625 0.05
5 0.5671875 0.25234375 0.0578125 0.1140625
5 0.50078125 0.37109375 0.05 0.109375
5 0.45625 0.5515625 0.0625 0.1078125
10 0.5375 0.453125 0.05625 0.1015625
10 0.4640625 0.45859375 0.0515625 0.09375
4 0.51328125 0.27109375 0.059375 0.0453125
2 0.57734375 0.37890625 0.0625 0.1140625
1 0.665625 0.396875 0.096875 0.221875
9 0.5890625 0.58125 0.121875 0.1625
9 0.378125 0.5875 0.084375 0.1171875
4 0.47265625 0.36875 0.0328125 0.0921875