9 0.56953125 0.46015625 0.115625 0.1625
1 0.44609375 0.57734375 0.1625 0.1421875
8 0.55234375 0.62890625 0.0484375 0.0421875
8 0.38671875 0.69296875 0.05625 0.0484375
8 0.57578125 0.346875 0.046875 0.0453125
8 0.38203125 0.49921875 0.0453125 0.04375
8 0.33984375 0.21640625 0.05 0.0421875
8 0.43984375 0.25078125 0.04375 0.04375
9 0.528125 0.20078125 0.05625 0.096875
4 0.39765625 0.296875 0.040625 0.04375
8 0.4109375 0.37890625 0.059375 0.0578125
5 0.3109375 0.38125 0.0828125 0.1140625
8 0.3671875 0.25078125 0.0265625 0.05625
4 0.3328125 0.34296875 0.0359375 0.071875
8 0.48671875 0.22578125 0.028125 0.065625
10 0.50625 0.34375 0.0453125 0.078125
5 0.56796875 0.2625 0.0765625 0.090625
10 0.4609375 0.33515625 0.0484375 0.090625
5 0.39765625 0.334375 0.0828125 0.0640625
8 0.32109375 0.26640625 0.034375 0.0765625
2 0.421875 0.44296875 0.0890625 0.096875