5 0.42109375 0.53125 0.0515625 0.15078125
9 0.3 0.20234375 0.06796875 0.11953125
9 0.58125 0.24140625 0.11015625 0.1984375
1 0.68515625 0.51484375 0.09296875 0.32578125
8 0.78984375 0.6765625 0.03359375 0.11796875
8 0.2859375 0.7125 0.0734375 0.05078125
8 0.30078125 0.58046875 0.06640625 0.05859375
5 0.47890625 0.725 0.06875 0.140625
8 0.72578125 0.33515625 0.0296875 0.0921875
8 0.228125 0.65 0.02890625 0.10546875
4 0.365625 0.525 0.03203125 0.1265625
4 0.3953125 0.7046875 0.103125 0.07734375
8 0.321875 0.42421875 0.0296875 0.13359375
8 0.596875 0.65 0.0296875 0.14296875
8 0.30703125 0.3 0.05859375 0.05234375
8 0.46796875 0.51796875 0.025 0.1171875
8 0.46796875 0.19375 0.021875 0.09375
5 0.4015625 0.1640625 0.05703125 0.184375
10 0.478125 0.340625 0.05078125 0.09453125
2 0.5453125 0.52890625 0.059375 0.153125
10 0.4296875 0.32421875 0.09296875 0.103125