8 0.56875 0.50078125 0.01875 0.0671875
8 0.31796875 0.503125 0.01796875 0.06640625
8 0.38046875 0.35703125 0.01640625 0.06171875
8 0.6984375 0.53203125 0.02109375 0.06953125
4 0.4109375 0.43515625 0.02109375 0.08515625
5 0.56171875 0.25703125 0.07421875 0.1359375
8 0.48125 0.43203125 0.0171875 0.075
4 0.42890625 0.54453125 0.05390625 0.0515625
1 0.63046875 0.43125 0.05546875 0.203125
8 0.659375 0.32109375 0.01953125 0.06015625
8 0.48203125 0.2296875 0.01640625 0.0703125
8 0.359375 0.54296875 0.04609375 0.0390625
5 0.446875 0.4421875 0.025 0.0953125
8 0.3640625 0.4609375 0.0359375 0.03671875
10 0.48984375 0.31171875 0.0328125 0.0703125
9 0.36484375 0.2296875 0.0453125 0.09453125
5 0.434375 0.19140625 0.03515625 0.11015625
8 0.36953125 0.28984375 0.0390625 0.034375
5 0.49375 0.54609375 0.0640625 0.08046875
10 0.45703125 0.3078125 0.0609375 0.06171875
2 0.53359375 0.4390625 0.0390625 0.090625