8 0.68359375 0.5234375 0.0765625 0.0609375
9 0.76171875 0.73125 0.121875 0.21875
9 0.22421875 0.79375 0.2296875 0.3140625
9 0.67265625 0.4 0.1546875 0.2078125
10 0.48359375 0.58359375 0.084375 0.19375
8 0.4984375 0.7859375 0.0515625 0.1625
10 0.80546875 0.4984375 0.0765625 0.209375
4 0.7515625 0.5921875 0.0484375 0.1046875
5 0.540625 0.39609375 0.0828125 0.196875
4 0.25546875 0.43828125 0.0453125 0.103125
8 0.596875 0.590625 0.0421875 0.1203125
5 0.38671875 0.78515625 0.1125 0.2046875
2 0.61875 0.79296875 0.121875 0.15625
4 0.43671875 0.41953125 0.0515625 0.06875
4 0.4328125 0.38046875 0.0484375 0.053125
0 0.31640625 0.33671875 0.25 0.653125