9 0.60078125 0.10625 0.1078125 0.1703125
5 0.51484375 0.1171875 0.05234375 0.15234375
8 0.403125 0.1109375 0.04921875 0.03984375
8 0.70234375 0.55859375 0.125 0.0671875
8 0.32890625 0.35859375 0.03203125 0.12578125
8 0.71796875 0.68046875 0.1390625 0.0671875
9 0.528125 0.2875 0.05859375 0.12421875
8 0.3953125 0.196875 0.053125 0.04296875
4 0.353125 0.6390625 0.13203125 0.0796875
5 0.51640625 0.41875 0.05859375 0.13828125
5 0.51171875 0.79765625 0.07265625 0.18125
4 0.36640625 0.49453125 0.13125 0.0703125
9 0.346875 0.7625 0.1015625 0.1828125
8 0.7328125 0.825 0.15859375 0.078125
5 0.5140625 0.5953125 0.03984375 0.11484375
8 0.73671875 0.384375 0.03046875 0.1
8 0.65859375 0.40078125 0.02890625 0.1140625
8 0.690625 0.40625 0.10078125 0.1390625
4 0.70234375 0.1546875 0.034375 0.10390625
4 0.67109375 0.25078125 0.10703125 0.07421875
8 0.42734375 0.3421875 0.02890625 0.09765625
8 0.3828125 0.35703125 0.13203125 0.13203125
5 0.51328125 0.06640625 0.0546875 0.1328125