8 0.403125 0.8921875 0.1078125 0.071875
8 0.41171875 0.78828125 0.1015625 0.06875
8 0.4203125 0.69140625 0.1 0.0546875
8 0.45390625 0.52109375 0.0390625 0.1734375
8 0.39609375 0.515625 0.034375 0.1625
8 0.63671875 0.46484375 0.04375 0.1890625
8 0.71796875 0.471875 0.0484375 0.1859375
8 0.69296875 0.2625 0.1046875 0.0546875
8 0.709375 0.115625 0.1015625 0.0484375
9 0.5140625 0.1328125 0.1203125 0.1953125
9 0.62890625 0.8921875 0.078125 0.121875
9 0.56015625 0.4078125 0.0671875 0.1359375
5 0.525 0.91953125 0.0609375 0.140625
5 0.54140625 0.74453125 0.0421875 0.09375
5 0.54921875 0.6015625 0.0671875 0.0671875
5 0.60390625 0.0984375 0.0640625 0.0640625
5 0.59296875 0.209375 0.0640625 0.1078125
4 0.42421875 0.18125 0.04375 0.1515625
4 0.44921875 0.346875 0.096875 0.04375
4 0.66015625 0.64140625 0.1109375 0.059375
4 0.64375 0.7859375 0.103125 0.0515625