9 0.55390625 0.1796875 0.184375 0.275
5 0.55234375 0.746875 0.14375 0.2109375
8 0.2875 0.66640625 0.09375 0.0875
9 0.19609375 0.1953125 0.103125 0.1625
4 0.359375 0.5796875 0.06875 0.165625
8 0.4078125 0.159375 0.053125 0.1328125
8 0.23046875 0.3109375 0.0828125 0.078125
8 0.68203125 0.6765625 0.078125 0.196875
8 0.7578125 0.27265625 0.0671875 0.146875
8 0.48828125 0.55859375 0.071875 0.1890625
8 0.3125 0.8453125 0.125 0.0953125
8 0.28046875 0.4625 0.0671875 0.171875
1 0.76171875 0.49140625 0.203125 0.434375
8 0.934375 0.6640625 0.071875 0.153125
4 0.44140625 0.8046875 0.1296875 0.109375
10 0.45859375 0.31796875 0.0953125 0.1765625
10 0.3109375 0.27109375 0.0875 0.2109375
8 0.21328125 0.77265625 0.0671875 0.15
5 0.40078125 0.45078125 0.1109375 0.1734375
2 0.55859375 0.43984375 0.1109375 0.1484375
5 0.3171875 0.13828125 0.11875 0.2171875