8 0.6640625 0.20625 0.1109375 0.0890625
0 0.81796875 0.55703125 0.3640625 0.3515625
9 0.2734375 0.3953125 0.2234375 0.2953125
8 0.45 0.559375 0.04375 0.0921875
8 0.53125 0.43828125 0.0546875 0.125
9 0.390625 0.70859375 0.0953125 0.1359375
4 0.32890625 0.61015625 0.0546875 0.1
10 0.56875 0.6375 0.078125 0.146875
2 0.49453125 0.70078125 0.06875 0.09375
4 0.55234375 0.31875 0.1140625 0.0921875
10 0.20234375 0.59453125 0.1234375 0.128125
4 0.7765625 0.234375 0.0921875 0.15625
8 0.34609375 0.53046875 0.084375 0.071875
8 0.6359375 0.3546875 0.0609375 0.11875
5 0.65 0.6515625 0.0546875 0.08125
4 0.54140625 0.2328125 0.128125 0.1
9 0.75234375 0.640625 0.146875 0.178125
5 0.38203125 0.17734375 0.134375 0.2203125
5 0.4328125 0.409375 0.1328125 0.2296875