9 0.1875 0.5578125 0.07734375 0.1140625
9 0.40390625 0.64609375 0.06875 0.11015625
8 0.86640625 0.29921875 0.0296875 0.19921875
4 0.49921875 0.303125 0.0265625 0.1875
9 0.8125 0.63828125 0.1203125 0.2078125
8 0.3453125 0.38515625 0.1296875 0.04765625
8 0.34765625 0.21875 0.1328125 0.04765625
8 0.69375 0.29375 0.0390625 0.20703125
8 0.7890625 0.29140625 0.0359375 0.19453125
10 0.54375 0.54765625 0.08203125 0.15390625
10 0.59609375 0.75546875 0.090625 0.1890625
4 0.596875 0.2953125 0.03359375 0.2015625