9 0.45 0.30078125 0.1546875 0.2125
4 0.609375 0.2953125 0.0796875 0.059375
0 0.425 0.84921875 0.1734375 0.3
5 0.34296875 0.49609375 0.0671875 0.128125
5 0.6109375 0.76015625 0.0734375 0.1515625
10 0.60234375 0.2140625 0.1015625 0.1125
4 0.32578125 0.61953125 0.05 0.103125
5 0.3875 0.509375 0.059375 0.125
8 0.378125 0.71171875 0.05625 0.0515625
8 0.5421875 0.47421875 0.0640625 0.053125
10 0.5234375 0.625 0.065625 0.1203125
8 0.44921875 0.59453125 0.0640625 0.0546875
8 0.6046875 0.63125 0.08125 0.0578125
9 0.690625 0.3609375 0.0859375 0.125
8 0.540625 0.34921875 0.0515625 0.115625
2 0.67890625 0.521875 0.0703125 0.1296875
9 0.5359375 0.89140625 0.1375 0.1890625
4 0.30390625 0.85703125 0.0625 0.0671875
4 0.36640625 0.628125 0.0515625 0.1109375
8 0.29765625 0.73828125 0.046875 0.10625
5 0.43046875 0.5109375 0.0640625 0.1375