8 0.54921875 0.2515625 0.0546875 0.04609375
9 0.57734375 0.34765625 0.05625 0.10625
9 0.74140625 0.44609375 0.1125 0.17890625
8 0.40390625 0.5265625 0.021875 0.115625
8 0.65390625 0.1984375 0.0203125 0.07421875
9 0.32109375 0.21640625 0.05390625 0.115625
4 0.37890625 0.2171875 0.02265625 0.109375
8 0.7296875 0.1953125 0.021875 0.0734375
8 0.54609375 0.159375 0.04921875 0.0421875
8 0.275 0.534375 0.025 0.0921875
8 0.50703125 0.496875 0.0484375 0.05234375
5 0.28515625 0.32265625 0.05390625 0.12265625
8 0.68671875 0.20078125 0.09140625 0.0890625
5 0.4703125 0.32265625 0.01875 0.1234375
4 0.7203125 0.58828125 0.0796875 0.05390625
8 0.51640625 0.596875 0.05703125 0.04609375
4 0.45234375 0.215625 0.021875 0.1109375
5 0.75078125 0.303125 0.04140625 0.12109375
5 0.3859375 0.33515625 0.03203125 0.08671875
4 0.6171875 0.5375 0.028125 0.15234375
5 0.690625 0.30390625 0.0546875 0.12890625
8 0.33984375 0.5421875 0.02578125 0.140625