9 0.44921875 0.3125 0.096875 0.1359375
5 0.63203125 0.38515625 0.0515625 0.1046875
1 0.57734375 0.2734375 0.125 0.1046875
8 0.51484375 0.225 0.0375 0.0359375
8 0.64375 0.228125 0.0375 0.0359375
4 0.615625 0.49453125 0.0359375 0.071875
5 0.41015625 0.4234375 0.059375 0.109375
8 0.55078125 0.57890625 0.03125 0.075
10 0.4578125 0.4484375 0.0515625 0.0984375
8 0.47421875 0.55390625 0.053125 0.0453125
8 0.60859375 0.34453125 0.0390625 0.0421875
5 0.53359375 0.4375 0.046875 0.109375
2 0.5640625 0.32890625 0.0421875 0.0546875
8 0.6046875 0.5828125 0.0328125 0.0734375
8 0.415625 0.56640625 0.03125 0.0765625
9 0.3625 0.56796875 0.0703125 0.1140625
10 0.4953125 0.39140625 0.05 0.125
8 0.54921875 0.42265625 0.0625 0.075
8 0.56953125 0.63984375 0.05 0.05