9 0.575 0.584375 0.06875 0.08125
8 0.6640625 0.64765625 0.0546875 0.0390625
8 0.509375 0.315625 0.04375 0.11875
9 0.6578125 0.50546875 0.090625 0.125
8 0.5015625 0.56640625 0.075 0.046875
1 0.4703125 0.46953125 0.1265625 0.1046875
4 0.45 0.3796875 0.0796875 0.05
0 0.321875 0.60625 0.18125 0.1546875
10 0.5484375 0.3734375 0.071875 0.075
5 0.6953125 0.35546875 0.0703125 0.0734375
8 0.578125 0.4734375 0.05 0.1359375
5 0.3796875 0.4609375 0.059375 0.10625
5 0.39296875 0.28828125 0.0796875 0.0859375
5 0.58046875 0.3234375 0.084375 0.0859375