9 0.40234375 0.784375 0.1 0.14375
10 0.5328125 0.67578125 0.05625 0.1203125
4 0.540625 0.490625 0.075 0.0609375
10 0.54609375 0.5984375 0.059375 0.1109375
9 0.30234375 0.76328125 0.0609375 0.1
8 0.44375 0.68203125 0.021875 0.0453125
4 0.60234375 0.3375 0.09375 0.06875
5 0.4578125 0.60703125 0.040625 0.11875
8 0.32421875 0.32890625 0.0421875 0.096875
8 0.296875 0.64296875 0.0390625 0.0890625
8 0.5015625 0.34140625 0.046875 0.1328125
5 0.48671875 0.78203125 0.0578125 0.1140625
8 0.440625 0.33515625 0.0453125 0.1203125
8 0.353125 0.46640625 0.0890625 0.059375
8 0.39765625 0.65703125 0.0375 0.090625
8 0.384375 0.3203125 0.046875 0.1234375
8 0.440625 0.478125 0.090625 0.0578125
4 0.6140625 0.46015625 0.040625 0.090625
8 0.34765625 0.6796875 0.021875 0.034375
5 0.36328125 0.5921875 0.05625 0.159375
5 0.48359375 0.86328125 0.0578125 0.121875