9 0.690625 0.1984375 0.078125 0.1171875
9 0.56484375 0.17890625 0.11875 0.1796875
5 0.46640625 0.075 0.0578125 0.11875
5 0.45703125 0.1984375 0.065625 0.128125
5 0.43046875 0.27578125 0.0015625 0.003125
10 0.40859375 0.321875 0.0625 0.1203125
10 0.378125 0.4578125 0.071875 0.134375
8 0.69453125 0.375 0.0515625 0.121875
8 0.63515625 0.3375 0.0328125 0.0921875
8 0.57421875 0.35078125 0.04375 0.1265625
8 0.51328125 0.3359375 0.0421875 0.1078125
5 0.61171875 0.46875 0.065625 0.18125
5 0.48828125 0.46015625 0.05 0.15625
8 0.62578125 0.63046875 0.109375 0.08125
8 0.51484375 0.61953125 0.115625 0.08125
8 0.65625 0.828125 0.0890625 0.203125
8 0.5875 0.8078125 0.071875 0.1828125
8 0.51875 0.8046875 0.0796875 0.1984375
8 0.44609375 0.8046875 0.0671875 0.209375
4 0.3984375 0.59375 0.1 0.08125
4 0.30625 0.64765625 0.0609375 0.1625
4 0.32265625 0.8125 0.1171875 0.0796875