8 0.4078125 0.2328125 0.040625 0.0375
9 0.54453125 0.15078125 0.0953125 0.1328125
5 0.509375 0.365625 0.0546875 0.1
8 0.67421875 0.5859375 0.0546875 0.0515625
8 0.60546875 0.34765625 0.03125 0.084375
8 0.6421875 0.43828125 0.05 0.0453125
8 0.65703125 0.32890625 0.0296875 0.0765625
5 0.4828125 0.165625 0.0515625 0.1078125
4 0.60234375 0.24375 0.0828125 0.059375
4 0.41875 0.4328125 0.0875 0.0609375
5 0.53359375 0.5828125 0.0625 0.125
9 0.50625 0.27578125 0.0546875 0.09375
4 0.61875 0.1703125 0.0328125 0.071875
8 0.40234375 0.16953125 0.0390625 0.0390625
8 0.65859375 0.51171875 0.0875 0.0578125
5 0.52265625 0.478125 0.0421875 0.0859375
8 0.37890625 0.34765625 0.0359375 0.0875
8 0.44453125 0.32734375 0.0328125 0.0703125
4 0.421875 0.51875 0.0859375 0.0625
9 0.43203125 0.58203125 0.08125 0.121875