5 0.63125 0.39609375 0.040625 0.09140625
9 0.51328125 0.1875 0.07109375 0.12890625
9 0.45625 0.2953125 0.040625 0.08984375
8 0.528125 0.33359375 0.084375 0.03515625
0 0.38828125 0.74453125 0.09140625 0.3078125
8 0.43125 0.1515625 0.015625 0.06953125
1 0.51328125 0.521875 0.06875 0.22265625
8 0.628125 0.5125 0.09140625 0.03515625
8 0.4546875 0.4375 0.01953125 0.10859375
5 0.64296875 0.7671875 0.053125 0.14921875
5 0.51015625 0.6984375 0.07734375 0.08359375
4 0.5734375 0.60390625 0.0234375 0.15390625
5 0.61640625 0.1875 0.04765625 0.10546875
10 0.5921875 0.42890625 0.03203125 0.08203125