8 0.44296875 0.453125 0.0296875 0.0625
4 0.553125 0.625 0.0328125 0.0703125
4 0.61328125 0.53359375 0.03125 0.06875
8 0.5125 0.525 0.0421875 0.0421875
8 0.584375 0.57578125 0.046875 0.0421875
8 0.55703125 0.70859375 0.0515625 0.046875
4 0.5703125 0.53046875 0.0328125 0.0703125
5 0.5625 0.37265625 0.040625 0.1140625
4 0.59765625 0.62890625 0.0359375 0.0703125
8 0.6015625 0.4765625 0.0453125 0.0421875
8 0.5 0.5734375 0.0375 0.0421875
8 0.45390625 0.68359375 0.0546875 0.1046875
4 0.403125 0.740625 0.0828125 0.075
10 0.49765625 0.38515625 0.05 0.0890625
9 0.61171875 0.40703125 0.05 0.071875
1 0.46015625 0.51953125 0.0875 0.1640625
2 0.4140625 0.6125 0.0609375 0.0890625
9 0.5015625 0.753125 0.059375 0.096875
5 0.5078125 0.64921875 0.053125 0.1265625