0 0.50234375 0.16484375 0.078125 0.24765625
10 0.50859375 0.64375 0.034375 0.065625
9 0.41328125 0.5703125 0.04375 0.0875
9 0.59140625 0.5640625 0.078125 0.1359375
9 0.425 0.1921875 0.071875 0.12421875
5 0.63359375 0.409375 0.0203125 0.0984375
8 0.51953125 0.55390625 0.015625 0.078125
8 0.49765625 0.46875 0.0421875 0.0390625
8 0.53828125 0.37265625 0.046875 0.03359375
8 0.57109375 0.27890625 0.03515625 0.0328125
2 0.39375 0.4640625 0.0296875 0.0875
5 0.56875 0.42265625 0.01875 0.11796875
4 0.59453125 0.328125 0.01796875 0.065625
4 0.59765625 0.16875 0.04296875 0.040625
10 0.48203125 0.353125 0.02421875 0.06875
8 0.425 0.37734375 0.03984375 0.03515625
8 0.62421875 0.24140625 0.01484375 0.06796875
4 0.625 0.32734375 0.0171875 0.06796875
5 0.39765625 0.29296875 0.025 0.1
8 0.6234375 0.290625 0.021875 0.16015625
4 0.47734375 0.603125 0.0359375 0.034375
5 0.59609375 0.40625 0.01640625 0.0921875