9 0.7 0.51015625 0.1546875 0.2203125
5 0.26875 0.73203125 0.0734375 0.1109375
5 0.5953125 0.77578125 0.0625 0.2265625
9 0.58203125 0.409375 0.1 0.1453125
5 0.3046875 0.86328125 0.0640625 0.1484375
0 0.265625 0.478125 0.234375 0.465625
5 0.69921875 0.7390625 0.0625 0.1828125
8 0.56484375 0.54453125 0.05625 0.1875
8 0.44375 0.7546875 0.040625 0.11875
1 0.409375 0.559375 0.1671875 0.153125
4 0.36875 0.67265625 0.0546875 0.0609375
10 0.53828125 0.70234375 0.059375 0.1484375
8 0.74375 0.3015625 0.0734375 0.0640625
8 0.45390625 0.42890625 0.1140625 0.0671875