4 0.56328125 0.22265625 0.040625 0.0328125
9 0.39375 0.4671875 0.04375 0.071875
8 0.46171875 0.37578125 0.0234375 0.059375
8 0.484375 0.484375 0.0234375 0.059375
8 0.521875 0.321875 0.025 0.065625
9 0.575 0.51328125 0.0671875 0.1
5 0.50390625 0.24296875 0.0359375 0.040625
8 0.57578125 0.29375 0.0234375 0.0609375
4 0.55625 0.26328125 0.0359375 0.0328125
8 0.428125 0.33515625 0.034375 0.028125
8 0.60625 0.23203125 0.0375 0.0296875
9 0.44375 0.24140625 0.075 0.109375
10 0.35546875 0.33984375 0.05 0.0625
10 0.5015625 0.40859375 0.0328125 0.0453125
4 0.40078125 0.3765625 0.0265625 0.0625
0 0.63046875 0.39375 0.121875 0.10625
5 0.48671875 0.334375 0.0421875 0.0734375
4 0.640625 0.26953125 0.025 0.053125
2 0.43828125 0.496875 0.0546875 0.06875
5 0.51875 0.16875 0.05625 0.1046875
5 0.5171875 0.4984375 0.0484375 0.0984375