4 0.6046875 0.328125 0.0171875 0.06640625
8 0.503125 0.35 0.03515625 0.03671875
8 0.584375 0.38046875 0.040625 0.0359375
8 0.578125 0.2703125 0.03515625 0.03515625
9 0.57421875 0.19453125 0.0359375 0.0734375
4 0.6125 0.42890625 0.0203125 0.0703125
8 0.484375 0.521875 0.015625 0.07109375
4 0.56171875 0.33984375 0.01953125 0.071875
1 0.44765625 0.36171875 0.03984375 0.1734375
4 0.56875 0.44140625 0.01953125 0.06640625
8 0.41640625 0.29296875 0.01484375 0.05703125
5 0.52421875 0.48515625 0.01796875 0.11796875
4 0.459375 0.6 0.053125 0.05
9 0.54375 0.5796875 0.040625 0.10078125
8 0.58984375 0.52578125 0.04609375 0.03359375
8 0.50078125 0.40390625 0.03515625 0.03046875
2 0.42734375 0.459375 0.03515625 0.05078125
10 0.4421875 0.2265625 0.04453125 0.071875
5 0.496875 0.20625 0.06328125 0.0765625