4 0.59375 0.2515625 0.0734375 0.046875
8 0.42109375 0.5109375 0.07890625 0.0359375
8 0.42578125 0.43046875 0.075 0.0390625
8 0.66875 0.69375 0.0859375 0.03671875
8 0.65703125 0.51484375 0.07734375 0.03203125
8 0.4203125 0.5984375 0.08359375 0.04296875
8 0.6546875 0.4265625 0.0734375 0.0390625
4 0.56328125 0.34140625 0.0234375 0.103125
8 0.57265625 0.63515625 0.02109375 0.13828125
8 0.66328125 0.59765625 0.07734375 0.0390625
9 0.3140625 0.4640625 0.0953125 0.153125
5 0.284375 0.3171875 0.0921875 0.06640625
8 0.41875 0.696875 0.08671875 0.034375
9 0.309375 0.6546875 0.0546875 0.1
8 0.56796875 0.48046875 0.01640625 0.07421875
4 0.66328125 0.29453125 0.021875 0.0890625
10 0.42109375 0.2921875 0.0640625 0.09375
10 0.48515625 0.3015625 0.0625 0.07265625
8 0.41953125 0.50546875 0.0375 0.034375
5 0.36875 0.3015625 0.02578125 0.1328125
5 0.51171875 0.46796875 0.0484375 0.146875
5 0.515625 0.621875 0.04921875 0.1390625