9 0.35078125 0.3859375 0.1453125 0.2390625
8 0.6390625 0.5640625 0.0296875 0.0921875
5 0.5828125 0.32265625 0.0734375 0.1640625
8 0.6875 0.73046875 0.028125 0.084375
1 0.28203125 0.63828125 0.1015625 0.26875
8 0.37578125 0.7140625 0.0265625 0.0828125
4 0.58359375 0.646875 0.03125 0.1125
2 0.41640625 0.65859375 0.0515625 0.1390625
4 0.5375 0.7625 0.053125 0.05625
10 0.53046875 0.47109375 0.1015625 0.1046875
8 0.22421875 0.7328125 0.0359375 0.096875
10 0.4703125 0.59296875 0.0546875 0.196875
8 0.63828125 0.68984375 0.053125 0.05625
8 0.63203125 0.76640625 0.0578125 0.0515625
8 0.49375 0.3015625 0.0328125 0.1515625
8 0.20390625 0.484375 0.0328125 0.0984375
8 0.68046875 0.45234375 0.1140625 0.0671875
9 0.71015625 0.35625 0.0828125 0.15625
5 0.5375 0.66171875 0.046875 0.15
5 0.47265625 0.82734375 0.065625 0.1859375