8 0.2203125 0.21171875 0.05390625 0.1515625
8 0.21484375 0.53515625 0.04453125 0.15625
8 0.3796875 0.24140625 0.03671875 0.128125
8 0.64765625 0.1921875 0.08828125 0.07109375
8 0.715625 0.24375 0.03671875 0.13984375
8 0.659375 0.290625 0.090625 0.06875
8 0.65703125 0.45078125 0.0515625 0.16640625
8 0.690625 0.5828125 0.15 0.06484375
8 0.503125 0.74375 0.05390625 0.20703125
9 0.36875 0.65390625 0.153125 0.2875
9 0.290625 0.34609375 0.10078125 0.3328125
2 0.43125 0.33515625 0.065625 0.190625
5 0.47890625 0.1171875 0.065625 0.20625
5 0.59375 0.746875 0.0859375 0.2046875
5 0.55078125 0.3234375 0.0625 0.1734375
8 0.50390625 0.31796875 0.0296875 0.08828125
10 0.484375 0.4390625 0.075 0.17734375
10 0.546875 0.559375 0.1140625 0.1234375
9 0.72109375 0.71640625 0.1296875 0.18671875
4 0.56171875 0.1921875 0.09453125 0.07734375
4 0.60234375 0.340625 0.03828125 0.16171875