8 0.2890625 0.90703125 0.125 0.071875
8 0.271875 0.80390625 0.1328125 0.0625
8 0.2625 0.69296875 0.1375 0.0625
8 0.23984375 0.5671875 0.13125 0.0546875
8 0.38515625 0.63046875 0.05 0.19375
8 0.4 0.81640625 0.0546875 0.1609375
8 0.6015625 0.890625 0.115625 0.0828125
8 0.60390625 0.77578125 0.13125 0.078125
8 0.60390625 0.6765625 0.134375 0.0640625
8 0.59296875 0.55703125 0.1328125 0.06875
5 0.48671875 0.83203125 0.0765625 0.1875
5 0.46640625 0.634375 0.0875 0.21875
5 0.6984375 0.42421875 0.065625 0.2484375
5 0.83671875 0.3640625 0.1875 0.1375
4 0.16875 0.35234375 0.0515625 0.225
4 0.365625 0.41640625 0.0828125 0.1703125
4 0.290625 0.24375 0.1640625 0.084375
10 0.48828125 0.33203125 0.125 0.1640625
10 0.6046875 0.33515625 0.1171875 0.1609375
9 0.74140625 0.8609375 0.096875 0.1421875
9 0.75859375 0.6140625 0.1671875 0.26875