8 0.6171875 0.62578125 0.1015625 0.0625
8 0.6328125 0.55859375 0.090625 0.0546875
8 0.65 0.48671875 0.0984375 0.0640625
8 0.66875 0.41015625 0.1078125 0.06875
8 0.546875 0.5703125 0.05 0.1234375
8 0.571875 0.4390625 0.0546875 0.140625
8 0.403125 0.59765625 0.0953125 0.0578125
8 0.41015625 0.5328125 0.0984375 0.0765625
8 0.4203125 0.4578125 0.1 0.0609375
8 0.43125 0.375 0.103125 0.0734375
5 0.27265625 0.7125 0.0796875 0.159375
5 0.334375 0.71171875 0.046875 0.1484375
5 0.48125 0.65625 0.0640625 0.1296875
5 0.49609375 0.5328125 0.0765625 0.1296875
10 0.3953125 0.72578125 0.053125 0.1203125
10 0.45703125 0.75 0.059375 0.09375
4 0.53515625 0.76796875 0.1 0.0609375
4 0.52265625 0.6875 0.0421875 0.0984375
4 0.609375 0.7296875 0.053125 0.1125
9 0.3 0.55703125 0.1265625 0.1640625
9 0.321875 0.39765625 0.0859375 0.128125