9 0.7515625 0.45625 0.07578125 0.13046875
8 0.553125 0.52265625 0.02421875 0.08671875
5 0.25859375 0.42109375 0.07109375 0.20546875
1 0.48359375 0.64140625 0.234375 0.16875
8 0.38515625 0.403125 0.02734375 0.0828125
10 0.27109375 0.56328125 0.06328125 0.125
4 0.81328125 0.64375 0.05625 0.165625
2 0.696875 0.64296875 0.0671875 0.23359375
4 0.465625 0.42421875 0.0515625 0.05234375
4 0.575 0.3703125 0.05546875 0.0578125
5 0.6875 0.42421875 0.06796875 0.196875
4 0.58125 0.43515625 0.05703125 0.05625
8 0.475 0.52421875 0.02578125 0.09375
8 0.365625 0.7296875 0.10390625 0.071875
8 0.5203125 0.4015625 0.0203125 0.08125
4 0.4671875 0.36015625 0.05546875 0.05
9 0.30078125 0.3796875 0.046875 0.1203125