9 0.83046875 0.4484375 0.19375 0.259375
10 0.59375 0.4765625 0.09375 0.1796875
9 0.365625 0.5 0.1015625 0.16875
8 0.82109375 0.2265625 0.053125 0.128125
8 0.7453125 0.234375 0.0484375 0.13125
8 0.31015625 0.23125 0.1265625 0.071875
8 0.646875 0.2453125 0.04375 0.1375
4 0.55546875 0.2578125 0.0453125 0.1375
8 0.3015625 0.3234375 0.1328125 0.0734375
10 0.51171875 0.3625 0.084375 0.1859375
9 0.128125 0.4515625 0.1125 0.1703125
8 0.30390625 0.2265625 0.059375 0.0546875
4 0.4609375 0.26953125 0.0484375 0.134375