5 0.45234375 0.140625 0.059375 0.090625
0 0.678125 0.28046875 0.203125 0.4984375
8 0.3375 0.41015625 0.090625 0.0625
2 0.42578125 0.76875 0.10625 0.103125
5 0.45390625 0.2390625 0.0578125 0.1
8 0.53125 0.33203125 0.0265625 0.1875
8 0.4234375 0.48125 0.028125 0.146875
8 0.5265625 0.71953125 0.03125 0.171875
4 0.284375 0.534375 0.034375 0.1453125
5 0.61953125 0.775 0.078125 0.0921875
4 0.56796875 0.140625 0.059375 0.059375
9 0.7578125 0.7359375 0.159375 0.29375
9 0.296875 0.696875 0.0875 0.159375
9 0.33125 0.22421875 0.14375 0.221875
10 0.2140625 0.4203125 0.065625 0.19375
10 0.5234375 0.51484375 0.0703125 0.1625
4 0.5640625 0.209375 0.090625 0.0515625