9 0.734375 0.75 0.103125 0.20546875
10 0.4671875 0.57578125 0.07421875 0.18671875
8 0.678125 0.5359375 0.06484375 0.05234375
9 0.18203125 0.7671875 0.2046875 0.30390625
9 0.6765625 0.4109375 0.13515625 0.20625
8 0.58125 0.5875 0.0296875 0.1078125
4 0.4328125 0.40859375 0.053125 0.06171875
4 0.253125 0.40546875 0.034375 0.09765625
8 0.46015625 0.78359375 0.03515625 0.1640625
10 0.7984375 0.51640625 0.05546875 0.2046875
4 0.43828125 0.3625 0.04140625 0.0421875
5 0.3453125 0.7703125 0.0953125 0.1984375
4 0.7359375 0.61015625 0.03984375 0.1
5 0.546875 0.39296875 0.0671875 0.1984375
2 0.5890625 0.80234375 0.09609375 0.15703125
0 0.31953125 0.31640625 0.1890625 0.6328125