8 0.5359375 0.83203125 0.0703125 0.059375
5 0.30546875 0.6203125 0.0703125 0.134375
5 0.75703125 0.58046875 0.10625 0.2
4 0.34453125 0.3515625 0.078125 0.228125
5 0.1640625 0.66875 0.115625 0.1921875
4 0.75859375 0.8015625 0.090625 0.0671875
9 0.58515625 0.596875 0.1078125 0.171875
9 0.8015625 0.665625 0.1734375 0.2515625
8 0.52421875 0.4265625 0.146875 0.078125
9 0.12421875 0.43359375 0.1375 0.209375
8 0.5109375 0.74375 0.1078125 0.0640625
8 0.2421875 0.80390625 0.0578125 0.1390625
5 0.43203125 0.62890625 0.059375 0.19375
4 0.64609375 0.7484375 0.05 0.1453125
8 0.70078125 0.30390625 0.071875 0.203125
4 0.21484375 0.3765625 0.0859375 0.2125
8 0.840625 0.2890625 0.0671875 0.15625
8 0.39453125 0.79375 0.04375 0.115625
8 0.4953125 0.23984375 0.1671875 0.0875
8 0.3203125 0.7984375 0.053125 0.1375
5 0.84765625 0.5578125 0.0875 0.1796875