8 0.6015625 0.43671875 0.07890625 0.05703125
8 0.596875 0.50859375 0.07578125 0.053125
8 0.6015625 0.584375 0.08203125 0.0515625
8 0.6015625 0.66640625 0.08359375 0.05859375
8 0.41328125 0.428125 0.0796875 0.05859375
8 0.409375 0.50234375 0.08203125 0.04296875
8 0.409375 0.58515625 0.07421875 0.0484375
8 0.409375 0.66171875 0.0765625 0.040625
8 0.53046875 0.4796875 0.01875 0.13203125
8 0.528125 0.61640625 0.0203125 0.128125
4 0.56015625 0.24765625 0.08125 0.03203125
4 0.61484375 0.30390625 0.0296875 0.128125
4 0.52890625 0.33828125 0.0234375 0.109375
10 0.4828125 0.3015625 0.0390625 0.096875
10 0.4203125 0.29453125 0.040625 0.1
5 0.3625 0.33359375 0.03515625 0.1109375
5 0.30625 0.3078125 0.05390625 0.08203125
5 0.484375 0.421875 0.05 0.08203125
5 0.4796875 0.5546875 0.05625 0.05703125
9 0.3203125 0.46796875 0.078125 0.153125
9 0.3265625 0.63828125 0.065625 0.10703125