9 0.4234375 0.26484375 0.046875 0.10703125
8 0.53203125 0.2453125 0.01875 0.0984375
8 0.57578125 0.55625 0.09453125 0.0546875
4 0.5734375 0.4546875 0.08671875 0.05390625
8 0.57734375 0.678125 0.09296875 0.0515625
9 0.396875 0.68984375 0.11875 0.209375
4 0.56953125 0.365625 0.0828125 0.05078125
10 0.4875 0.3859375 0.0421875 0.1265625
9 0.46484375 0.10625 0.04140625 0.096875
8 0.584375 0.78671875 0.1046875 0.05390625
8 0.596875 0.2421875 0.01953125 0.09609375
10 0.39375 0.41171875 0.03125 0.14296875