4 0.38359375 0.16015625 0.075 0.04296875
4 0.3484375 0.2390625 0.01796875 0.1140625
4 0.4015625 0.2875 0.06171875 0.04140625
10 0.37421875 0.35078125 0.040625 0.090625
10 0.37734375 0.44296875 0.0515625 0.08359375
5 0.39765625 0.53671875 0.0609375 0.10703125
5 0.38671875 0.64140625 0.0515625 0.096875
9 0.4921875 0.640625 0.0984375 0.16640625
9 0.60390625 0.61484375 0.0546875 0.09609375
5 0.4546875 0.31796875 0.02734375 0.121875
5 0.54375 0.33125 0.02578125 0.1234375
8 0.45625 0.18046875 0.02265625 0.10546875
8 0.50390625 0.171875 0.025 0.09609375
8 0.5453125 0.190625 0.0234375 0.09296875
8 0.5875 0.196875 0.02734375 0.1140625
8 0.49453125 0.2859375 0.0578125 0.04453125
8 0.57734375 0.284375 0.0484375 0.04296875
8 0.4578125 0.48125 0.02421875 0.115625
8 0.5125 0.484375 0.02890625 0.11953125
8 0.5609375 0.4859375 0.02734375 0.125
8 0.6078125 0.48203125 0.0265625 0.11640625