9 0.79765625 0.365625 0.2015625 0.2890625
10 0.53359375 0.56953125 0.08125 0.1796875
5 0.63046875 0.37578125 0.0859375 0.2125
9 0.33828125 0.765625 0.14375 0.215625
8 0.3328125 0.62578125 0.06875 0.0578125
8 0.64609375 0.7171875 0.03125 0.0953125
8 0.4234375 0.5578125 0.0359375 0.13125
10 0.17265625 0.61484375 0.1171875 0.11875
4 0.58515625 0.81640625 0.0546875 0.053125
2 0.41328125 0.3421875 0.1125 0.140625
8 0.675 0.8125 0.0609375 0.0515625
4 0.58671875 0.7671875 0.0625 0.065625
4 0.27578125 0.54140625 0.0375 0.10625
8 0.5296875 0.37734375 0.034375 0.128125
9 0.27265625 0.3953125 0.10625 0.19375
5 0.46953125 0.64453125 0.06875 0.1390625
5 0.47109375 0.83359375 0.0734375 0.190625
0 0.8203125 0.67109375 0.35625 0.33125
8 0.540625 0.68125 0.03125 0.078125