5 0.82734375 0.56796875 0.1109375 0.22578125
8 0.58671875 0.33359375 0.115625 0.06796875
9 0.7078125 0.16640625 0.07421875 0.13046875
8 0.2578125 0.2375 0.103125 0.0546875
10 0.46796875 0.63046875 0.05546875 0.19765625
8 0.58515625 0.2453125 0.06640625 0.0625
8 0.23046875 0.44765625 0.1296875 0.0609375
4 0.365625 0.5953125 0.03828125 0.15390625
8 0.37421875 0.3890625 0.03203125 0.1734375
4 0.16796875 0.67890625 0.05 0.2125
8 0.56875 0.15234375 0.1 0.06015625
8 0.5921875 0.45390625 0.12265625 0.05859375
8 0.2640625 0.14609375 0.109375 0.05390625
4 0.29609375 0.75625 0.14453125 0.07734375
9 0.7515625 0.38828125 0.15 0.2375
8 0.378125 0.22734375 0.03125 0.1546875
10 0.596875 0.63125 0.065625 0.20078125
5 0.70859375 0.55 0.06328125 0.2796875
5 0.453125 0.38828125 0.0796875 0.18515625
8 0.2453125 0.334375 0.12421875 0.06484375
5 0.4671875 0.165625 0.059375 0.1359375