8 0.38828125 0.07109375 0.0875 0.05
8 0.5796875 0.11015625 0.084375 0.0640625
8 0.3796875 0.265625 0.0984375 0.06875
8 0.30078125 0.65859375 0.053125 0.1484375
8 0.3828125 0.65625 0.0453125 0.16875
8 0.3296875 0.7578125 0.1109375 0.0671875
8 0.4921875 0.64765625 0.10625 0.0671875
8 0.578125 0.69140625 0.0546875 0.203125
8 0.6609375 0.446875 0.1015625 0.05625
4 0.325 0.50625 0.0640625 0.140625
4 0.43046875 0.55625 0.1171875 0.046875
5 0.4296875 0.475 0.10625 0.0890625
5 0.30546875 0.36171875 0.1171875 0.159375
8 0.4390625 0.4125 0.103125 0.0640625
9 0.6625 0.7140625 0.1 0.1625
9 0.6265625 0.271875 0.134375 0.18125
10 0.52265625 0.3703125 0.0703125 0.15625
10 0.5671875 0.471875 0.084375 0.190625
1 0.4515625 0.1671875 0.190625 0.1390625
2 0.4515625 0.3171875 0.09375 0.1
5 0.68125 0.53984375 0.13125 0.15625