5 0.35390625 0.49453125 0.05703125 0.1046875
0 0.6265625 0.1890625 0.10390625 0.32734375
5 0.46875 0.19921875 0.02734375 0.11015625
9 0.57109375 0.596875 0.0515625 0.11875
4 0.446875 0.3328125 0.0203125 0.103125
9 0.5015625 0.725 0.10390625 0.17578125
8 0.621875 0.8109375 0.0265625 0.10546875
8 0.48515625 0.56484375 0.109375 0.0421875
8 0.565625 0.46640625 0.01953125 0.109375
5 0.3671875 0.67109375 0.0609375 0.13515625
5 0.390625 0.21796875 0.053125 0.1359375
8 0.390625 0.39765625 0.08671875 0.04453125
10 0.415625 0.484375 0.04765625 0.11015625
1 0.5046875 0.3796875 0.06953125 0.203125