8 0.47890625 0.58828125 0.0203125 0.096875
8 0.40625 0.30859375 0.01875 0.075
9 0.6265625 0.2703125 0.09453125 0.16796875
5 0.528125 0.37265625 0.0453125 0.10546875
4 0.4515625 0.26953125 0.05234375 0.04921875
8 0.478125 0.353125 0.01796875 0.078125
2 0.54921875 0.61875 0.06640625 0.0890625
4 0.65625 0.4671875 0.02109375 0.08671875
8 0.61875 0.39296875 0.0671875 0.05546875
8 0.55546875 0.4390625 0.01953125 0.0921875
8 0.38515625 0.225 0.04765625 0.04921875
9 0.3109375 0.60390625 0.10859375 0.1828125
9 0.64609375 0.58828125 0.05703125 0.11640625
5 0.5328125 0.21640625 0.04140625 0.08828125
4 0.45625 0.221875 0.059375 0.05234375
0 0.29453125 0.371875 0.234375 0.1828125
4 0.3171875 0.2609375 0.0234375 0.07109375
10 0.47890625 0.45 0.040625 0.10703125
10 0.73671875 0.40703125 0.06875 0.0796875
5 0.41015625 0.57734375 0.0296875 0.109375