5 0.5828125 0.0640625 0.04921875 0.128125
5 0.57265625 0.18671875 0.06953125 0.1546875
5 0.51015625 0.4140625 0.03671875 0.19375
5 0.37734375 0.41328125 0.05 0.23203125
8 0.2953125 0.3375 0.03671875 0.146875
8 0.4328125 0.33203125 0.0375 0.13359375
8 0.49609375 0.31796875 0.02421875 0.1
8 0.4578125 0.575 0.13046875 0.0765625
8 0.325 0.575 0.12890625 0.071875
8 0.2609375 0.7734375 0.04375 0.23359375
8 0.34140625 0.77578125 0.04296875 0.23828125
8 0.42109375 0.775 0.03828125 0.23125
8 0.5109375 0.77265625 0.0421875 0.240625
4 0.590625 0.57109375 0.10390625 0.08515625
4 0.6828125 0.64609375 0.05625 0.19609375
4 0.6515625 0.80078125 0.1390625 0.08515625
10 0.61640625 0.30390625 0.0765625 0.1359375
10 0.61953125 0.4234375 0.0859375 0.14296875
9 0.4640625 0.16328125 0.14140625 0.1875
9 0.33125 0.171875 0.065625 0.11875