0 0.54453125 0.1828125 0.075 0.3015625
10 0.515625 0.3625 0.03046875 0.11953125
9 0.64140625 0.5484375 0.1015625 0.178125
9 0.44609375 0.55703125 0.0671875 0.128125
9 0.45625 0.24140625 0.08046875 0.13359375
4 0.63125 0.2265625 0.05546875 0.05546875
4 0.51640625 0.57578125 0.0640625 0.0625
4 0.6640625 0.3546875 0.02421875 0.09609375
8 0.6578125 0.28671875 0.02265625 0.0625
8 0.45078125 0.38671875 0.065625 0.0484375
8 0.534375 0.47265625 0.06484375 0.059375
8 0.5609375 0.55390625 0.02578125 0.0890625
8 0.60625 0.309375 0.04453125 0.04609375
8 0.57890625 0.38515625 0.0671875 0.0484375
2 0.4359375 0.453125 0.05 0.09296875
5 0.5796875 0.4296875 0.0765625 0.07890625
5 0.453125 0.3296875 0.06796875 0.07109375
5 0.6390625 0.39140625 0.03046875 0.14453125
5 0.7078125 0.428125 0.08359375 0.09609375
10 0.553125 0.68671875 0.053125 0.14296875