9 0.67421875 0.82578125 0.165625 0.2375
9 0.390625 0.2578125 0.1609375 0.2296875
0 0.678125 0.5296875 0.228125 0.271875
8 0.55703125 0.421875 0.0515625 0.140625
8 0.43515625 0.53203125 0.05 0.134375
9 0.28984375 0.7203125 0.103125 0.159375
8 0.48125 0.759375 0.05 0.1328125
5 0.5171875 0.24921875 0.071875 0.0859375
4 0.303125 0.55 0.0578125 0.1609375
8 0.6703125 0.36484375 0.05 0.1265625
10 0.25703125 0.45 0.065625 0.10625
5 0.503125 0.334375 0.0734375 0.0859375
8 0.359375 0.45234375 0.075 0.0609375
8 0.7296875 0.228125 0.0859375 0.0640625
2 0.37890625 0.821875 0.1140625 0.121875
5 0.53828125 0.8671875 0.096875 0.1109375
10 0.51640625 0.6015625 0.0890625 0.1171875
4 0.80390625 0.3125 0.0671875 0.1671875
4 0.63828125 0.20859375 0.096875 0.078125
4 0.61953125 0.29140625 0.1046875 0.08125