9 0.34609375 0.25078125 0.128125 0.2125
8 0.58515625 0.3921875 0.05625 0.04375
8 0.3703125 0.54140625 0.0546875 0.0453125
0 0.5 0.53984375 0.13125 0.33125
9 0.6078125 0.7921875 0.103125 0.1625
8 0.665625 0.340625 0.03125 0.1125
9 0.3859375 0.80078125 0.0578125 0.109375
4 0.61875 0.4875 0.0296875 0.1109375
8 0.515625 0.778125 0.0234375 0.08125
4 0.66171875 0.48359375 0.034375 0.1140625
4 0.465625 0.8171875 0.0453125 0.046875
5 0.31953125 0.4375 0.0421875 0.1078125
5 0.584375 0.675 0.034375 0.13125
4 0.6296875 0.196875 0.0765625 0.0546875
10 0.50859375 0.92109375 0.0421875 0.0875
5 0.621875 0.68046875 0.0375 0.1375
8 0.5609375 0.534375 0.015625 0.0375
2 0.340625 0.659375 0.046875 0.13125
5 0.6703125 0.6703125 0.0453125 0.165625