4 0.36640625 0.571875 0.109375 0.0703125
4 0.34375 0.71171875 0.1015625 0.06875
4 0.64765625 0.3390625 0.1 0.0703125
4 0.71171875 0.19921875 0.053125 0.14375
9 0.63125 0.12890625 0.134375 0.2109375
9 0.52109375 0.3796875 0.08125 0.1578125
9 0.334375 0.8171875 0.0921875 0.1296875
5 0.421875 0.871875 0.071875 0.1328125
5 0.48203125 0.565625 0.075 0.103125
5 0.45390625 0.70703125 0.053125 0.0921875
5 0.54296875 0.17734375 0.0671875 0.1234375
5 0.56171875 0.075 0.0671875 0.0984375
8 0.45703125 0.06875 0.1046875 0.075
8 0.43515625 0.2015625 0.1015625 0.05625
8 0.3609375 0.4 0.0640625 0.18125
8 0.43671875 0.4078125 0.0609375 0.18125
8 0.5953125 0.50703125 0.0578125 0.1765625
8 0.65390625 0.5171875 0.05625 0.18125
8 0.5828125 0.68125 0.1140625 0.078125
8 0.5640625 0.78515625 0.1109375 0.071875
8 0.5484375 0.8875 0.1109375 0.075