1 0.39609375 0.1921875 0.1859375 0.1609375
4 0.48671875 0.59375 0.084375 0.0734375
5 0.33046875 0.41796875 0.1 0.175
8 0.47109375 0.7046875 0.059375 0.1484375
8 0.66953125 0.68359375 0.0625 0.15625
9 0.5859375 0.2546875 0.153125 0.2125
9 0.7484375 0.678125 0.10625 0.159375
8 0.575 0.65390625 0.065625 0.05625
8 0.29765625 0.11796875 0.0578125 0.0546875
8 0.4796875 0.10546875 0.0546875 0.0578125
2 0.42734375 0.30234375 0.0625 0.0875
8 0.3578125 0.30390625 0.0578125 0.0625
8 0.3953125 0.71796875 0.0546875 0.1296875
4 0.36953125 0.5609375 0.0578125 0.1265625
8 0.67421875 0.396875 0.0609375 0.0546875
5 0.48515625 0.48203125 0.06875 0.140625
8 0.45078125 0.80625 0.071875 0.0625
10 0.60078125 0.49921875 0.0828125 0.1546875
5 0.6703125 0.465625 0.0921875 0.1609375
10 0.52578125 0.3609375 0.0640625 0.11875
8 0.44921875 0.4453125 0.090625 0.0734375