8 0.4859375 0.3890625 0.0390625 0.0359375
10 0.5625 0.4171875 0.0390625 0.0984375
8 0.57109375 0.53671875 0.0203125 0.071875
8 0.4078125 0.51796875 0.0203125 0.0703125
8 0.4484375 0.18203125 0.0328125 0.0296875
8 0.56171875 0.2078125 0.03125 0.0296875
1 0.49765625 0.24453125 0.1078125 0.0859375
9 0.61484375 0.55546875 0.0484375 0.0953125
10 0.5375 0.34765625 0.0296875 0.0640625
8 0.52421875 0.51640625 0.0359375 0.03125
5 0.4078125 0.34921875 0.0546875 0.0859375
8 0.45625 0.29765625 0.03125 0.03125
9 0.5984375 0.3046875 0.0765625 0.115625
8 0.62265625 0.40390625 0.040625 0.0375
8 0.4546875 0.51953125 0.01875 0.065625
8 0.425 0.575 0.0390625 0.0375
4 0.47890625 0.47421875 0.0421875 0.0421875
5 0.63125 0.446875 0.071875 0.075
2 0.4890625 0.3265625 0.053125 0.0546875
5 0.47890625 0.4265625 0.0703125 0.0484375
4 0.41875 0.43125 0.028125 0.071875