5 0.165625 0.26171875 0.15 0.10390625
5 0.2953125 0.20625 0.05078125 0.2484375
10 0.3765625 0.209375 0.07890625 0.15859375
10 0.48203125 0.2296875 0.09375 0.140625
5 0.5265625 0.4578125 0.07578125 0.1984375
5 0.528125 0.6890625 0.08359375 0.2359375
4 0.64375 0.16953125 0.11640625 0.075
4 0.6046875 0.2765625 0.04609375 0.13046875
4 0.7578125 0.22734375 0.05 0.12890625
9 0.1890625 0.45390625 0.19140625 0.225
9 0.165625 0.73671875 0.1390625 0.215625
8 0.38203125 0.3953125 0.1375 0.11796875
8 0.3796875 0.5265625 0.140625 0.10859375
8 0.371875 0.6578125 0.17734375 0.09296875
8 0.359375 0.8140625 0.17421875 0.0890625
8 0.7546875 0.3875 0.1390625 0.0859375
8 0.78359375 0.5046875 0.1546875 0.0625
8 0.8078125 0.6359375 0.1703125 0.071875
8 0.82890625 0.803125 0.16875 0.09453125
8 0.621875 0.47890625 0.0515625 0.196875
8 0.6453125 0.7109375 0.0671875 0.253125