8 0.43984375 0.546875 0.0265625 0.075
8 0.45703125 0.46640625 0.0453125 0.0390625
8 0.3640625 0.32734375 0.0390625 0.0359375
5 0.5046875 0.32734375 0.0453125 0.071875
8 0.525 0.3828125 0.0421875 0.0390625
10 0.47265625 0.6953125 0.0578125 0.1109375
9 0.50546875 0.246875 0.0859375 0.125
10 0.4578125 0.35859375 0.0359375 0.0734375
9 0.359375 0.5609375 0.109375 0.159375
5 0.340625 0.41640625 0.040625 0.134375
8 0.403125 0.39375 0.04375 0.0359375
4 0.3296875 0.2484375 0.04375 0.0421875
8 0.3078125 0.303125 0.0265625 0.0546875
4 0.49140625 0.578125 0.0421875 0.046875
4 0.3453125 0.36875 0.0265625 0.0671875
9 0.55390625 0.53046875 0.065625 0.1125
4 0.31171875 0.371875 0.0328125 0.071875
5 0.26953125 0.45234375 0.065625 0.078125
5 0.415625 0.43828125 0.0625 0.084375
2 0.54453125 0.4375 0.034375 0.0703125
0 0.4078125 0.19375 0.1015625 0.28125