9 0.559375 0.15859375 0.06484375 0.11640625
8 0.45078125 0.13203125 0.0578125 0.03203125
8 0.46953125 0.55390625 0.01875 0.13046875
4 0.4453125 0.321875 0.0671875 0.040625
9 0.53984375 0.70546875 0.05 0.1171875
4 0.44140625 0.40390625 0.071875 0.0359375
10 0.5078125 0.365625 0.03046875 0.13046875
8 0.4515625 0.18203125 0.053125 0.0296875
8 0.40234375 0.55234375 0.01953125 0.1234375
9 0.56875 0.47578125 0.04453125 0.096875
8 0.446875 0.24453125 0.08046875 0.03046875
10 0.57734375 0.28359375 0.0484375 0.1109375