8 0.62734375 0.96015625 0.1421875 0.0796875
8 0.665625 0.86640625 0.159375 0.1140625
8 0.53125 0.8625 0.0890625 0.2015625
8 0.58125 0.67578125 0.0875 0.196875
8 0.69453125 0.759375 0.15625 0.1078125
8 0.73515625 0.63828125 0.1609375 0.096875
8 0.31875 0.89609375 0.1421875 0.1078125
8 0.34140625 0.778125 0.134375 0.0859375
8 0.36015625 0.67109375 0.140625 0.1015625
8 0.3859375 0.55078125 0.1546875 0.1046875
5 0.45 0.84921875 0.1484375 0.2453125
5 0.509375 0.63203125 0.1296875 0.190625
5 0.2078125 0.334375 0.18125 0.2484375
5 0.30859375 0.403125 0.13125 0.259375
10 0.43984375 0.3453125 0.128125 0.2109375
10 0.55703125 0.37109375 0.11875 0.2109375
9 0.18671875 0.83203125 0.1390625 0.171875
9 0.20625 0.584375 0.240625 0.290625
4 0.64140625 0.45078125 0.1 0.2078125
4 0.84609375 0.41171875 0.115625 0.2515625
4 0.75390625 0.28671875 0.178125 0.1390625