1 0.43515625 0.55390625 0.1421875 0.1078125
9 0.5796875 0.4625 0.08359375 0.14140625
8 0.35390625 0.653125 0.04609375 0.03515625
8 0.496875 0.23515625 0.03984375 0.03828125
8 0.5296875 0.62578125 0.04375 0.0359375
8 0.40546875 0.1796875 0.03828125 0.03203125
8 0.5484375 0.215625 0.0140625 0.0578125
5 0.3453125 0.334375 0.065625 0.10546875
9 0.59453125 0.20234375 0.0390625 0.09140625
8 0.6109375 0.35703125 0.03984375 0.0390625
8 0.38984375 0.465625 0.03984375 0.0359375
4 0.446875 0.26953125 0.040625 0.04140625
8 0.42734375 0.21796875 0.01484375 0.05
10 0.54296875 0.33984375 0.03125 0.0796875
8 0.44453125 0.353125 0.05 0.04296875
8 0.37890625 0.21875 0.0171875 0.05859375
10 0.50546875 0.34140625 0.03515625 0.1203125
2 0.44140625 0.40546875 0.06640625 0.06796875
4 0.3734375 0.29921875 0.02109375 0.0671875
5 0.440625 0.30625 0.06484375 0.0515625
5 0.61484375 0.27578125 0.0671875 0.09609375