9 0.61875 0.27109375 0.07421875 0.12734375
10 0.67890625 0.37265625 0.02578125 0.1
4 0.6421875 0.4328125 0.01796875 0.06640625
4 0.371875 0.26953125 0.01640625 0.06015625
5 0.54453125 0.22421875 0.0328125 0.05
8 0.56328125 0.41171875 0.01484375 0.07109375
8 0.50078125 0.33984375 0.015625 0.08203125
2 0.565625 0.559375 0.0390625 0.0734375
4 0.478125 0.27421875 0.03359375 0.04453125
0 0.42734375 0.290625 0.09375 0.24375
8 0.5046875 0.534375 0.015625 0.075
9 0.6328125 0.5265625 0.040625 0.08359375
8 0.61640625 0.3734375 0.0375 0.03671875
10 0.5046875 0.42578125 0.034375 0.0859375
9 0.37734375 0.546875 0.0765625 0.14375
4 0.47890625 0.23203125 0.0375 0.0390625
5 0.54375 0.275 0.034375 0.0703125
5 0.54375 0.18125 0.03203125 0.0625
5 0.45 0.56015625 0.03046875 0.0671875