8 0.384375 0.08671875 0.096875 0.059375
8 0.3859375 0.23046875 0.09921875 0.053125
8 0.346875 0.42578125 0.028125 0.17109375
8 0.42421875 0.43046875 0.0296875 0.175
8 0.5984375 0.50234375 0.03125 0.1734375
8 0.65625 0.49765625 0.025 0.1765625
8 0.6140625 0.67578125 0.10546875 0.05390625
8 0.61875 0.7828125 0.09921875 0.05703125
8 0.61953125 0.8859375 0.1015625 0.053125
4 0.3859375 0.60625 0.1046875 0.05390625
4 0.38125 0.7484375 0.09765625 0.05859375
4 0.61875 0.3296875 0.09609375 0.05703125
4 0.6578125 0.165625 0.02265625 0.1609375
9 0.56796875 0.11953125 0.1 0.196875
9 0.50078125 0.3890625 0.05625 0.128125
9 0.39375 0.8578125 0.0765625 0.12890625
5 0.4890625 0.89375 0.0578125 0.1234375
5 0.490625 0.721875 0.04296875 0.084375
5 0.49296875 0.57109375 0.040625 0.1
5 0.490625 0.0796875 0.05 0.1015625
5 0.4875 0.18359375 0.05234375 0.103125