8 0.4546875 0.59921875 0.01328125 0.065625
8 0.36484375 0.4234375 0.06953125 0.03359375
1 0.47890625 0.3703125 0.10546875 0.06953125
4 0.3296875 0.37578125 0.0171875 0.0953125
8 0.36328125 0.59140625 0.0171875 0.08359375
8 0.44453125 0.453125 0.0140625 0.0828125
4 0.4234375 0.5640625 0.04140625 0.02734375
8 0.5375 0.32109375 0.03359375 0.02578125
8 0.4828125 0.46484375 0.0140625 0.0703125
4 0.490625 0.56875 0.04296875 0.03046875
4 0.48984375 0.64453125 0.0375 0.03984375
8 0.5328125 0.6046875 0.0140625 0.06328125
4 0.4203125 0.64140625 0.03359375 0.0390625
5 0.3734375 0.4890625 0.0421875 0.0390625
9 0.334375 0.51328125 0.0453125 0.0640625
9 0.5875 0.60703125 0.03984375 0.084375
2 0.38984375 0.33515625 0.03515625 0.07421875
10 0.5765625 0.3640625 0.04375 0.07109375
5 0.59296875 0.4671875 0.0421875 0.10625