5 0.68203125 0.8546875 0.1171875 0.1265625
9 0.73671875 0.63125 0.1796875 0.253125
5 0.46953125 0.8359375 0.0875 0.1234375
5 0.24921875 0.5234375 0.0875 0.15625
1 0.4 0.58359375 0.2265625 0.2125
8 0.5796875 0.63125 0.0703125 0.20625
8 0.51328125 0.4515625 0.128125 0.0796875
4 0.31953125 0.68359375 0.1421875 0.0859375
8 0.85390625 0.42578125 0.10625 0.0765625
9 0.6515625 0.48046875 0.1203125 0.1578125
8 0.3734375 0.796875 0.0578125 0.171875
10 0.4703125 0.7484375 0.1109375 0.128125
5 0.1703125 0.77265625 0.1453125 0.1390625
0 0.1796875 0.31171875 0.321875 0.2703125