9 0.48984375 0.32734375 0.05 0.09296875
9 0.7328125 0.4546875 0.053125 0.11015625
8 0.625 0.24375 0.015625 0.06015625
8 0.71953125 0.2453125 0.01953125 0.06875
8 0.54453125 0.2046875 0.034375 0.03203125
5 0.34140625 0.31484375 0.0265625 0.1046875
8 0.50703125 0.50546875 0.04609375 0.040625
5 0.58046875 0.321875 0.01796875 0.11015625
4 0.603125 0.471875 0.021875 0.11015625
5 0.6546875 0.34296875 0.0296875 0.0734375
4 0.46875 0.2375 0.021875 0.0921875
8 0.54765625 0.25390625 0.03828125 0.03515625
8 0.74140625 0.32890625 0.04765625 0.11171875
8 0.5125 0.41875 0.046875 0.03984375
5 0.3921875 0.3140625 0.040625 0.1109375
4 0.67734375 0.47734375 0.02421875 0.09921875
8 0.3296875 0.46171875 0.02734375 0.10078125
8 0.4015625 0.46328125 0.02265625 0.096875
8 0.671875 0.24765625 0.01953125 0.071875
8 0.365625 0.459375 0.0953125 0.10546875
9 0.3734375 0.25078125 0.08046875 0.1234375
4 0.40625 0.196875 0.05078125 0.059375