4 0.53515625 0.61328125 0.040625 0.1125
8 0.74375 0.646875 0.046875 0.1109375
8 0.3296875 0.62578125 0.103125 0.0625
8 0.6875 0.6375 0.04375 0.109375
8 0.3390625 0.534375 0.1140625 0.0609375
8 0.60859375 0.6265625 0.040625 0.1109375
9 0.6484375 0.8125 0.1203125 0.165625
10 0.4734375 0.73203125 0.059375 0.1
10 0.49609375 0.84140625 0.059375 0.128125
9 0.20390625 0.71953125 0.0703125 0.128125
4 0.46015625 0.60078125 0.040625 0.1171875
9 0.365625 0.7671875 0.06875 0.134375
8 0.32734375 0.6296875 0.05 0.0515625