1 0.665625 0.41640625 0.09296875 0.30078125
10 0.70234375 0.68359375 0.0859375 0.14765625
9 0.49140625 0.10390625 0.04921875 0.12265625
4 0.4546875 0.3046875 0.02578125 0.10625
8 0.553125 0.340625 0.078125 0.0484375
8 0.58125 0.18671875 0.025 0.09375
4 0.4578125 0.46875 0.02890625 0.121875
8 0.73515625 0.5640625 0.03984375 0.14140625
9 0.41640625 0.74765625 0.075 0.1453125
4 0.38359375 0.30625 0.025 0.10546875
8 0.4203125 0.375 0.0578125 0.0453125
5 0.521875 0.14765625 0.03125 0.20859375
8 0.4171875 0.58671875 0.0640625 0.059375
4 0.6125 0.096875 0.07109375 0.0578125
2 0.6703125 0.17734375 0.0578125 0.14609375
8 0.55859375 0.4375 0.071875 0.05546875
4 0.38125 0.4640625 0.028125 0.12109375
8 0.4265625 0.171875 0.0609375 0.0453125
5 0.58359375 0.75859375 0.15234375 0.15546875