5 0.26484375 0.6390625 0.103125 0.1375
5 0.18046875 0.6484375 0.0859375 0.134375
5 0.55859375 0.565625 0.0484375 0.11875
8 0.48125 0.746875 0.125 0.0765625
4 0.31875 0.3078125 0.0671875 0.2125
4 0.178125 0.2296875 0.1 0.06875
4 0.73515625 0.78125 0.0703125 0.21875
8 0.7390625 0.21328125 0.0671875 0.21875
8 0.346875 0.8640625 0.0625 0.20625
8 0.58046875 0.25078125 0.0640625 0.215625
8 0.51953125 0.93359375 0.128125 0.0828125
9 0.8125 0.75234375 0.1 0.1484375
8 0.46171875 0.321875 0.121875 0.0703125
8 0.43359375 0.17421875 0.11875 0.065625
5 0.80625 0.515625 0.1015625 0.1203125
9 0.1765625 0.44921875 0.1875 0.2609375
9 0.40703125 0.5671875 0.1109375 0.15
8 0.240625 0.89375 0.0625 0.2015625
8 0.65859375 0.2328125 0.0625 0.2125
4 0.6296875 0.796875 0.0640625 0.203125
5 0.67109375 0.540625 0.0625 0.0859375