9 0.5703125 0.825 0.103125 0.1640625
8 0.303125 0.57421875 0.1171875 0.071875
4 0.58984375 0.69921875 0.1265625 0.0875
8 0.2453125 0.83125 0.1359375 0.0765625
8 0.290625 0.40390625 0.05 0.1453125
4 0.60703125 0.54921875 0.1234375 0.08125
9 0.496875 0.31171875 0.0796875 0.1375
4 0.3734375 0.24765625 0.1078125 0.0765625
8 0.2734375 0.69921875 0.1265625 0.0703125
8 0.3625 0.41328125 0.0421875 0.1109375
9 0.459375 0.09140625 0.13125 0.1828125
5 0.5390625 0.12890625 0.0703125 0.14375
8 0.61796875 0.38984375 0.1421875 0.1625
8 0.6484375 0.11953125 0.0875 0.0546875
8 0.665625 0.40625 0.053125 0.146875
5 0.42890625 0.8390625 0.084375 0.1453125
5 0.484375 0.46015625 0.0703125 0.1171875
8 0.63515625 0.21640625 0.0625 0.0546875
4 0.359375 0.12578125 0.04375 0.103125
8 0.5796875 0.36953125 0.0453125 0.1171875
5 0.45625 0.6484375 0.0609375 0.1109375
5 0.546875 0.05859375 0.0671875 0.109375