10 0.50625 0.7625 0.0359375 0.071875
5 0.69140625 0.61640625 0.0453125 0.0984375
1 0.6125 0.3578125 0.1546875 0.1171875
9 0.440625 0.81875 0.0453125 0.0890625
8 0.55 0.771875 0.0453125 0.0390625
9 0.45546875 0.47890625 0.0984375 0.1671875
8 0.68046875 0.78828125 0.0203125 0.06875
8 0.6484375 0.84140625 0.05 0.0421875
8 0.490625 0.796875 0.01875 0.075
8 0.603125 0.61171875 0.0484375 0.0375
5 0.58359375 0.71640625 0.0359375 0.0734375
5 0.4515625 0.73359375 0.0421875 0.115625
8 0.5125 0.278125 0.0625 0.040625
10 0.53125 0.61484375 0.0359375 0.121875
2 0.60078125 0.57265625 0.040625 0.071875
8 0.6625 0.46328125 0.0703125 0.034375
8 0.6234375 0.7765625 0.0265625 0.09375
8 0.69453125 0.2328125 0.053125 0.040625
8 0.42578125 0.61484375 0.0421875 0.034375
4 0.6828125 0.68984375 0.034375 0.075