9 0.58671875 0.78515625 0.10625 0.1703125
9 0.36328125 0.7796875 0.0578125 0.1109375
10 0.4796875 0.909375 0.0421875 0.084375
8 0.365625 0.5203125 0.0578125 0.0484375
8 0.49609375 0.76171875 0.025 0.0921875
0 0.49609375 0.52265625 0.134375 0.334375
8 0.5890625 0.38515625 0.05625 0.0453125
9 0.3625 0.22578125 0.128125 0.215625
5 0.609375 0.6765625 0.0375 0.1375
5 0.56953125 0.6671875 0.034375 0.1328125
4 0.6625 0.484375 0.03125 0.1125
8 0.675 0.33828125 0.034375 0.1171875
4 0.44296875 0.8046875 0.0421875 0.0453125
5 0.32265625 0.4125 0.0453125 0.109375
2 0.3296875 0.6375 0.0484375 0.1375
4 0.6171875 0.48359375 0.0296875 0.1078125
4 0.65 0.190625 0.078125 0.05625
8 0.55703125 0.52421875 0.0171875 0.046875
5 0.6578125 0.66875 0.0484375 0.146875