9 0.3515625 0.26953125 0.11875 0.190625
5 0.640625 0.36328125 0.071875 0.1671875
1 0.51953125 0.16171875 0.1625 0.13125
8 0.5953125 0.06328125 0.071875 0.05625
8 0.59453125 0.26640625 0.075 0.0546875
10 0.43828125 0.3796875 0.0453125 0.140625
4 0.534375 0.5765625 0.0734375 0.0625
9 0.3078125 0.721875 0.0796875 0.1515625
2 0.51796875 0.278125 0.0484375 0.0796875
8 0.41640625 0.10078125 0.05625 0.059375
5 0.50859375 0.4734375 0.0453125 0.153125
8 0.46796875 0.65703125 0.0890625 0.05
8 0.65625 0.67734375 0.0328125 0.1390625
5 0.32734375 0.49296875 0.06875 0.1484375
8 0.62578125 0.76796875 0.0640625 0.0515625
8 0.30546875 0.4359375 0.059375 0.053125
8 0.3828125 0.70390625 0.0328125 0.159375
8 0.578125 0.67890625 0.0296875 0.14375
4 0.64140625 0.509375 0.034375 0.1234375
10 0.4046875 0.521875 0.071875 0.140625