9 0.74609375 0.4453125 0.11328125 0.17734375
8 0.66015625 0.19609375 0.0203125 0.078125
9 0.328125 0.21328125 0.0546875 0.11640625
4 0.621875 0.5359375 0.028125 0.15625
8 0.553125 0.25 0.04765625 0.04609375
9 0.5828125 0.34609375 0.053125 0.11171875
8 0.54609375 0.159375 0.075 0.0421875
8 0.7359375 0.19375 0.02265625 0.08203125
8 0.515625 0.49453125 0.090625 0.04921875
8 0.409375 0.52734375 0.021875 0.1
4 0.4578125 0.21484375 0.02421875 0.1125
8 0.28125 0.528125 0.02421875 0.09140625
4 0.47578125 0.31796875 0.021875 0.12890625
4 0.38515625 0.2171875 0.021875 0.1078125
5 0.3921875 0.33046875 0.0328125 0.08515625
8 0.521875 0.59296875 0.0578125 0.04140625
8 0.29140625 0.31796875 0.05234375 0.11875
4 0.72578125 0.5890625 0.084375 0.059375
8 0.34609375 0.53828125 0.0265625 0.13828125
5 0.75625 0.303125 0.040625 0.1140625
5 0.69609375 0.30390625 0.05234375 0.12734375