9 0.40859375 0.22578125 0.08203125 0.14609375
9 0.60078125 0.72109375 0.084375 0.14296875
4 0.6140625 0.20390625 0.05390625 0.0359375
9 0.409375 0.721875 0.0484375 0.08359375
8 0.58203125 0.353125 0.0421875 0.03046875
5 0.675 0.56796875 0.0796875 0.0734375
4 0.48359375 0.753125 0.05078125 0.034375
8 0.49609375 0.5953125 0.05 0.03125
8 0.52421875 0.69609375 0.01796875 0.0953125
5 0.61328125 0.5671875 0.02421875 0.07109375
8 0.64375 0.30546875 0.01796875 0.08046875
8 0.4140625 0.47578125 0.0515625 0.03046875
5 0.4109375 0.384375 0.0734375 0.07109375
5 0.5453125 0.56015625 0.071875 0.0984375
2 0.396875 0.57890625 0.04921875 0.1109375
10 0.5078125 0.86875 0.075 0.109375
10 0.47421875 0.471875 0.040625 0.0890625
0 0.51484375 0.18359375 0.0796875 0.36640625
8 0.5453125 0.4703125 0.07265625 0.065625