5 0.6359375 0.20234375 0.05625 0.10625
9 0.48203125 0.1421875 0.0875 0.16796875
5 0.66484375 0.62421875 0.08203125 0.153125
9 0.4125 0.2453125 0.04921875 0.11484375
5 0.5375 0.63359375 0.046875 0.2125
8 0.5015625 0.2890625 0.1078125 0.05703125
0 0.29921875 0.39375 0.1765625 0.46640625
8 0.6390625 0.465625 0.1140625 0.04765625
5 0.603125 0.11953125 0.04921875 0.13046875
8 0.41171875 0.38984375 0.02578125 0.12734375
1 0.48359375 0.47734375 0.08515625 0.2625
4 0.5640625 0.5515625 0.028125 0.13515625
10 0.58125 0.3015625 0.0484375 0.10390625
8 0.3859375 0.12109375 0.02578125 0.103125