1 0.496875 0.36796875 0.1265625 0.10078125
9 0.65546875 0.61015625 0.04921875 0.10703125
9 0.31171875 0.5171875 0.05078125 0.08984375
8 0.47578125 0.61171875 0.01875 0.08046875
2 0.38984375 0.34296875 0.03203125 0.1484375
5 0.36328125 0.43828125 0.0453125 0.08203125
4 0.43203125 0.57578125 0.05625 0.053125
4 0.52265625 0.65546875 0.05703125 0.05703125
4 0.3109375 0.3828125 0.02578125 0.09609375
4 0.43203125 0.65546875 0.04921875 0.0578125
10 0.6140625 0.34765625 0.03359375 0.0984375
8 0.50703125 0.46015625 0.0171875 0.07109375
8 0.459375 0.46484375 0.028125 0.08359375
8 0.3484375 0.61328125 0.02421875 0.096875
5 0.64453125 0.446875 0.05078125 0.11015625
8 0.57890625 0.6171875 0.03203125 0.096875
4 0.51875 0.56796875 0.04609375 0.05390625
8 0.5625 0.3125 0.04453125 0.03828125