8 0.16171875 0.62890625 0.04375 0.12265625
9 0.2765625 0.25 0.0734375 0.13046875
5 0.3875 0.1703125 0.05703125 0.16015625
9 0.5984375 0.26328125 0.1328125 0.20546875
8 0.26640625 0.55546875 0.1078125 0.08125
4 0.34609375 0.50625 0.03984375 0.12578125
8 0.771875 0.34765625 0.04140625 0.1
1 0.74921875 0.484375 0.13984375 0.3046875
10 0.3625 0.315625 0.0453125 0.28671875
8 0.89921875 0.64609375 0.06875 0.15703125
8 0.28046875 0.33203125 0.0640625 0.0578125
10 0.48671875 0.3453125 0.06171875 0.228125
8 0.23515625 0.684375 0.0953125 0.084375
8 0.64296875 0.59140625 0.040625 0.11875
8 0.29375 0.42265625 0.03359375 0.10625
5 0.40703125 0.38125 0.07109375 0.21484375
4 0.3765625 0.6734375 0.10546875 0.1
5 0.5015625 0.60390625 0.10078125 0.27421875
2 0.56328125 0.403125 0.0875 0.16484375