8 0.2828125 0.775 0.04609375 0.16953125
8 0.3578125 0.796875 0.04140625 0.20546875
8 0.434375 0.79375 0.040625 0.1875
8 0.51484375 0.79453125 0.040625 0.196875
8 0.34765625 0.590625 0.1234375 0.0734375
8 0.4703125 0.58515625 0.11171875 0.0515625
8 0.51171875 0.32578125 0.040625 0.14296875
8 0.4421875 0.32421875 0.02734375 0.12890625
8 0.390625 0.321875 0.03359375 0.14140625
8 0.31875 0.32109375 0.04296875 0.103125
4 0.5921875 0.58203125 0.0984375 0.0890625
4 0.690625 0.65078125 0.03828125 0.15390625
4 0.65 0.821875 0.13828125 0.06953125
5 0.35625 0.459375 0.11328125 0.10703125
5 0.47421875 0.46171875 0.103125 0.1125
5 0.58984375 0.17421875 0.059375 0.134375
5 0.5921875 0.0671875 0.05 0.09609375
10 0.625 0.275 0.0578125 0.0890625
10 0.6265625 0.38828125 0.07265625 0.1484375
9 0.35 0.1578125 0.06484375 0.1265625
9 0.48125 0.15625 0.11015625 0.184375