9 0.659375 0.19296875 0.06484375 0.1328125
0 0.5953125 0.2203125 0.0796875 0.24921875
5 0.48515625 0.4046875 0.034375 0.06171875
10 0.35859375 0.33515625 0.02890625 0.0671875
9 0.40703125 0.4734375 0.078125 0.13046875
9 0.41484375 0.21953125 0.03828125 0.0765625
8 0.5328125 0.2109375 0.0140625 0.06640625
8 0.42109375 0.3734375 0.03828125 0.034375
8 0.625 0.5296875 0.04375 0.03359375
4 0.4 0.309375 0.01796875 0.0609375
4 0.68203125 0.48203125 0.02109375 0.08046875
5 0.48203125 0.44765625 0.04140625 0.0671875
10 0.52890625 0.2765625 0.02890625 0.0578125
8 0.59921875 0.434375 0.01640625 0.0703125
4 0.56171875 0.53046875 0.0359375 0.04609375
8 0.5359375 0.39609375 0.015625 0.078125
4 0.5609375 0.47890625 0.0359375 0.04453125
8 0.475 0.32734375 0.0140625 0.06640625
5 0.4828125 0.50625 0.03984375 0.06171875
2 0.478125 0.18359375 0.03828125 0.07734375