9 0.31953125 0.8203125 0.075 0.1125
9 0.4515625 0.8421875 0.128125 0.190625
5 0.55546875 0.9203125 0.06875 0.11875
5 0.5609375 0.828125 0.065625 0.1390625
10 0.6015625 0.71796875 0.0578125 0.1140625
10 0.615625 0.6 0.071875 0.1421875
5 0.35078125 0.515625 0.1328125 0.1296875
5 0.4671875 0.52578125 0.11875 0.13125
4 0.60078125 0.42890625 0.10625 0.0921875
4 0.7 0.3703125 0.0625 0.196875
4 0.66796875 0.1921875 0.1515625 0.0953125
8 0.29609375 0.6640625 0.0421875 0.128125
8 0.365625 0.6640625 0.0390625 0.121875
8 0.42890625 0.67265625 0.0421875 0.140625
8 0.49921875 0.66953125 0.040625 0.153125
8 0.3484375 0.3953125 0.125 0.0796875
8 0.4703125 0.396875 0.1140625 0.0703125
8 0.31171875 0.19296875 0.0828125 0.203125
8 0.384375 0.1921875 0.059375 0.184375
8 0.45703125 0.19921875 0.0515625 0.1890625
8 0.5375 0.1984375 0.0640625 0.2