9 0.6234375 0.43046875 0.078125 0.15234375
1 0.39765625 0.53125 0.20078125 0.15390625
8 0.396875 0.8 0.04296875 0.22734375
9 0.74921875 0.52109375 0.14375 0.234375
4 0.31796875 0.659375 0.14921875 0.075
8 0.59296875 0.57890625 0.0296875 0.17734375
5 0.52265625 0.7875 0.090625 0.13203125
8 0.77421875 0.38203125 0.07578125 0.059375
8 0.49140625 0.44375 0.10234375 0.05234375
0 0.221875 0.303125 0.271875 0.23359375
5 0.246875 0.52265625 0.08359375 0.15390625
5 0.80234375 0.78359375 0.1359375 0.14140625
10 0.50078125 0.6796875 0.1203125 0.10390625
5 0.134375 0.784375 0.178125 0.19140625