4 0.71953125 0.74296875 0.1453125 0.0796875
9 0.2453125 0.1375 0.0890625 0.140625
4 0.83125 0.64140625 0.0625 0.2296875
8 0.73359375 0.28515625 0.125 0.0703125
8 0.75546875 0.4109375 0.1328125 0.06875
5 0.30859375 0.58125 0.090625 0.2453125
8 0.40234375 0.446875 0.1265625 0.065625
5 0.5046875 0.16796875 0.09375 0.19375
8 0.71875 0.17578125 0.11875 0.0625
10 0.546875 0.64296875 0.0734375 0.18125
8 0.61015625 0.35234375 0.0484375 0.1890625
8 0.39296875 0.3140625 0.125 0.0796875
9 0.23515625 0.3953125 0.175 0.2609375
8 0.384375 0.1 0.109375 0.0703125
10 0.42578125 0.65625 0.08125 0.18125
4 0.63828125 0.578125 0.0515625 0.1578125
8 0.3859375 0.21484375 0.1171875 0.0640625
5 0.19140625 0.61328125 0.1328125 0.1953125
8 0.590625 0.16640625 0.0453125 0.1625
8 0.6984375 0.0671875 0.115625 0.065625
5 0.5328125 0.3859375 0.09375 0.175