9 0.51875 0.4296875 0.1234375 0.175
10 0.6703125 0.6125 0.0453125 0.078125
8 0.47890625 0.76015625 0.040625 0.0453125
8 0.61015625 0.84140625 0.0234375 0.0609375
10 0.68203125 0.7109375 0.05 0.0890625
4 0.6875 0.84921875 0.0703125 0.0609375
5 0.6375 0.5484375 0.0609375 0.1015625
8 0.5625 0.8453125 0.0265625 0.0640625
8 0.41015625 0.5984375 0.0359375 0.090625
8 0.51796875 0.85 0.025 0.0625
4 0.64765625 0.740625 0.053125 0.053125
8 0.56796875 0.5625 0.0375 0.109375
8 0.4640625 0.58515625 0.034375 0.0984375
4 0.71328125 0.7734375 0.0359375 0.0765625
8 0.51484375 0.57265625 0.0390625 0.1203125
8 0.56484375 0.7546875 0.046875 0.0421875
5 0.5953125 0.7265625 0.0484375 0.1609375
5 0.503125 0.73515625 0.0515625 0.1484375
9 0.39765625 0.465625 0.0671875 0.115625
8 0.47109375 0.8484375 0.028125 0.078125
5 0.63515625 0.43671875 0.0796875 0.1171875