9 0.39765625 0.78125 0.1046875 0.1765625
10 0.49296875 0.915625 0.04375 0.0859375
9 0.66640625 0.24921875 0.1328125 0.21875
9 0.61953125 0.796875 0.0609375 0.1078125
8 0.3484375 0.33828125 0.034375 0.1203125
8 0.6375 0.5390625 0.0640625 0.046875
5 0.4234375 0.66953125 0.0359375 0.1296875
4 0.3484375 0.48203125 0.034375 0.109375
0 0.51015625 0.534375 0.1390625 0.3328125
8 0.428125 0.3890625 0.0546875 0.04375
5 0.68984375 0.440625 0.046875 0.109375
4 0.5375 0.8140625 0.04375 0.046875
4 0.39140625 0.484375 0.0296875 0.103125
8 0.48828125 0.76640625 0.0265625 0.0921875
5 0.384375 0.675 0.0390625 0.1390625
4 0.38359375 0.19296875 0.0734375 0.0546875
2 0.665625 0.653125 0.0515625 0.1421875
8 0.44921875 0.53125 0.01875 0.0421875
5 0.33671875 0.6640625 0.04375 0.159375