5 0.32109375 0.43125 0.0640625 0.084375
8 0.428125 0.4828125 0.040625 0.096875
1 0.49296875 0.57578125 0.1546875 0.1421875
2 0.3796875 0.6265625 0.06875 0.13125
4 0.36875 0.3140625 0.046875 0.0421875
9 0.5640625 0.2953125 0.059375 0.0875
8 0.503125 0.31796875 0.0328125 0.071875
8 0.58046875 0.6234375 0.059375 0.0515625
5 0.59296875 0.378125 0.0703125 0.1046875
8 0.30546875 0.36171875 0.0328125 0.065625
4 0.38359375 0.38515625 0.059375 0.04375
8 0.4765625 0.47734375 0.0375 0.0859375
4 0.44453125 0.29375 0.0546875 0.053125
8 0.41328125 0.3390625 0.0296875 0.0625
8 0.34609375 0.53125 0.0609375 0.05625
4 0.30390625 0.609375 0.053125 0.121875
9 0.28125 0.44921875 0.0625 0.09375
4 0.46015625 0.36875 0.0578125 0.053125
10 0.6078125 0.5171875 0.053125 0.0765625