9 0.58828125 0.24609375 0.1015625 0.1484375
9 0.73671875 0.34609375 0.1859375 0.2734375
8 0.44296875 0.71875 0.075 0.25
4 0.33828125 0.57578125 0.159375 0.0890625
8 0.73515625 0.15859375 0.0953125 0.078125
8 0.58828125 0.42265625 0.0640625 0.1859375
8 0.4578125 0.29453125 0.1203125 0.0765625
5 0.22265625 0.428125 0.090625 0.1390625
10 0.52421875 0.58984375 0.1265625 0.134375
5 0.59140625 0.684375 0.1640625 0.1578125
5 0.82578125 0.6125 0.159375 0.1625
0 0.1546875 0.2 0.309375 0.296875
1 0.38828125 0.42421875 0.2390625 0.184375
5 0.1875 0.76015625 0.1796875 0.1609375