8 0.6671875 0.33671875 0.02890625 0.09609375
8 0.69453125 0.5484375 0.015625 0.13046875
8 0.56953125 0.52421875 0.028125 0.1234375
8 0.36484375 0.303125 0.075 0.046875
8 0.378125 0.37265625 0.02890625 0.090625
8 0.3640625 0.47265625 0.0671875 0.05390625
8 0.3625 0.55703125 0.06796875 0.053125
8 0.315625 0.5203125 0.03203125 0.11796875
8 0.48359375 0.440625 0.0296875 0.11796875
5 0.43359375 0.20625 0.0546875 0.140625
5 0.43984375 0.43828125 0.046875 0.109375
5 0.496875 0.5640625 0.05859375 0.09140625
8 0.4859375 0.23984375 0.03046875 0.084375
9 0.56875 0.26328125 0.09453125 0.1375
9 0.365625 0.234375 0.07109375 0.07109375
10 0.49453125 0.32421875 0.0484375 0.07890625
2 0.5359375 0.4390625 0.0625 0.096875
1 0.628125 0.446875 0.08203125 0.23203125
4 0.43203125 0.553125 0.06875 0.0625
4 0.409375 0.4421875 0.02109375 0.11796875