9 0.603125 0.2625 0.1046875 0.153125
4 0.49140625 0.53984375 0.0578125 0.053125
1 0.45703125 0.190625 0.1421875 0.1234375
8 0.553125 0.5984375 0.046875 0.0375
8 0.65703125 0.4046875 0.05 0.0390625
8 0.5328125 0.1203125 0.04375 0.05
8 0.38125 0.11015625 0.0421875 0.04375
8 0.44453125 0.70078125 0.05 0.0421875
5 0.38828125 0.3671875 0.0515625 0.10625
8 0.415625 0.28046875 0.0421875 0.046875
10 0.54375 0.3734375 0.0421875 0.10625
8 0.621875 0.63515625 0.034375 0.1234375
5 0.64375 0.46328125 0.0578125 0.1046875
9 0.68203125 0.63203125 0.0640625 0.10625
8 0.47421875 0.41796875 0.05 0.046875
8 0.46796875 0.6125 0.028125 0.0828125
4 0.4015625 0.4921875 0.0359375 0.08125
8 0.40703125 0.61796875 0.03125 0.0828125
2 0.47734375 0.3125 0.0640625 0.096875
10 0.584375 0.4890625 0.0765625 0.1171875