5 0.22265625 0.19765625 0.16875 0.1328125
5 0.3609375 0.1703125 0.1015625 0.253125
10 0.43984375 0.18984375 0.109375 0.171875
10 0.53828125 0.23203125 0.1203125 0.1578125
5 0.534375 0.4640625 0.115625 0.209375
5 0.48828125 0.690625 0.13125 0.2484375
4 0.709375 0.20625 0.1296875 0.096875
4 0.64921875 0.303125 0.071875 0.1375
4 0.80859375 0.28671875 0.075 0.1359375
9 0.20546875 0.390625 0.234375 0.259375
9 0.1234375 0.66171875 0.18125 0.2390625
8 0.40625 0.3734375 0.159375 0.14375
8 0.3765625 0.50078125 0.159375 0.1359375
8 0.3421875 0.62734375 0.1921875 0.128125
8 0.296875 0.778125 0.1890625 0.1234375
8 0.77265625 0.44296875 0.153125 0.1125
8 0.7765625 0.56328125 0.1640625 0.09375
8 0.77265625 0.696875 0.18125 0.10625
8 0.75859375 0.86484375 0.184375 0.128125
8 0.6234375 0.5046875 0.090625 0.203125
8 0.5984375 0.73671875 0.11875 0.2609375