4 0.67265625 0.18671875 0.01953125 0.0671875
9 0.6015625 0.15625 0.075 0.11796875
5 0.53359375 0.36328125 0.03984375 0.09375
4 0.4328125 0.41328125 0.07890625 0.05
4 0.64609375 0.259375 0.0734375 0.0515625
8 0.45390625 0.215625 0.0375 0.0328125
9 0.54453125 0.27578125 0.04140625 0.090625
8 0.475 0.3171875 0.02109375 0.065625
5 0.5375 0.16328125 0.0359375 0.1046875
8 0.64921875 0.4625 0.0703125 0.03828125
8 0.6859375 0.34921875 0.01796875 0.06953125
8 0.65703125 0.53515625 0.0828125 0.0390625
8 0.63125 0.35703125 0.01875 0.07890625
4 0.4296875 0.509375 0.075 0.06953125
8 0.40859375 0.3265625 0.021875 0.0796875
5 0.52421875 0.584375 0.0453125 0.12109375
8 0.659375 0.6140625 0.09140625 0.0453125
8 0.45703125 0.1578125 0.04765625 0.03671875
5 0.52890625 0.475 0.03515625 0.09296875
9 0.42578125 0.5765625 0.07265625 0.12109375