9 0.62265625 0.50859375 0.0734375 0.12890625
0 0.371875 0.2875 0.1015625 0.425
8 0.4375 0.85703125 0.028125 0.2046875
4 0.36796875 0.7203125 0.12734375 0.0625
5 0.253125 0.821875 0.05 0.21171875
5 0.61640625 0.8203125 0.034375 0.19921875
9 0.73125 0.6046875 0.11875 0.21171875
1 0.42890625 0.61171875 0.17578125 0.13515625
5 0.27890625 0.63203125 0.07421875 0.14296875
5 0.7421875 0.82265625 0.04765625 0.165625
8 0.75390625 0.4609375 0.06796875 0.05390625
8 0.5984375 0.6359375 0.02421875 0.1296875
8 0.5078125 0.51171875 0.1015625 0.05390625
10 0.559375 0.74140625 0.0484375 0.15546875