9 0.30390625 0.45859375 0.125 0.203125
5 0.76484375 0.30703125 0.0578125 0.103125
5 0.44921875 0.2125 0.028125 0.225
9 0.4046875 0.5765625 0.0796875 0.134375
5 0.75 0.171875 0.0421875 0.14296875
0 0.728125 0.55859375 0.1671875 0.44453125
5 0.340625 0.2328125 0.03515625 0.1796875
8 0.44296875 0.44609375 0.028125 0.18515625
8 0.5953125 0.25703125 0.021875 0.1171875
1 0.5984375 0.45546875 0.14765625 0.13203125
4 0.65703125 0.35 0.046875 0.05390625
10 0.49375 0.29375 0.03671875 0.14375
8 0.228125 0.6578125 0.06640625 0.05390625
8 0.534375 0.57734375 0.10703125 0.0515625