8 0.44765625 0.0546875 0.078125 0.040625
9 0.6046875 0.51484375 0.059375 0.13046875
8 0.44453125 0.20625 0.07890625 0.0421875
8 0.47109375 0.61640625 0.02578125 0.184375
10 0.5234375 0.359375 0.04453125 0.1578125
4 0.43984375 0.2984375 0.0875 0.05390625
10 0.61328125 0.25859375 0.03515625 0.1484375
8 0.3859375 0.61484375 0.02578125 0.1875
9 0.5859375 0.08984375 0.08671875 0.15625
9 0.5671875 0.8328125 0.065625 0.146875
8 0.44765625 0.115625 0.07734375 0.0390625
4 0.43828125 0.4078125 0.08984375 0.0484375