9 0.73125 0.59609375 0.1046875 0.1453125
8 0.47578125 0.46796875 0.0453125 0.0953125
8 0.49375 0.596875 0.0390625 0.0859375
4 0.54140625 0.6390625 0.06875 0.075
8 0.553125 0.484375 0.0453125 0.090625
8 0.3609375 0.5625 0.0421875 0.0875
2 0.7234375 0.396875 0.115625 0.246875
1 0.5109375 0.35234375 0.2671875 0.2140625
5 0.6609375 0.6140625 0.1078125 0.2
4 0.4453125 0.559375 0.0640625 0.06875
10 0.2890625 0.3671875 0.0984375 0.1734375
4 0.83515625 0.4234375 0.0921875 0.1765625
4 0.559375 0.57890625 0.06875 0.071875
5 0.23828125 0.521875 0.115625 0.2109375
4 0.428125 0.62734375 0.0546875 0.05625
8 0.40625 0.23671875 0.1 0.0859375
9 0.27421875 0.56953125 0.075 0.1296875