8 0.7171875 0.609375 0.13125 0.071875
8 0.375 0.52890625 0.1328125 0.0734375
10 0.31328125 0.76328125 0.125 0.153125
9 0.29921875 0.09609375 0.103125 0.1421875
5 0.5765625 0.228125 0.115625 0.2328125
10 0.41640625 0.77734375 0.1296875 0.1484375
4 0.56484375 0.91171875 0.1328125 0.09375
9 0.2203125 0.41875 0.1859375 0.2625
5 0.52734375 0.46328125 0.1171875 0.2328125
8 0.46875 0.084375 0.1359375 0.084375
8 0.7515625 0.46171875 0.125 0.0703125
8 0.81875 0.171875 0.1296875 0.075
8 0.434375 0.24375 0.1359375 0.0765625
4 0.55 0.7375 0.06875 0.1796875
5 0.23984375 0.709375 0.0828125 0.15625
8 0.7875 0.3234375 0.1265625 0.0734375
8 0.4046875 0.3828125 0.1296875 0.0703125
8 0.609375 0.47734375 0.071875 0.21875
4 0.69453125 0.846875 0.078125 0.19375
8 0.6625 0.25234375 0.071875 0.2109375
5 0.11015625 0.66328125 0.175 0.146875