8 0.7625 0.2609375 0.0296875 0.078125
8 0.44453125 0.28203125 0.0453125 0.0375
5 0.5859375 0.20390625 0.05625 0.084375
8 0.49375 0.62421875 0.0296875 0.0796875
8 0.4296875 0.41328125 0.0296875 0.0828125
8 0.4609375 0.1921875 0.0484375 0.0390625
9 0.36796875 0.5921875 0.0578125 0.0859375
8 0.5453125 0.346875 0.03125 0.0875
8 0.64140625 0.27421875 0.028125 0.0703125
2 0.590625 0.3484375 0.0484375 0.0671875
8 0.41484375 0.22890625 0.028125 0.0765625
1 0.6875 0.37265625 0.0953125 0.2328125
5 0.45 0.5765625 0.05 0.0765625
4 0.48046875 0.32109375 0.03125 0.0859375
8 0.69921875 0.5203125 0.03125 0.0796875
10 0.4546875 0.47890625 0.0359375 0.06875
10 0.53359375 0.4484375 0.04375 0.075
8 0.39765625 0.509375 0.071875 0.04375
9 0.5859375 0.590625 0.096875 0.1484375
5 0.50234375 0.36875 0.0453125 0.0890625
4 0.52734375 0.20625 0.053125 0.04375