9 0.67265625 0.40546875 0.0859375 0.146875
0 0.31640625 0.2171875 0.18125 0.15859375
9 0.5921875 0.31953125 0.05546875 0.08671875
5 0.5265625 0.59296875 0.0578125 0.08046875
10 0.509375 0.52890625 0.06640625 0.07109375
8 0.571875 0.434375 0.02109375 0.1328125
4 0.50703125 0.3234375 0.07578125 0.03828125
8 0.4484375 0.5875 0.025 0.14609375
8 0.7015625 0.28203125 0.05390625 0.03671875
4 0.39609375 0.49296875 0.0953125 0.04921875
5 0.2875 0.5859375 0.08984375 0.09609375
5 0.69375 0.5828125 0.0703125 0.06640625
1 0.4421875 0.403125 0.13671875 0.1
5 0.33828125 0.38984375 0.04375 0.10859375