4 0.4203125 0.46796875 0.1125 0.059375
0 0.40078125 0.22265625 0.196875 0.20625
1 0.490625 0.39453125 0.1421875 0.1125
5 0.38828125 0.3796875 0.0671875 0.103125
5 0.31796875 0.52734375 0.115625 0.11875
5 0.5515625 0.57734375 0.103125 0.1015625
5 0.69140625 0.58828125 0.084375 0.0921875
10 0.53515625 0.49921875 0.084375 0.075
8 0.4625 0.56875 0.0578125 0.1328125
8 0.6015625 0.446875 0.05 0.1203125
8 0.553125 0.34609375 0.0859375 0.0609375
8 0.7453125 0.34453125 0.0890625 0.065625
9 0.63984375 0.33828125 0.06875 0.090625
9 0.7046875 0.41796875 0.1140625 0.14375