9 0.57890625 0.240625 0.10859375 0.196875
1 0.68125 0.51640625 0.0921875 0.3234375
8 0.29921875 0.58359375 0.071875 0.0578125
5 0.4171875 0.53203125 0.05703125 0.1484375
5 0.47578125 0.72890625 0.0671875 0.1390625
8 0.72421875 0.33515625 0.0296875 0.090625
8 0.7875 0.67890625 0.034375 0.11484375
4 0.39453125 0.70859375 0.10546875 0.0734375
8 0.5953125 0.65078125 0.028125 0.14140625
8 0.284375 0.71328125 0.06796875 0.05078125
8 0.4671875 0.2046875 0.02265625 0.109375
8 0.30625 0.3015625 0.0578125 0.0515625
2 0.5421875 0.52890625 0.05703125 0.14453125
8 0.225 0.65390625 0.02890625 0.10703125
4 0.36328125 0.53046875 0.03203125 0.12890625
10 0.4765625 0.34453125 0.053125 0.09453125
8 0.465625 0.5296875 0.02734375 0.14140625
9 0.29765625 0.20859375 0.06875 0.1234375
8 0.31875 0.428125 0.0296875 0.1328125
5 0.4 0.1640625 0.0578125 0.1859375
10 0.43046875 0.33203125 0.09453125 0.11875