9 0.3984375 0.79609375 0.2046875 0.2546875
9 0.7640625 0.3109375 0.26875 0.33125
8 0.7390625 0.76796875 0.1078125 0.090625
9 0.25234375 0.43203125 0.1515625 0.215625
4 0.284375 0.5828125 0.0828125 0.1375
4 0.64375 0.7890625 0.0953125 0.075
4 0.6265625 0.73359375 0.109375 0.0859375
8 0.6890625 0.67421875 0.0671875 0.1203125
8 0.5796875 0.67265625 0.0453125 0.0859375
8 0.43203125 0.565625 0.0828125 0.1578125
8 0.49609375 0.35390625 0.084375 0.1828125
2 0.38125 0.36171875 0.15625 0.184375
5 0.596875 0.34296875 0.128125 0.2484375
5 0.5 0.6703125 0.0984375 0.1578125
5 0.5328125 0.82890625 0.11875 0.2078125
10 0.53984375 0.5609375 0.1140625 0.19375
10 0.1953125 0.68046875 0.15 0.1625
0 0.82265625 0.59765625 0.3546875 0.3921875
8 0.36484375 0.653125 0.125 0.09375