8 0.5875 0.753125 0.034375 0.078125
5 0.4921875 0.725 0.046875 0.109375
4 0.6359375 0.7765625 0.0421875 0.04375
8 0.38359375 0.47578125 0.0421875 0.0828125
0 0.4953125 0.33671875 0.1625 0.3296875
5 0.546875 0.653125 0.0703125 0.0890625
5 0.6421875 0.4703125 0.0828125 0.0859375
10 0.63125 0.8796875 0.0546875 0.0984375
9 0.52265625 0.790625 0.1125 0.1515625
8 0.65703125 0.559375 0.05 0.046875
8 0.45859375 0.49609375 0.05 0.04375
9 0.6984375 0.74921875 0.0671875 0.1015625
8 0.596875 0.67265625 0.04375 0.04375
8 0.52109375 0.58984375 0.05 0.0453125
10 0.5953125 0.59375 0.05625 0.1125
4 0.4140625 0.571875 0.0421875 0.0890625
9 0.61875 0.34296875 0.140625 0.1921875
4 0.44921875 0.565625 0.0421875 0.090625
4 0.3859375 0.3640625 0.075 0.0640625
2 0.6875 0.6375 0.059375 0.096875
5 0.41875 0.70390625 0.0875 0.0875