0 0.56171875 0.2484375 0.1296875 0.3234375
9 0.61796875 0.1859375 0.1 0.175
9 0.41171875 0.51484375 0.1140625 0.1828125
9 0.37890625 0.24765625 0.0625 0.096875
2 0.4390625 0.1953125 0.0703125 0.0984375
10 0.3421875 0.38515625 0.046875 0.10625
10 0.503125 0.2953125 0.0546875 0.0890625
4 0.37890625 0.3453125 0.0375 0.084375
4 0.56171875 0.48828125 0.06875 0.065625
4 0.5703125 0.54609375 0.075 0.05625
4 0.6859375 0.4796875 0.0578125 0.1328125
8 0.45546875 0.346875 0.040625 0.1015625
8 0.40859375 0.3984375 0.0640625 0.0421875
8 0.49609375 0.22734375 0.0328125 0.0765625
8 0.590625 0.43984375 0.040625 0.1078125
8 0.63671875 0.52578125 0.0671875 0.053125
5 0.49296875 0.5359375 0.0671875 0.1046875
5 0.48125 0.4703125 0.059375 0.0859375
5 0.47734375 0.43046875 0.05625 0.0875