9 0.49921875 0.27890625 0.103125 0.1640625
4 0.54296875 0.684375 0.021875 0.1109375
10 0.57109375 0.54375 0.04375 0.125
9 0.428125 0.40625 0.053125 0.109375
5 0.58828125 0.8078125 0.040625 0.1
8 0.3875 0.18828125 0.0296875 0.1140625
8 0.515625 0.4390625 0.04375 0.0421875
5 0.61796875 0.49921875 0.06875 0.15625
1 0.4875 0.63515625 0.059375 0.2125
5 0.48046875 0.75625 0.06875 0.0703125
5 0.6359375 0.25 0.06875 0.134375
8 0.59921875 0.61640625 0.0453125 0.0421875
0 0.3796875 0.828125 0.0890625 0.290625
8 0.43046875 0.546875 0.0203125 0.0890625