4 0.5984375 0.15546875 0.06015625 0.04453125
4 0.59375 0.321875 0.0265625 0.07734375
4 0.6234375 0.3234375 0.021875 0.09140625
4 0.47265625 0.58671875 0.06015625 0.04921875
10 0.478125 0.35625 0.03828125 0.10859375
0 0.5 0.1609375 0.0796875 0.2640625
9 0.4203125 0.18203125 0.08046875 0.140625
9 0.59296875 0.55859375 0.09375 0.153125
9 0.41171875 0.559375 0.0515625 0.08828125
2 0.39296875 0.45234375 0.03828125 0.10625
5 0.3953125 0.27890625 0.0359375 0.11171875
5 0.56484375 0.40234375 0.02421875 0.10859375
5 0.59375 0.40625 0.0203125 0.1203125
5 0.6296875 0.4078125 0.0234375 0.12578125
8 0.57109375 0.26796875 0.05703125 0.0328125
8 0.534375 0.35390625 0.05078125 0.0375
8 0.496875 0.45625 0.0625 0.04140625
8 0.4203125 0.36484375 0.06875 0.040625
8 0.51875 0.54375 0.02265625 0.08984375
10 0.5046875 0.63828125 0.04765625 0.09140625