9 0.3109375 0.52421875 0.040625 0.0671875
9 0.44375 0.57578125 0.040625 0.06953125
8 0.4046875 0.42109375 0.075 0.0296875
9 0.6921875 0.565625 0.071875 0.12265625
4 0.503125 0.3671875 0.01796875 0.115625
10 0.5640625 0.5890625 0.03515625 0.04921875
8 0.40703125 0.321875 0.0828125 0.03046875
4 0.5609375 0.36328125 0.01640625 0.11328125
10 0.5328125 0.4890625 0.0484375 0.05546875
8 0.61796875 0.36171875 0.025 0.12109375
8 0.725 0.3546875 0.03359375 0.12109375
8 0.6765625 0.35859375 0.0265625 0.125