4 0.6640625 0.64765625 0.0484375 0.1125
4 0.73984375 0.47890625 0.0609375 0.1328125
4 0.65390625 0.48515625 0.053125 0.1390625
1 0.4484375 0.64921875 0.1390625 0.30625
4 0.74296875 0.6546875 0.0484375 0.1078125
8 0.55546875 0.65234375 0.0703125 0.0703125
8 0.70625 0.74453125 0.0609375 0.0546875
9 0.71328125 0.859375 0.08125 0.1328125
8 0.7015625 0.5734375 0.0703125 0.0609375
8 0.471875 0.3640625 0.0484375 0.1328125
8 0.5375 0.5625 0.0765625 0.059375
5 0.5671875 0.40859375 0.0859375 0.28125
8 0.4203125 0.7671875 0.0390625 0.1
9 0.578125 0.2421875 0.103125 0.1765625
2 0.3859375 0.49140625 0.1046875 0.1453125
4 0.38671875 0.2203125 0.1359375 0.1015625
5 0.58671875 0.8765625 0.1203125 0.1296875
10 0.48125 0.8625 0.090625 0.1296875
8 0.68828125 0.30625 0.0953125 0.0796875