5 0.3796875 0.81328125 0.0640625 0.1703125
9 0.590625 0.7390625 0.140625 0.2078125
8 0.17890625 0.36484375 0.05 0.1234375
8 0.90234375 0.38203125 0.0703125 0.1578125
9 0.27578125 0.73984375 0.078125 0.128125
1 0.74453125 0.52890625 0.153125 0.3125
8 0.76328125 0.659375 0.046875 0.1078125
10 0.48828125 0.65078125 0.0796875 0.225
8 0.28125 0.65859375 0.0671875 0.0578125
8 0.26796875 0.4296875 0.0828125 0.0734375
8 0.25234375 0.309375 0.09375 0.0890625
4 0.3515625 0.49453125 0.04375 0.1234375
8 0.65 0.41640625 0.046875 0.125
10 0.35625 0.72890625 0.05625 0.1765625
5 0.40234375 0.6171875 0.08125 0.2140625
2 0.56015625 0.60234375 0.0890625 0.1890625
5 0.50859375 0.415625 0.1125 0.2640625
4 0.3953125 0.33671875 0.1125 0.1078125
8 0.29921875 0.5671875 0.04375 0.1234375