8 0.55234375 0.5046875 0.05 0.046875
8 0.61015625 0.55 0.0390625 0.071875
8 0.403125 0.3828125 0.0484375 0.0421875
9 0.4421875 0.23515625 0.0625 0.0953125
8 0.53203125 0.41640625 0.0484375 0.0421875
4 0.50390625 0.24453125 0.0390625 0.04375
8 0.4984375 0.3296875 0.040625 0.0390625
4 0.5875 0.4625 0.034375 0.0671875
4 0.61953125 0.46796875 0.0375 0.06875
5 0.53359375 0.3609375 0.0640625 0.075
9 0.60703125 0.27734375 0.1015625 0.1390625
0 0.46953125 0.58359375 0.159375 0.303125
9 0.3515625 0.5484375 0.1296875 0.171875
5 0.6609375 0.3734375 0.090625 0.0875
5 0.60859375 0.3359375 0.0703125 0.1515625
2 0.4125 0.31796875 0.071875 0.1015625
10 0.471875 0.36796875 0.0625 0.103125
10 0.54375 0.17265625 0.0671875 0.1078125
8 0.528125 0.2796875 0.0484375 0.0953125
4 0.57265625 0.63515625 0.0953125 0.08125
5 0.3796875 0.43671875 0.0921875 0.078125