9 0.6109375 0.2 0.13984375 0.25390625
1 0.753125 0.54375 0.128125 0.415625
8 0.2703125 0.26875 0.071875 0.059375
8 0.47421875 0.56015625 0.034375 0.18046875
4 0.34296875 0.5578125 0.0390625 0.1671875
4 0.38515625 0.78828125 0.13828125 0.096875
8 0.16484375 0.73515625 0.04453125 0.1796875
8 0.2625 0.6265625 0.10078125 0.0734375
9 0.2625 0.14921875 0.08515625 0.15
8 0.28671875 0.428125 0.03359375 0.16640625
8 0.890625 0.74921875 0.0453125 0.15078125
8 0.79375 0.3296875 0.04609375 0.140625
5 0.40859375 0.4296875 0.0828125 0.165625
10 0.35859375 0.25703125 0.05625 0.23359375
8 0.23984375 0.80234375 0.12109375 0.075
8 0.47109375 0.153125 0.02890625 0.13359375
10 0.49375 0.30390625 0.0796875 0.1625
5 0.503125 0.7546875 0.10546875 0.19453125
8 0.64140625 0.7 0.0390625 0.16640625
5 0.3828125 0.1046875 0.0640625 0.1890625
2 0.57109375 0.46875 0.08203125 0.15