1 0.63203125 0.35 0.0828125 0.2125
8 0.696875 0.45859375 0.0296875 0.071875
8 0.35625 0.325 0.0265625 0.0640625
8 0.5390625 0.6109375 0.0296875 0.0796875
8 0.6640625 0.24453125 0.028125 0.065625
10 0.51953125 0.4265625 0.04375 0.0734375
8 0.41796875 0.45546875 0.0296875 0.0765625
9 0.4109375 0.61640625 0.059375 0.0984375
4 0.446875 0.28046875 0.0578125 0.053125
10 0.45234375 0.4640625 0.0359375 0.084375
8 0.3953125 0.35234375 0.0390625 0.040625
8 0.5640625 0.28984375 0.025 0.0578125
8 0.5 0.36640625 0.028125 0.0734375
9 0.61328125 0.5484375 0.1 0.146875
8 0.4140625 0.54140625 0.0453125 0.0421875
8 0.3859375 0.284375 0.046875 0.0484375
2 0.54609375 0.35546875 0.053125 0.1078125
5 0.4625 0.36015625 0.034375 0.0703125
5 0.49140625 0.240625 0.0515625 0.0953125
5 0.4765625 0.55234375 0.05625 0.0984375
4 0.43984375 0.378125 0.0296875 0.071875