8 0.62109375 0.3515625 0.015625 0.0578125
8 0.34296875 0.503125 0.015625 0.06015625
1 0.38203125 0.40546875 0.040625 0.159375
8 0.4328125 0.3515625 0.01328125 0.046875
8 0.3390625 0.33203125 0.01484375 0.0484375
8 0.58828125 0.3234375 0.03203125 0.034375
8 0.6078125 0.5296875 0.034375 0.0359375
9 0.62265625 0.5828125 0.04140625 0.08984375
8 0.50625 0.603125 0.015625 0.0609375
9 0.4296875 0.56484375 0.07421875 0.128125
8 0.5890625 0.4578125 0.01484375 0.05625
8 0.59140625 0.37734375 0.03046875 0.0296875
4 0.55859375 0.409375 0.01953125 0.06640625
4 0.534375 0.328125 0.04296875 0.03671875
10 0.52265625 0.51796875 0.0625 0.06484375
10 0.4953125 0.43671875 0.028125 0.0625
2 0.459375 0.40390625 0.03125 0.08984375
8 0.5 0.39453125 0.01640625 0.03984375
5 0.4921875 0.2859375 0.03359375 0.103125
5 0.5296875 0.396875 0.034375 0.0890625
5 0.5546875 0.6078125 0.04453125 0.10390625