9 0.61484375 0.70390625 0.1078125 0.18203125
10 0.471875 0.43046875 0.03125 0.08515625
8 0.64765625 0.3078125 0.01875 0.07734375
5 0.709375 0.53046875 0.0734375 0.0890625
8 0.584375 0.34765625 0.04375 0.0390625
5 0.5359375 0.5328125 0.06015625 0.0921875
4 0.6515625 0.415625 0.02265625 0.090625
8 0.521875 0.68671875 0.02109375 0.103125
8 0.39921875 0.4640625 0.04609375 0.040625
4 0.6140625 0.4109375 0.02578125 0.084375
9 0.40546875 0.25625 0.0875 0.15703125
8 0.54765625 0.45625 0.04296875 0.03671875
4 0.61328125 0.2234375 0.05 0.040625
8 0.490625 0.575 0.05 0.04375
5 0.40546875 0.378125 0.06171875 0.0859375
9 0.38203125 0.7 0.059375 0.1125
2 0.37734375 0.56484375 0.04296875 0.0921875
10 0.5015625 0.909375 0.0453125 0.11640625
5 0.61875 0.51640625 0.02421875 0.165625
0 0.509375 0.1859375 0.078125 0.3546875
8 0.64921875 0.36875 0.02578125 0.19140625
4 0.46953125 0.74375 0.0546875 0.0453125