8 0.5359375 0.14296875 0.0453125 0.1140625
8 0.4859375 0.14140625 0.0421875 0.09375
8 0.44296875 0.14375 0.0421875 0.1171875
8 0.39609375 0.14453125 0.0359375 0.1
8 0.4484375 0.2390625 0.0703125 0.0671875
8 0.59296875 0.40546875 0.05 0.134375
8 0.5390625 0.409375 0.046875 0.14375
8 0.4859375 0.40859375 0.0421875 0.1421875
8 0.4296875 0.41640625 0.040625 0.13125
4 0.31796875 0.14140625 0.0875 0.065625
4 0.28671875 0.2140625 0.040625 0.1109375
10 0.32734375 0.2890625 0.071875 0.103125
5 0.3703125 0.55546875 0.075 0.1203125
5 0.36640625 0.45390625 0.071875 0.128125
9 0.60859375 0.5453125 0.084375 0.15625
9 0.48359375 0.571875 0.1421875 0.203125
5 0.40703125 0.2640625 0.0515625 0.1703125
5 0.5015625 0.2609375 0.0625 0.1625