8 0.36640625 0.4328125 0.046875 0.040625
8 0.4984375 0.41171875 0.046875 0.040625
9 0.3859375 0.6078125 0.121875 0.175
8 0.434375 0.34609375 0.0390625 0.0390625
4 0.61796875 0.596875 0.0625 0.059375
8 0.62421875 0.50546875 0.0359375 0.0703125
10 0.4171875 0.18671875 0.0421875 0.0765625
8 0.55078125 0.48828125 0.05 0.0453125
4 0.56640625 0.42578125 0.03125 0.06875
5 0.61171875 0.3234375 0.0625 0.065625
4 0.5984375 0.42265625 0.0328125 0.0640625
9 0.5140625 0.25625 0.0953125 0.1375
4 0.4046875 0.26640625 0.0375 0.0421875
2 0.428125 0.38125 0.04375 0.0828125
9 0.34609375 0.28125 0.059375 0.096875
5 0.478125 0.36171875 0.0625 0.075
5 0.53515625 0.290625 0.040625 0.1078125
2 0.3484375 0.353125 0.0328125 0.0625
0 0.50703125 0.5953125 0.1421875 0.296875
4 0.44921875 0.28203125 0.0296875 0.0640625
5 0.371875 0.49921875 0.08125 0.065625