8 0.6109375 0.64765625 0.04375 0.040625
8 0.48984375 0.46953125 0.0515625 0.0453125
8 0.5578125 0.55859375 0.0515625 0.04375
8 0.43125 0.58125 0.05 0.046875
9 0.471875 0.76640625 0.103125 0.14375
4 0.625 0.58515625 0.0359375 0.0734375
9 0.57578125 0.33671875 0.1234375 0.171875
9 0.375 0.3796875 0.0703125 0.109375
8 0.67421875 0.66796875 0.03125 0.071875
4 0.6609375 0.7484375 0.0453125 0.046875
5 0.53671875 0.4953125 0.071875 0.0953125
8 0.496875 0.3671875 0.0359375 0.0921875
10 0.5 0.59609375 0.0421875 0.08125
4 0.65703125 0.571875 0.0359375 0.0796875
0 0.5765625 0.80078125 0.134375 0.328125
4 0.44453125 0.3328125 0.06875 0.0546875
5 0.61484375 0.51015625 0.040625 0.1078125
2 0.39609375 0.490625 0.0515625 0.0890625
10 0.4484375 0.2078125 0.065625 0.121875
5 0.675 0.453125 0.103125 0.1140625
5 0.446875 0.6609375 0.0671875 0.0734375