9 0.54140625 0.534375 0.0890625 0.14140625
8 0.6421875 0.215625 0.015625 0.06328125
9 0.66171875 0.51953125 0.0484375 0.10625
5 0.44921875 0.42265625 0.04296875 0.096875
8 0.51484375 0.21875 0.01328125 0.05625
4 0.44609375 0.21171875 0.05859375 0.0453125
8 0.5578125 0.2140625 0.0140625 0.05390625
5 0.54453125 0.31875 0.06171875 0.09765625
8 0.61171875 0.4171875 0.01796875 0.07109375
8 0.54609375 0.28828125 0.0578125 0.03515625
8 0.5140625 0.43046875 0.015625 0.078125
5 0.6328125 0.32421875 0.04609375 0.059375
8 0.62109375 0.28046875 0.03515625 0.0328125
8 0.5984375 0.21328125 0.0140625 0.053125
5 0.66484375 0.41328125 0.02265625 0.07421875
4 0.41328125 0.26953125 0.01875 0.0703125
8 0.5640625 0.42265625 0.01640625 0.09140625
5 0.62109375 0.315625 0.07109375 0.10703125
5 0.44140625 0.59921875 0.0390625 0.1140625
4 0.4609375 0.2921875 0.04921875 0.0453125
8 0.621875 0.28671875 0.06796875 0.04296875
10 0.4359375 0.3625 0.03125 0.05625
10 0.4265625 0.4296875 0.03046875 0.0875