4 0.4359375 0.20703125 0.034375 0.0390625
10 0.475 0.1328125 0.034375 0.0625
9 0.53984375 0.23984375 0.084375 0.134375
9 0.325 0.60078125 0.1015625 0.1609375
4 0.53359375 0.45703125 0.025 0.071875
8 0.503125 0.52109375 0.0421875 0.0375
4 0.56484375 0.46015625 0.025 0.0734375
8 0.559375 0.5625 0.0265625 0.0765625
5 0.54375 0.33359375 0.0375 0.1375
8 0.47265625 0.24140625 0.0234375 0.0671875
8 0.353125 0.39765625 0.0453125 0.0421875
2 0.3375 0.30703125 0.0421875 0.0953125
9 0.37578125 0.21015625 0.046875 0.084375
4 0.525 0.65625 0.059375 0.0546875
5 0.31484375 0.46171875 0.0359375 0.0921875
5 0.5796875 0.3265625 0.0421875 0.1125
5 0.51171875 0.321875 0.0375 0.109375
0 0.4484375 0.4046875 0.109375 0.259375
8 0.49609375 0.4234375 0.0359375 0.03125