9 0.6234375 0.528125 0.0828125 0.13125
9 0.7203125 0.63671875 0.1453125 0.2203125
1 0.4171875 0.60546875 0.190625 0.1546875
8 0.3953125 0.85078125 0.0546875 0.2078125
8 0.7578125 0.49453125 0.075 0.0609375
8 0.58359375 0.64765625 0.0390625 0.1375
4 0.33984375 0.709375 0.140625 0.0796875
10 0.5265625 0.74453125 0.0625 0.1625
0 0.39921875 0.2765625 0.1515625 0.4328125
5 0.578125 0.84609375 0.0625 0.2234375
5 0.2640625 0.6078125 0.0875 0.1578125
5 0.215625 0.79453125 0.0765625 0.221875
8 0.50625 0.5171875 0.1015625 0.06875
5 0.7140625 0.8125 0.0671875 0.109375