5 0.63125 0.1484375 0.0765625 0.1203125
9 0.4671875 0.12578125 0.1125 0.16875
5 0.7359375 0.55078125 0.11875 0.190625
9 0.4125 0.23828125 0.06875 0.1265625
0 0.3265625 0.38984375 0.25625 0.528125
4 0.62421875 0.52890625 0.059375 0.1734375
8 0.67265625 0.40859375 0.1265625 0.0671875
8 0.36640625 0.128125 0.0328125 0.0828125
5 0.60390625 0.58515625 0.08125 0.2328125
8 0.51484375 0.2640625 0.1140625 0.0640625
1 0.52109375 0.4609375 0.1265625 0.265625
8 0.4359375 0.38671875 0.04375 0.1234375
10 0.59140625 0.26171875 0.0796875 0.1375
5 0.590625 0.065625 0.05625 0.0984375