9 0.5984375 0.37265625 0.084375 0.13125
9 0.69453125 0.65234375 0.190625 0.259375
9 0.23515625 0.4125 0.1328125 0.19375
10 0.72578125 0.46953125 0.078125 0.165625
5 0.546875 0.5765625 0.0765625 0.0953125
0 0.30703125 0.35390625 0.2421875 0.571875
4 0.65234375 0.4671875 0.046875 0.0953125
8 0.33046875 0.8078125 0.11875 0.084375
10 0.43984375 0.44296875 0.0625 0.10625
4 0.23046875 0.77578125 0.0765625 0.1421875
2 0.49296875 0.3484375 0.0796875 0.1109375
5 0.56640625 0.675 0.090625 0.146875
4 0.4421875 0.74375 0.140625 0.159375
8 0.6359375 0.53515625 0.0703125 0.0625
8 0.46171875 0.6 0.059375 0.1625
8 0.36484375 0.66796875 0.05 0.0984375
4 0.43984375 0.715625 0.109375 0.0765625
5 0.53046875 0.56015625 0.1015625 0.159375
8 0.534375 0.48828125 0.0421875 0.0796875