9 0.37421875 0.5078125 0.0734375 0.125
9 0.2609375 0.6 0.128125 0.2109375
1 0.565625 0.6171875 0.1796875 0.140625
8 0.5484375 0.8625 0.0375 0.20625
8 0.24609375 0.4546875 0.071875 0.05625
8 0.39453125 0.6328125 0.028125 0.1359375
4 0.62578125 0.73203125 0.1359375 0.0671875
10 0.43515625 0.7375 0.0484375 0.159375
0 0.634375 0.2953125 0.115625 0.428125
5 0.36875 0.8296875 0.04375 0.221875
5 0.71640625 0.64375 0.075 0.153125
5 0.734375 0.8359375 0.0578125 0.21875
8 0.490625 0.51640625 0.096875 0.0609375
5 0.2390625 0.77578125 0.059375 0.10625