9 0.58125 0.234375 0.10859375 0.196875
5 0.4796875 0.715625 0.06640625 0.1390625
8 0.59765625 0.63828125 0.0296875 0.14140625
8 0.72578125 0.33046875 0.02734375 0.0859375
8 0.2921875 0.7 0.0625 0.05078125
8 0.78828125 0.665625 0.03203125 0.115625
1 0.684375 0.5046875 0.0875 0.32109375
8 0.32421875 0.4015625 0.02734375 0.09609375
8 0.31015625 0.29453125 0.0578125 0.05390625
9 0.30390625 0.2 0.06640625 0.12265625
8 0.23046875 0.6359375 0.02890625 0.10390625
4 0.36796875 0.51171875 0.02890625 0.11640625
8 0.46953125 0.5046875 0.02421875 0.10859375
8 0.3015625 0.5671875 0.0609375 0.05390625
10 0.48046875 0.3296875 0.053125 0.103125
5 0.41953125 0.52265625 0.04140625 0.146875
10 0.44921875 0.321875 0.12421875 0.1140625
4 0.39453125 0.696875 0.07734375 0.07109375
5 0.403125 0.1578125 0.0546875 0.1796875
8 0.4703125 0.18125 0.0203125 0.07890625
2 0.540625 0.5125 0.05859375 0.1359375