9 0.58125 0.50390625 0.059375 0.0984375
8 0.38828125 0.375 0.034375 0.025
9 0.3765625 0.28125 0.0609375 0.103125
8 0.51796875 0.2953125 0.015625 0.059375
5 0.428125 0.1796875 0.03125 0.071875
8 0.528125 0.22421875 0.034375 0.025
5 0.43359375 0.2640625 0.0296875 0.0359375
0 0.5984375 0.36953125 0.1109375 0.090625
4 0.48359375 0.23125 0.0359375 0.028125
8 0.475 0.3359375 0.0171875 0.0625
4 0.48984375 0.26953125 0.0375 0.03125
8 0.4859375 0.50078125 0.0171875 0.0578125
8 0.43359375 0.4015625 0.0171875 0.0640625
5 0.44453125 0.35703125 0.034375 0.071875
10 0.325 0.40234375 0.0484375 0.0625
4 0.3765625 0.4203125 0.01875 0.0625
5 0.5234375 0.50234375 0.03125 0.075
10 0.47890625 0.42265625 0.0265625 0.0453125
2 0.44453125 0.525 0.040625 0.0625
9 0.39296875 0.5109375 0.040625 0.0671875