5 0.80546875 0.77421875 0.1609375 0.121875
5 0.675 0.82578125 0.0828125 0.2359375
5 0.46640625 0.53984375 0.0953125 0.196875
5 0.4859375 0.3125 0.1109375 0.2515625
10 0.596875 0.8109375 0.1 0.18125
10 0.49296875 0.7921875 0.1140625 0.1390625
9 0.79765625 0.5859375 0.2109375 0.2359375
9 0.84609375 0.2953125 0.1796875 0.234375
8 0.60390625 0.61171875 0.1546875 0.1078125
8 0.6171875 0.5 0.159375 0.1
8 0.6453125 0.359375 0.16875 0.1125
8 0.65234375 0.21484375 0.1796875 0.090625
8 0.36796875 0.52265625 0.0703125 0.2
8 0.36875 0.29296875 0.0828125 0.2515625
8 0.23046875 0.6 0.1578125 0.0796875
8 0.21796875 0.47421875 0.15625 0.071875
8 0.20234375 0.34140625 0.1734375 0.0859375
8 0.19609375 0.18828125 0.19375 0.1015625
4 0.3734375 0.71171875 0.05 0.15625
4 0.3234375 0.82890625 0.1328125 0.071875
4 0.2171875 0.75703125 0.065625 0.1578125