8 0.32578125 0.340625 0.01640625 0.053125
8 0.621875 0.3546875 0.01640625 0.05546875
8 0.3265625 0.5140625 0.0171875 0.065625
1 0.3703125 0.41328125 0.04609375 0.1703125
8 0.5875 0.4640625 0.0171875 0.06171875
8 0.58671875 0.33046875 0.03828125 0.03515625
5 0.528125 0.378125 0.021875 0.06640625
8 0.4234375 0.359375 0.01328125 0.0484375
10 0.55625 0.459375 0.0234375 0.065625
5 0.4828125 0.30078125 0.0359375 0.090625
8 0.6078125 0.53515625 0.03671875 0.03828125
9 0.41875 0.56953125 0.0796875 0.13984375
2 0.4546875 0.40078125 0.0328125 0.1046875
10 0.4890625 0.44453125 0.02890625 0.121875
5 0.5484375 0.53984375 0.0375 0.1046875
4 0.5296875 0.33359375 0.04609375 0.040625
9 0.6234375 0.58984375 0.04609375 0.09765625
8 0.4984375 0.6140625 0.0171875 0.0703125
8 0.4953125 0.39921875 0.01328125 0.0390625
8 0.590625 0.3828125 0.03359375 0.03515625
4 0.55546875 0.3984375 0.01875 0.059375