8 0.63046875 0.3609375 0.04375 0.046875
9 0.5484375 0.68359375 0.11875 0.18125
5 0.61171875 0.19453125 0.0609375 0.1484375
8 0.5515625 0.53203125 0.05 0.0484375
5 0.6765625 0.43828125 0.06875 0.1125
9 0.4640625 0.571875 0.0609375 0.121875
4 0.56484375 0.30625 0.0296875 0.0921875
8 0.45703125 0.45078125 0.028125 0.1015625
8 0.43125 0.78203125 0.0359375 0.109375
0 0.3640625 0.16015625 0.1234375 0.303125
5 0.528125 0.17890625 0.0375 0.1109375
1 0.51015625 0.36640625 0.0875 0.2078125
10 0.61015625 0.43828125 0.0609375 0.1046875
5 0.684375 0.61484375 0.1 0.1671875