0 0.615625 0.16796875 0.10234375 0.3
1 0.5109375 0.37109375 0.075 0.20546875
5 0.40390625 0.196875 0.053125 0.109375
5 0.5078125 0.228125 0.078125 0.08203125
5 0.38125 0.496875 0.0578125 0.140625
5 0.37265625 0.746875 0.0875 0.13359375
8 0.3953125 0.38671875 0.09453125 0.0484375
8 0.48828125 0.55703125 0.1140625 0.05546875
8 0.56875 0.4515625 0.034375 0.1390625
8 0.6234375 0.7875 0.0359375 0.15
10 0.4328125 0.4625 0.05234375 0.10859375
4 0.45625 0.31953125 0.03359375 0.146875
9 0.5046875 0.71640625 0.103125 0.19453125
9 0.58125 0.5734375 0.0546875 0.09453125