0 0.74296875 0.590625 0.228125 0.1875
1 0.56640625 0.4328125 0.1390625 0.10390625
5 0.3421875 0.2640625 0.08671875 0.10546875
5 0.4796875 0.2453125 0.08984375 0.0765625
5 0.70625 0.259375 0.09296875 0.09609375
5 0.684375 0.43125 0.05859375 0.115625
9 0.3390625 0.3984375 0.08515625 0.13359375
9 0.4171875 0.51484375 0.06171875 0.10703125
8 0.2859375 0.57578125 0.08515625 0.0484375
8 0.5109375 0.52578125 0.09140625 0.059375
8 0.4453125 0.40078125 0.02421875 0.134375
8 0.5625 0.25859375 0.025 0.125
10 0.5078125 0.32265625 0.0625 0.08203125
4 0.621875 0.35078125 0.10859375 0.0515625