9 0.4390625 0.503125 0.0921875 0.12890625
8 0.21171875 0.79140625 0.03203125 0.21484375
8 0.32109375 0.7875 0.03046875 0.21171875
4 0.61875 0.77890625 0.0359375 0.21484375
5 0.5859375 0.5125 0.0296875 0.1171875
8 0.83125 0.209375 0.03046875 0.20703125
9 0.234375 0.3390625 0.1390625 0.228125
5 0.2828125 0.53671875 0.08359375 0.10078125
5 0.85 0.515625 0.08984375 0.10546875
5 0.70625 0.5234375 0.053125 0.084375
8 0.66484375 0.21875 0.0296875 0.21484375
9 0.81328125 0.7546875 0.0890625 0.165625
4 0.7296875 0.765625 0.0375 0.19765625
8 0.47890625 0.69453125 0.12265625 0.0609375
8 0.4828125 0.89140625 0.12265625 0.06171875
8 0.74765625 0.2125 0.0265625 0.2046875
5 0.20625 0.534375 0.08203125 0.1125
4 0.2828125 0.13125 0.0984375 0.090625
4 0.4 0.2203125 0.04609375 0.20703125
8 0.528125 0.1265625 0.11328125 0.071875
8 0.528125 0.26875 0.12734375 0.0625