8 0.43359375 0.4671875 0.0171875 0.06015625
4 0.5796875 0.61015625 0.01796875 0.06796875
4 0.61796875 0.50703125 0.0171875 0.0671875
8 0.51796875 0.521875 0.0359375 0.034375
8 0.59921875 0.5546875 0.03984375 0.034375
8 0.60234375 0.690625 0.04375 0.0375
4 0.57578125 0.5140625 0.01875 0.06796875
5 0.53203125 0.36171875 0.015625 0.1140625
4 0.62421875 0.60390625 0.021875 0.0671875
8 0.59375 0.4546875 0.0390625 0.03359375
8 0.51640625 0.571875 0.03046875 0.03671875
8 0.49609375 0.6890625 0.03359375 0.09921875
4 0.459375 0.75625 0.07109375 0.06015625
10 0.471875 0.38828125 0.03203125 0.08359375
9 0.58828125 0.384375 0.0359375 0.065625
1 0.465625 0.528125 0.05390625 0.15625
2 0.44140625 0.62890625 0.04453125 0.08125
9 0.55859375 0.74609375 0.03984375 0.08984375
5 0.54140625 0.64375 0.0265625 0.1234375