1 0.56953125 0.50625 0.1640625 0.14375
8 0.6 0.71875 0.0515625 0.16875
4 0.640625 0.58828125 0.11875 0.0703125
9 0.38125 0.440625 0.0765625 0.1125
5 0.703125 0.48046875 0.071875 0.0984375
8 0.42421875 0.55234375 0.040625 0.1203125
9 0.30234375 0.54453125 0.1265625 0.1890625
5 0.75234375 0.65625 0.071875 0.1859375
8 0.2515625 0.4234375 0.0546875 0.0484375
5 0.3328125 0.74140625 0.0625 0.1578125
0 0.57265625 0.2578125 0.1859375 0.5
8 0.4859375 0.43359375 0.0875 0.0578125
10 0.48125 0.640625 0.0609375 0.14375
5 0.43984375 0.690625 0.0484375 0.1328125