5 0.1640625 0.60703125 0.0640625 0.1875
5 0.85078125 0.62421875 0.0953125 0.184375
8 0.13671875 0.33359375 0.0515625 0.1578125
8 0.46640625 0.42890625 0.140625 0.0609375
9 0.42734375 0.6046875 0.0859375 0.1609375
5 0.253125 0.61171875 0.084375 0.1875
8 0.50625 0.83203125 0.0640625 0.053125
5 0.7046875 0.5953125 0.0546875 0.128125
8 0.6390625 0.77578125 0.03125 0.115625
8 0.46875 0.24375 0.1625 0.071875
8 0.27421875 0.33203125 0.046875 0.196875
5 0.58125 0.61953125 0.0375 0.1890625
4 0.634375 0.33359375 0.05 0.21875
4 0.7609375 0.3453125 0.0640625 0.209375
4 0.28046875 0.83046875 0.0828125 0.0578125
8 0.790625 0.7734375 0.0390625 0.1296875
8 0.71328125 0.7703125 0.0359375 0.1328125
4 0.3859375 0.76484375 0.0328125 0.1421875
8 0.515625 0.74140625 0.1 0.0515625
9 0.8625 0.3875 0.1125 0.1984375
9 0.21953125 0.721875 0.1515625 0.2359375