8 0.4546875 0.2625 0.034375 0.03125
8 0.415625 0.34296875 0.01875 0.06640625
8 0.6140625 0.39140625 0.01875 0.08359375
5 0.5515625 0.159375 0.0296875 0.0984375
8 0.66796875 0.5890625 0.04453125 0.04296875
8 0.65859375 0.49765625 0.04296875 0.03828125
8 0.46484375 0.3421875 0.01640625 0.06796875
9 0.4796875 0.55234375 0.09765625 0.16328125
5 0.5609375 0.55390625 0.04453125 0.09453125
9 0.546875 0.39453125 0.04296875 0.096875
8 0.45703125 0.21640625 0.03125 0.0328125
8 0.4578125 0.17734375 0.03125 0.0296875
9 0.62265625 0.19296875 0.03984375 0.06953125
4 0.4421875 0.42890625 0.078125 0.04453125
4 0.3984375 0.5171875 0.02421875 0.08671875
5 0.553125 0.28671875 0.03359375 0.08359375
8 0.68125 0.38515625 0.02109375 0.065625
4 0.6296875 0.2359375 0.04921875 0.0390625
4 0.63515625 0.3 0.0640625 0.03984375
5 0.56328125 0.47265625 0.040625 0.08203125
5 0.55234375 0.225 0.053125 0.06640625