5 0.60703125 0.496875 0.059375 0.08125
8 0.38984375 0.50234375 0.04375 0.0953125
8 0.4421875 0.496875 0.0453125 0.1109375
10 0.5828125 0.30703125 0.0484375 0.075
9 0.43203125 0.65078125 0.0765625 0.115625
8 0.4890625 0.490625 0.0421875 0.109375
5 0.50234375 0.321875 0.05 0.140625
10 0.6125 0.42421875 0.065625 0.10625
8 0.453125 0.296875 0.06875 0.046875
9 0.54609375 0.634375 0.1265625 0.175
8 0.38359375 0.2125 0.0359375 0.0875
4 0.5890625 0.215625 0.040625 0.09375
8 0.46796875 0.178125 0.0296875 0.065625
8 0.33984375 0.21796875 0.0296875 0.0671875
8 0.38125 0.3125 0.0390625 0.0453125
4 0.5328125 0.1390625 0.0734375 0.0609375
8 0.4234375 0.19140625 0.0296875 0.0640625
5 0.64453125 0.59921875 0.05625 0.071875
8 0.5359375 0.46640625 0.0359375 0.0875
5 0.41640625 0.34453125 0.0546875 0.128125
4 0.54375 0.27421875 0.0625 0.05625