9 0.3640625 0.46015625 0.08125 0.14765625
5 0.4625 0.2625 0.01796875 0.15859375
9 0.43984375 0.54453125 0.05625 0.1015625
0 0.6625 0.5328125 0.096875 0.2453125
8 0.57265625 0.3015625 0.01875 0.10546875
5 0.68359375 0.25625 0.0296875 0.13203125
8 0.4625 0.42265625 0.01640625 0.0734375
10 0.49921875 0.33046875 0.02890625 0.1171875
8 0.52890625 0.53984375 0.075 0.04765625
5 0.6921875 0.3625 0.04609375 0.10625
4 0.62578125 0.36796875 0.08203125 0.04453125
5 0.3859375 0.2921875 0.02734375 0.14765625
8 0.31640625 0.60390625 0.059375 0.0421875
1 0.58515625 0.44921875 0.13046875 0.11328125