8 0.521875 0.62890625 0.0171875 0.0578125
9 0.58671875 0.71328125 0.04375 0.0875
10 0.4625 0.68515625 0.03125 0.065625
5 0.50859375 0.55625 0.046875 0.09375
8 0.45390625 0.57421875 0.0203125 0.0734375
4 0.603125 0.634375 0.0203125 0.05625
9 0.59375 0.5015625 0.09375 0.1578125
8 0.34765625 0.45859375 0.0578125 0.0453125
4 0.41875 0.45703125 0.0453125 0.0484375
0 0.28125 0.68828125 0.1671875 0.1875
2 0.51953125 0.72734375 0.03125 0.05625
8 0.57890625 0.590625 0.0421875 0.0390625
10 0.67109375 0.60390625 0.0625 0.0734375
5 0.41171875 0.709375 0.03125 0.0875
8 0.38203125 0.5375 0.021875 0.06875
5 0.50234375 0.4046875 0.0453125 0.0875
4 0.2859375 0.4984375 0.03125 0.0796875
8 0.42578125 0.49921875 0.0609375 0.0421875
8 0.4640625 0.734375 0.0140625 0.0375
9 0.34296875 0.74453125 0.0859375 0.096875