4 0.72265625 0.38203125 0.053125 0.0828125
8 0.4375 0.52421875 0.059375 0.1234375
9 0.6859375 0.26484375 0.0796875 0.1171875
4 0.63828125 0.465625 0.0625 0.1046875
8 0.51171875 0.41484375 0.0765625 0.0625
8 0.67890625 0.603125 0.103125 0.0890625
4 0.72890625 0.4875 0.0640625 0.103125
8 0.68125 0.4359375 0.0796875 0.065625
4 0.64375 0.3734375 0.0515625 0.0796875
8 0.52734375 0.36484375 0.0703125 0.0625
4 0.32265625 0.60703125 0.16875 0.1328125
5 0.54921875 0.45703125 0.109375 0.321875
8 0.68046875 0.3390625 0.0671875 0.0609375
8 0.39140625 0.271875 0.040625 0.06875
9 0.5625 0.6234375 0.1328125 0.203125
2 0.346875 0.403125 0.14375 0.2078125
1 0.428125 0.3390625 0.140625 0.221875
10 0.4546875 0.2171875 0.0875 0.1
5 0.55 0.24296875 0.10625 0.103125