9 0.52265625 0.70546875 0.15234375 0.24296875
10 0.34609375 0.37109375 0.053125 0.11953125
9 0.7078125 0.68515625 0.09140625 0.1859375
8 0.528125 0.12734375 0.02421875 0.103125
5 0.528125 0.3140625 0.06796875 0.1
5 0.3578125 0.8171875 0.0796875 0.2359375
8 0.55 0.4859375 0.02734375 0.1703125
8 0.7046875 0.4875 0.0453125 0.1546875
8 0.64921875 0.1359375 0.0265625 0.1
5 0.63203125 0.3203125 0.10859375 0.10546875
8 0.6203125 0.24609375 0.09140625 0.059375
8 0.621875 0.48671875 0.03984375 0.171875
8 0.47109375 0.4890625 0.028125 0.16484375
5 0.37265625 0.50078125 0.071875 0.153125
4 0.3578125 0.08984375 0.08828125 0.0609375
8 0.509375 0.23984375 0.0984375 0.0515625
8 0.5875 0.12265625 0.02109375 0.08203125
4 0.384375 0.2359375 0.08203125 0.0625
8 0.46328125 0.125 0.02265625 0.109375
4 0.30625 0.17734375 0.02734375 0.10546875