9 0.77421875 0.434375 0.1765625 0.2609375
8 0.6203125 0.53984375 0.1296875 0.0671875
8 0.540625 0.10625 0.128125 0.078125
9 0.70390625 0.11796875 0.1046875 0.1453125
10 0.546875 0.8046875 0.078125 0.171875
4 0.42578125 0.9140625 0.128125 0.0859375
5 0.86015625 0.70703125 0.1296875 0.171875
5 0.74921875 0.7140625 0.084375 0.1625
8 0.284375 0.60859375 0.128125 0.0671875
8 0.3953125 0.48828125 0.065625 0.21875
8 0.59765625 0.39921875 0.125 0.0640625
4 0.29375 0.8359375 0.075 0.1984375
8 0.22734375 0.3296875 0.1046875 0.0625
5 0.44921875 0.31015625 0.0890625 0.096875
8 0.2578125 0.46484375 0.1234375 0.0671875
5 0.4953125 0.59140625 0.0921875 0.103125
8 0.2 0.18046875 0.121875 0.06875
8 0.346875 0.25390625 0.0671875 0.2234375
8 0.5671875 0.26328125 0.125 0.06875
4 0.44453125 0.734375 0.0640625 0.18125
10 0.653125 0.78203125 0.0875 0.1640625