9 0.69140625 0.325 0.1765625 0.2375
9 0.378125 0.65390625 0.11875 0.1578125
5 0.6453125 0.52421875 0.0640625 0.1875
9 0.40390625 0.2765625 0.103125 0.159375
5 0.6046875 0.5078125 0.06875 0.1984375
0 0.45703125 0.778125 0.18125 0.428125
8 0.57109375 0.32109375 0.040625 0.0859375
8 0.64140625 0.65859375 0.0375 0.0671875
4 0.51328125 0.24609375 0.065625 0.071875
5 0.69921875 0.52734375 0.0796875 0.2140625
8 0.58046875 0.61015625 0.053125 0.05
10 0.4703125 0.528125 0.06875 0.1453125
4 0.59453125 0.70703125 0.0546875 0.0515625
8 0.553125 0.5171875 0.071875 0.0546875
10 0.57578125 0.215625 0.0953125 0.19375
2 0.36171875 0.3921875 0.071875 0.1375
8 0.396875 0.48359375 0.0703125 0.0578125
8 0.51875 0.40546875 0.0953125 0.065625
5 0.34453125 0.578125 0.0609375 0.1515625
8 0.66328125 0.58515625 0.05 0.1125
4 0.62578125 0.5703125 0.0421875 0.1171875