8 0.103125 0.63515625 0.071875 0.10078125
8 0.190625 0.74140625 0.071875 0.12578125
8 0.259375 0.85234375 0.06328125 0.1296875
8 0.61171875 0.32265625 0.05859375 0.11328125
8 0.64609375 0.3765625 0.053125 0.1046875
8 0.70234375 0.42734375 0.05859375 0.09921875
8 0.7390625 0.46640625 0.05859375 0.09609375
8 0.79765625 0.51015625 0.059375 0.078125
1 0.5203125 0.50859375 0.11484375 0.175
1 0.434375 0.409375 0.11953125 0.17890625
1 0.61875 0.603125 0.10625 0.196875
1 0.3546875 0.32265625 0.10078125 0.171875
8 0.76015625 0.21640625 0.05390625 0.0953125
8 0.80703125 0.246875 0.071875 0.1078125
8 0.85390625 0.2921875 0.0546875 0.0953125
8 0.90390625 0.33125 0.059375 0.0921875
8 0.7171875 0.16953125 0.0515625 0.0921875
8 0.2953125 0.553125 0.0625 0.09375
8 0.384375 0.6671875 0.05703125 0.08671875