10 0.86015625 0.140625 0.0890625 0.0875
10 0.3953125 0.46484375 0.08125 0.084375
8 0.88515625 0.24453125 0.0796875 0.06875
8 0.559375 0.225 0.0875 0.0640625
8 0.5671875 0.27734375 0.09375 0.065625
8 0.37890625 0.3984375 0.121875 0.078125
8 0.44296875 0.63984375 0.078125 0.0625
8 0.2734375 0.909375 0.0640625 0.1265625
5 0.66015625 0.6078125 0.065625 0.0828125
0 0.778125 0.634375 0.0828125 0.1
4 0.528125 0.13828125 0.0984375 0.08125
4 0.4265625 0.59609375 0.0890625 0.06875
1 0.86484375 0.57109375 0.1171875 0.15
1 0.6234375 0.4796875 0.11875 0.140625
1 0.49921875 0.44765625 0.1109375 0.1546875
4 0.49375 0.02890625 0.0875 0.0578125