8 0.09296875 0.73125 0.0671875 0.178125
8 0.3015625 0.81171875 0.053125 0.15
8 0.0171875 0.7125 0.034375 0.184375
4 0.1625 0.7671875 0.0765625 0.15625
4 0.23125 0.7765625 0.05625 0.1421875
4 0.3765625 0.8078125 0.0734375 0.1671875
3 0.48203125 0.8328125 0.084375 0.1984375
3 0.22421875 0.42421875 0.09375 0.2734375
3 0.86484375 0.3359375 0.1484375 0.2546875
3 0.934375 0.09921875 0.0984375 0.15625
3 0.88671875 0.8921875 0.0953125 0.215625
0 0.5796875 0.83203125 0.159375 0.1203125
0 0.78671875 0.90078125 0.1203125 0.1984375
1 0.7046875 0.2 0.3671875 0.215625
1 0.5484375 0.51953125 0.6125 0.4125