8 0.2296875 0.13125 0.0640625 0.04765625
8 0.17109375 0.2359375 0.07265625 0.05625
8 0.3578125 0.1546875 0.03671875 0.1140625
8 0.41171875 0.21015625 0.03203125 0.11875
8 0.3796875 0.42265625 0.0328125 0.1140625
8 0.3515625 0.76015625 0.021875 0.103125
8 0.1671875 0.6859375 0.05859375 0.0421875
8 0.64453125 0.7578125 0.0734375 0.05078125
8 0.6109375 0.53671875 0.06171875 0.05078125
0 0.25390625 0.2359375 0.06328125 0.115625
0 0.5234375 0.1625 0.04453125 0.11875
0 0.253125 0.65 0.0640625 0.08046875
0 0.06328125 0.61953125 0.0671875 0.09609375
0 0.4875 0.8859375 0.0484375 0.09453125
3 0.0703125 0.39375 0.0375 0.1015625
3 0.4640625 0.215625 0.02734375 0.1328125
3 0.496875 0.22265625 0.03515625 0.1171875
3 0.5515625 0.26640625 0.0296875 0.12265625
3 0.5890625 0.1953125 0.02578125 0.1453125
3 0.65390625 0.1703125 0.06328125 0.046875
3 0.65 0.2359375 0.05234375 0.05390625
3 0.68359375 0.59609375 0.0484375 0.0546875
3 0.3796875 0.63359375 0.06796875 0.0453125
1 0.13984375 0.4421875 0.0859375 0.13984375
1 0.678125 0.378125 0.16171875 0.1328125
3 0.8546875 0.4875 0.0359375 0.13984375
3 0.50703125 0.453125 0.03359375 0.1046875
10 0.453125 0.43515625 0.04140625 0.134375
10 0.396875 0.7703125 0.0484375 0.1171875