1 0.51953125 0.66953125 0.3015625 0.18125
1 0.17734375 0.49375 0.15 0.115625
1 0.2484375 0.8453125 0.1125 0.103125
1 0.3765625 0.859375 0.1046875 0.09375
1 0.5109375 0.875 0.1171875 0.0765625
1 0.5203125 0.8046875 0.1140625 0.075
1 0.69375 0.89453125 0.1203125 0.0828125
1 0.7 0.8265625 0.11875 0.075
1 0.740625 0.7328125 0.0640625 0.0984375
1 0.48671875 0.35 0.0765625 0.109375
1 0.66484375 0.36640625 0.0796875 0.109375
1 0.30703125 0.3578125 0.0640625 0.0859375
1 0.32109375 0.246875 0.059375 0.103125
4 0.11171875 0.40390625 0.0546875 0.0453125
4 0.109375 0.3703125 0.053125 0.046875
4 0.10859375 0.3296875 0.046875 0.0375
4 0.10703125 0.28046875 0.053125 0.0390625
4 0.10546875 0.25 0.0609375 0.0640625
4 0.10546875 0.209375 0.05625 0.0390625
4 0.10546875 0.16953125 0.0640625 0.04375
4 0.103125 0.13125 0.065625 0.05
4 0.103125 0.096875 0.0640625 0.0453125
4 0.09765625 0.5640625 0.0234375 0.0671875
4 0.49296875 0.246875 0.0515625 0.0390625
4 0.49296875 0.20859375 0.0515625 0.0453125
4 0.6625 0.253125 0.05625 0.0421875
4 0.6671875 0.21484375 0.0625 0.040625
8 0.6046875 0.9328125 0.01875 0.0609375
8 0.6203125 0.934375 0.0203125 0.0765625
8 0.6875 0.66875 0.0234375 0.0671875
8 0.6453125 0.56640625 0.04375 0.040625
8 0.646875 0.546875 0.04375 0.0296875
8 0.65 0.525 0.0484375 0.028125
8 0.56953125 0.5625 0.040625 0.0296875
8 0.5703125 0.540625 0.0453125 0.03125
8 0.57109375 0.52265625 0.0390625 0.025
8 0.5671875 0.32890625 0.0234375 0.078125
8 0.5828125 0.33359375 0.025 0.0765625
8 0.5984375 0.33125 0.0265625 0.075
8 0.6546875 0.2921875 0.0515625 0.0453125
8 0.70703125 0.3390625 0.025 0.08125
8 0.56796875 0.1859375 0.0265625 0.084375
8 0.58203125 0.190625 0.0265625 0.0984375
8 0.60078125 0.19140625 0.0265625 0.0953125
8 0.32421875 0.17109375 0.053125 0.046875
8 0.32421875 0.14140625 0.0609375 0.0359375
8 0.42734375 0.30859375 0.0265625 0.0875
5 0.5375 0.1421875 0.0375 0.0765625
5 0.6265625 0.15234375 0.0390625 0.065625
8 0.11953125 0.5703125 0.0234375 0.05625
0 0.06875 0.4765625 0.0578125 0.103125
0 0.25546875 0.24140625 0.0609375 0.1078125
0 0.2515625 0.15390625 0.0671875 0.0859375
0 0.39296875 0.225 0.0546875 0.1015625
0 0.81171875 0.81953125 0.0859375 0.1625
0 0.77890625 0.95625 0.0765625 0.0875
0 0.8640625 0.5546875 0.109375 0.1828125
0 0.76171875 0.53671875 0.1171875 0.175
0 0.7875 0.3328125 0.1234375 0.19375
0 0.90390625 0.33984375 0.10625 0.184375
3 0.2625 0.3609375 0.0328125 0.0890625
3 0.2171875 0.29453125 0.0546875 0.0328125
3 0.21171875 0.253125 0.0484375 0.0671875
3 0.21484375 0.21015625 0.05 0.034375
3 0.21796875 0.109375 0.0515625 0.0515625
3 0.3234375 0.1078125 0.0640625 0.0640625
3 0.3890625 0.303125 0.05 0.0421875
3 0.3546875 0.37421875 0.034375 0.1015625
3 0.2171875 0.6390625 0.04375 0.05
3 0.2171875 0.61015625 0.0375 0.0453125
3 0.44296875 0.85859375 0.028125 0.0859375
3 0.3125 0.8671875 0.0234375 0.0890625
3 0.6984375 0.72734375 0.028125 0.0953125
3 0.59921875 0.778125 0.0296875 0.04375
3 0.6234375 0.778125 0.034375 0.04375
3 0.2296875 0.553125 0.0421875 0.0453125