10 0.059375 0.24609375 0.0734375 0.0703125
10 0.5921875 0.4390625 0.065625 0.06953125
8 0.06171875 0.353125 0.06796875 0.053125
8 0.371875 0.25 0.078125 0.04609375
8 0.37734375 0.30234375 0.084375 0.04453125
8 0.590625 0.3703125 0.1125 0.05078125
8 0.59140625 0.6203125 0.06796875 0.04609375
8 0.825 0.83671875 0.034375 0.12109375
5 0.3734375 0.6453125 0.04921875 0.071875
0 0.26640625 0.7015625 0.0625 0.08671875
4 0.37890625 0.1578125 0.0859375 0.06171875
4 0.59609375 0.5734375 0.078125 0.05078125
1 0.16640625 0.66328125 0.08671875 0.13125
1 0.37578125 0.5125 0.08984375 0.12109375
1 0.4875 0.44921875 0.078125 0.13984375
4 0.3828125 0.0421875 0.078125 0.04453125