1 0.71015625 0.31953125 0.2234375 0.2984375
1 0.56796875 0.6375 0.19453125 0.27265625
3 0.4171875 0.86796875 0.10078125 0.13359375
3 0.821875 0.0828125 0.10078125 0.15390625
3 0.875 0.353125 0.09375 0.1390625
1 0.884375 0.2109375 0.0875 0.13359375
8 0.9140625 0.471875 0.0625 0.12421875
8 0.9421875 0.44453125 0.0734375 0.1375
10 0.40859375 0.784375 0.08515625 0.09140625
10 0.60703125 0.05234375 0.128125 0.1046875
10 0.5578125 0.12265625 0.11796875 0.15234375
8 0.590625 0.2875 0.03046875 0.0734375
8 0.62265625 0.26875 0.03046875 0.08046875
8 0.64140625 0.25 0.03046875 0.06953125
8 0.6625 0.22421875 0.03515625 0.06953125
8 0.68515625 0.190625 0.03046875 0.0625
8 0.70390625 0.1671875 0.02734375 0.0609375
8 0.728125 0.13828125 0.03203125 0.06640625