5 0.19140625 0.7390625 0.053125 0.053125
5 0.16171875 0.64375 0.053125 0.05
5 0.23984375 0.3 0.0578125 0.0421875
5 0.3984375 0.28671875 0.034375 0.078125
5 0.36875 0.5390625 0.040625 0.0953125
5 0.30390625 0.7421875 0.040625 0.0859375
5 0.3609375 0.70390625 0.0390625 0.0796875
5 0.5671875 0.49140625 0.059375 0.046875
5 0.6296875 0.33203125 0.0515625 0.0484375
0 0.228125 0.66484375 0.06875 0.090625
0 0.3015625 0.35234375 0.071875 0.08125
0 0.14296875 0.33828125 0.078125 0.09375
0 0.4421875 0.76484375 0.0609375 0.1046875
0 0.53046875 0.20703125 0.05625 0.0796875
0 0.7984375 0.7078125 0.0671875 0.0859375
1 0.171875 0.490625 0.0921875 0.121875
1 0.603125 0.6234375 0.15625 0.125
7 0.4265625 0.5578125 0.05 0.1
7 0.4390625 0.275 0.0578125 0.1015625