1 0.4625 0.2359375 0.2296875 0.165625
5 0.66171875 0.53359375 0.05 0.109375
5 0.4796875 0.56171875 0.0484375 0.10625
6 0.1875 0.48984375 0.115625 0.1390625
3 0.4 0.525 0.1015625 0.0671875
2 0.271875 0.22421875 0.0828125 0.1640625
5 0.265625 0.59765625 0.0609375 0.1125
6 0.7875 0.50078125 0.1171875 0.1375
5 0.5578125 0.14921875 0.06875 0.053125
3 0.16640625 0.33125 0.0609375 0.13125
3 0.41953125 0.63984375 0.0984375 0.0671875
3 0.5640625 0.60859375 0.103125 0.06875
4 0.253125 0.4015625 0.1203125 0.15625
3 0.54453125 0.50234375 0.1078125 0.0640625
4 0.74609375 0.3015625 0.1375 0.1578125
7 0.66953125 0.1765625 0.078125 0.1078125
5 0.41796875 0.3796875 0.0625 0.1296875
5 0.503125 0.3625 0.06875 0.121875