5 0.4578125 0.690625 0.0703125 0.040625
5 0.4578125 0.60703125 0.0625 0.040625
1 0.34765625 0.628125 0.0953125 0.2515625
5 0.60859375 0.8359375 0.0703125 0.05
5 0.43671875 0.84296875 0.0265625 0.071875
3 0.65 0.584375 0.0421875 0.0859375
5 0.6109375 0.653125 0.0609375 0.0390625
5 0.60859375 0.47421875 0.0734375 0.0421875
3 0.64921875 0.7125 0.040625 0.096875
6 0.6125 0.3375 0.0859375 0.1125
5 0.2703125 0.509375 0.034375 0.0921875
3 0.56953125 0.5859375 0.0359375 0.09375
7 0.30859375 0.39609375 0.1015625 0.121875
3 0.39921875 0.9265625 0.096875 0.05625
3 0.57578125 0.7265625 0.0359375 0.084375
6 0.53671875 0.9015625 0.059375 0.1078125
4 0.4296875 0.340625 0.128125 0.1046875
2 0.353125 0.8484375 0.0984375 0.1296875
4 0.49609375 0.87265625 0.0484375 0.1640625