6 0.5234375 0.77890625 0.1546875 0.1765625
1 0.31796875 0.81640625 0.1984375 0.1453125
5 0.33671875 0.29296875 0.0828125 0.059375
5 0.41875 0.8953125 0.0578125 0.0453125
5 0.48359375 0.43359375 0.071875 0.0515625
5 0.36875 0.3828125 0.059375 0.125
5 0.2171875 0.87109375 0.0625 0.0484375
6 0.66875 0.434375 0.1015625 0.121875
5 0.26953125 0.7125 0.071875 0.0515625
5 0.5859375 0.415625 0.0578125 0.1203125
5 0.2859375 0.36484375 0.0578125 0.1125
5 0.61484375 0.65703125 0.059375 0.05
4 0.39921875 0.56640625 0.0796875 0.1421875
4 0.2421875 0.61875 0.1 0.1515625
7 0.51875 0.57578125 0.0921875 0.13125
3 0.390625 0.4828125 0.103125 0.065625
3 0.2671875 0.4859375 0.0671875 0.1296875
7 0.4546875 0.66875 0.0703125 0.121875
4 0.6 0.59296875 0.1046875 0.1640625
2 0.38046875 0.70390625 0.0984375 0.15