5 0.7015625 0.78046875 0.0703125 0.0484375
5 0.52421875 0.6421875 0.078125 0.0484375
3 0.73984375 0.7046875 0.0484375 0.09375
3 0.74140625 0.565625 0.053125 0.1046875
5 0.38671875 0.81015625 0.040625 0.0890625
6 0.703125 0.871875 0.0796875 0.1125
5 0.7 0.64140625 0.0734375 0.0515625
4 0.60390625 0.91484375 0.05 0.1515625
3 0.6515625 0.5765625 0.0515625 0.1109375
1 0.4265625 0.71796875 0.1140625 0.240625
5 0.540625 0.7140625 0.071875 0.0515625
5 0.4609375 0.484375 0.04375 0.109375
6 0.58046875 0.37578125 0.1078125 0.15
3 0.3765625 0.36875 0.15625 0.08125
3 0.65703125 0.70390625 0.04375 0.0828125
7 0.4796875 0.90703125 0.0765625 0.1375
4 0.5609375 0.54375 0.075 0.2
2 0.36875 0.5859375 0.1421875 0.159375
5 0.6921875 0.43125 0.128125 0.0859375