6 0.35859375 0.5578125 0.1203125 0.1546875
5 0.69453125 0.66015625 0.09140625 0.03671875
6 0.36640625 0.19453125 0.06328125 0.0953125
7 0.23671875 0.38046875 0.0875 0.07109375
4 0.48203125 0.571875 0.0671875 0.04375
5 0.56484375 0.2078125 0.0234375 0.0890625
5 0.375 0.41484375 0.0765625 0.03359375
5 0.6625 0.5328125 0.025 0.09375
4 0.64609375 0.2078125 0.05234375 0.11875
5 0.4671875 0.36484375 0.0234375 0.09609375
3 0.596875 0.5828125 0.07734375 0.03828125
4 0.48359375 0.70390625 0.0609375 0.140625
3 0.6015625 0.653125 0.07421875 0.03671875
2 0.4828125 0.18125 0.0796875 0.0765625
4 0.49296875 0.4546875 0.065625 0.134375
3 0.34296875 0.33046875 0.02421875 0.084375
7 0.5640625 0.35390625 0.071875 0.09765625
5 0.565625 0.47265625 0.03515625 0.13359375
3 0.790625 0.61015625 0.04609375 0.15859375
6 0.7703125 0.19609375 0.13359375 0.1765625
0 0.70546875 0.33828125 0.20078125 0.24765625