5 0.61171875 0.54296875 0.08125 0.04375
5 0.515625 0.58203125 0.0296875 0.0765625
6 0.6046875 0.70625 0.0796875 0.1203125
6 0.6578125 0.4171875 0.1703125 0.1953125
5 0.240625 0.29609375 0.084375 0.053125
0 0.25234375 0.75546875 0.2125 0.4
3 0.64375 0.60859375 0.0390625 0.084375
5 0.296875 0.41796875 0.046875 0.11875
4 0.50546875 0.46484375 0.0765625 0.0765625
3 0.36328125 0.3125 0.084375 0.0640625
5 0.4125 0.4921875 0.034375 0.096875
7 0.41015625 0.65625 0.0578125 0.0875
7 0.73359375 0.59375 0.06875 0.13125
3 0.36484375 0.38046875 0.0765625 0.059375
4 0.51171875 0.38046875 0.08125 0.1078125
2 0.49140625 0.7578125 0.109375 0.1046875
3 0.1328125 0.34296875 0.10625 0.1734375
4 0.50078125 0.52421875 0.0921875 0.090625