5 0.46953125 0.41171875 0.0546875 0.1078125
3 0.30859375 0.30078125 0.1125 0.0765625
5 0.36640625 0.23359375 0.0484375 0.0953125
3 0.4453125 0.26875 0.1015625 0.06875
5 0.53125 0.2078125 0.0609375 0.121875
3 0.4234375 0.17109375 0.0953125 0.078125
3 0.2890625 0.2046875 0.0984375 0.0796875
5 0.16796875 0.28203125 0.05625 0.096875
6 0.63671875 0.17109375 0.1171875 0.15
5 0.65 0.6328125 0.084375 0.0640625
5 0.3859375 0.44609375 0.05625 0.11875
6 0.1171875 0.409375 0.11875 0.1375
5 0.2296875 0.534375 0.084375 0.0671875
4 0.1890625 0.3828125 0.115625 0.125
1 0.4984375 0.57265625 0.2703125 0.1984375
4 0.69296875 0.26484375 0.146875 0.1609375
3 0.1421875 0.640625 0.090625 0.178125
7 0.71484375 0.47109375 0.140625 0.1328125
2 0.2890625 0.66171875 0.1375 0.190625