6 0.6453125 0.42734375 0.1359375 0.153125
5 0.6828125 0.33046875 0.0578125 0.0390625
1 0.4296875 0.515625 0.2125 0.1296875
7 0.58984375 0.228125 0.05625 0.1328125
5 0.53046875 0.209375 0.0515625 0.0375
4 0.34921875 0.3 0.0609375 0.1484375
5 0.41171875 0.15390625 0.053125 0.034375
5 0.4390625 0.203125 0.0265625 0.08125
7 0.54921875 0.3125 0.0453125 0.14375
5 0.56640625 0.5984375 0.065625 0.0421875
5 0.44609375 0.3171875 0.0515625 0.0375
4 0.48828125 0.22578125 0.040625 0.109375
5 0.30390625 0.61640625 0.06875 0.046875
5 0.37109375 0.4203125 0.0609375 0.04375
5 0.3734375 0.18984375 0.028125 0.0578125
4 0.65390625 0.22890625 0.0640625 0.1578125
2 0.4890625 0.346875 0.0546875 0.1359375
3 0.45078125 0.234375 0.05 0.028125