6 0.6875 0.41328125 0.1546875 0.17421875
1 0.43046875 0.51171875 0.2421875 0.13203125
6 0.68984375 0.15625 0.05703125 0.090625
5 0.72109375 0.31015625 0.0609375 0.0390625
5 0.54140625 0.1953125 0.0546875 0.03828125
5 0.603125 0.6 0.0796875 0.04765625
5 0.36796875 0.41171875 0.075 0.0453125
5 0.41171875 0.146875 0.0609375 0.0359375
5 0.45703125 0.3 0.08203125 0.0421875
4 0.4546875 0.253125 0.096875 0.05234375
5 0.28671875 0.625 0.08203125 0.05
4 0.3078125 0.27578125 0.1046875 0.14375
7 0.61328125 0.165625 0.0578125 0.084375
2 0.434375 0.34921875 0.14140625 0.10703125
7 0.61875 0.30390625 0.1 0.06953125
3 0.4734375 0.221875 0.090625 0.03359375
4 0.72734375 0.2203125 0.13203125 0.084375
5 0.43828125 0.171875 0.025 0.05703125