5 0.89765625 0.58359375 0.03671875 0.096875
5 0.33515625 0.60703125 0.07421875 0.040625
5 0.271875 0.55625 0.0328125 0.08671875
6 0.65546875 0.24140625 0.128125 0.16484375
5 0.81640625 0.31171875 0.034375 0.07421875
5 0.3578125 0.29296875 0.0578125 0.03828125
3 0.41796875 0.4671875 0.03203125 0.096875
5 0.53046875 0.4578125 0.02734375 0.08828125
6 0.35078125 0.2171875 0.06875 0.09609375
5 0.371875 0.38515625 0.0296875 0.1015625
5 0.34609375 0.5046875 0.08125 0.04765625
4 0.5453125 0.61328125 0.10390625 0.109375
3 0.453125 0.60546875 0.10625 0.0578125
5 0.67578125 0.55234375 0.03046875 0.1
2 0.60625 0.4640625 0.06953125 0.11171875
7 0.54921875 0.2953125 0.05390625 0.1296875
5 0.52890625 0.20625 0.0234375 0.0625
4 0.48046875 0.465625 0.05703125 0.12265625
7 0.440625 0.275 0.05234375 0.15859375
4 0.4578125 0.16875 0.06328125 0.1234375
1 0.76953125 0.453125 0.140625 0.28046875