5 0.55546875 0.3125 0.06796875 0.0359375
5 0.54921875 0.39609375 0.06015625 0.0359375
1 0.6609375 0.3828125 0.07890625 0.24609375
5 0.41484375 0.15703125 0.0671875 0.0453125
5 0.58671875 0.1625 0.021875 0.0703125
3 0.35625 0.40546875 0.0359375 0.08359375
5 0.4 0.33984375 0.05859375 0.03515625
5 0.38984375 0.51796875 0.0703125 0.03671875
3 0.365625 0.27734375 0.034375 0.0953125
6 0.3765625 0.65390625 0.078125 0.10703125
5 0.7296875 0.50703125 0.02890625 0.08984375
3 0.43671875 0.409375 0.0296875 0.09140625
7 0.68359375 0.6171875 0.09453125 0.11484375
3 0.63046875 0.08125 0.09296875 0.05
3 0.43984375 0.26875 0.0296875 0.08203125
6 0.49140625 0.096875 0.05234375 0.10390625
4 0.559375 0.6640625 0.12109375 0.096875
2 0.67109375 0.1625 0.08984375 0.1234375
4 0.5296875 0.128125 0.0375 0.1625