5 0.58671875 0.60234375 0.09375 0.0609375
6 0.55 0.79140625 0.09375 0.128125
6 0.64921875 0.4734375 0.18125 0.2046875
4 0.55078125 0.28671875 0.1078125 0.1640625
7 0.7328125 0.6609375 0.1125 0.1078125
5 0.3578125 0.74453125 0.0453125 0.0859375
3 0.60390625 0.69140625 0.05 0.0890625
5 0.290625 0.29140625 0.0921875 0.0609375
5 0.3140625 0.42109375 0.0640625 0.121875
5 0.4875 0.63203125 0.0484375 0.096875
2 0.43984375 0.78203125 0.09375 0.09375
3 0.39921875 0.325 0.0796875 0.06875
3 0.38828125 0.39140625 0.0890625 0.06875
0 0.2015625 0.70546875 0.2875 0.3984375
5 0.40546875 0.521875 0.05 0.0984375
3 0.1828125 0.32421875 0.0671875 0.0984375
7 0.384375 0.615625 0.071875 0.0875
4 0.47578125 0.55234375 0.0921875 0.1265625
4 0.50703125 0.4640625 0.0890625 0.1