1 0.72265625 0.29296875 0.1140625 0.2140625
6 0.61953125 0.4765625 0.1671875 0.1953125
5 0.34296875 0.3046875 0.0390625 0.078125
6 0.24453125 0.453125 0.1015625 0.13125
4 0.5515625 0.12890625 0.0671875 0.1234375
5 0.7828125 0.4265625 0.040625 0.0859375
5 0.63515625 0.22734375 0.0328125 0.071875
4 0.38828125 0.3984375 0.0859375 0.140625
5 0.35703125 0.20859375 0.06875 0.05
5 0.7984375 0.23125 0.0390625 0.0828125
7 0.51875 0.31484375 0.0859375 0.1546875
5 0.37421875 0.1484375 0.06875 0.046875
5 0.4625 0.528125 0.046875 0.1203125
5 0.3109375 0.165625 0.0375 0.0671875
2 0.58359375 0.265625 0.078125 0.1328125
3 0.4703125 0.1671875 0.071875 0.0546875
7 0.40859375 0.30234375 0.0734375 0.0953125
5 0.29375 0.37890625 0.071875 0.05625
4 0.45859375 0.215625 0.0578125 0.1125
3 0.4140625 0.2390625 0.0515625 0.065625