6 0.71171875 0.33203125 0.13984375 0.165625
5 0.70859375 0.44453125 0.07421875 0.04375
7 0.84765625 0.4375 0.0671875 0.1609375
6 0.76171875 0.6375 0.1046875 0.16328125
6 0.22265625 0.64609375 0.196875 0.2171875
5 0.49140625 0.6578125 0.03359375 0.1296875
0 0.34609375 0.27890625 0.20546875 0.47265625
4 0.5734375 0.3109375 0.0609375 0.1015625
3 0.2734375 0.32265625 0.0328125 0.0765625
5 0.6109375 0.49609375 0.03046875 0.103125
3 0.76796875 0.515625 0.03515625 0.084375
3 0.459375 0.290625 0.059375 0.040625
4 0.57734375 0.23984375 0.05703125 0.05390625
3 0.459375 0.33203125 0.059375 0.05
7 0.4953125 0.490625 0.065625 0.10390625
4 0.384375 0.66015625 0.09609375 0.1296875
5 0.49609375 0.40703125 0.025 0.071875
4 0.57421875 0.19296875 0.053125 0.04375
2 0.61171875 0.690625 0.11640625 0.08515625