6 0.39140625 0.5140625 0.1671875 0.2046875
1 0.328125 0.31328125 0.11015625 0.2046875
5 0.71953125 0.2421875 0.0640625 0.0421875
5 0.4328125 0.26328125 0.0265625 0.0640625
5 0.234375 0.43359375 0.0359375 0.08671875
3 0.6203125 0.23984375 0.0828125 0.04765625
5 0.7265625 0.403125 0.0328125 0.0765625
5 0.5515625 0.6046875 0.03046875 0.1203125
5 0.7859375 0.27109375 0.03125 0.0640625
4 0.60625 0.309375 0.0390625 0.1046875
5 0.7296875 0.3046875 0.06640625 0.04375
5 0.26875 0.2328125 0.034375 0.06484375
5 0.55546875 0.33046875 0.02578125 0.08671875
2 0.478125 0.31328125 0.06484375 0.1203125
4 0.5375 0.17578125 0.06875 0.13828125
6 0.8078125 0.57421875 0.0984375 0.13828125
7 0.65546875 0.4 0.0609375 0.22265625
4 0.659375 0.590625 0.08046875 0.14375
7 0.528125 0.48125 0.0609375 0.115625
5 0.76328125 0.4953125 0.1296875 0.05625