5 0.365625 0.4875 0.02421875 0.109375
6 0.275 0.21953125 0.05625 0.09375
5 0.4890625 0.53515625 0.05625 0.034375
5 0.4796875 0.45390625 0.0546875 0.040625
5 0.521875 0.25390625 0.05546875 0.04453125
5 0.225 0.48359375 0.02734375 0.07421875
6 0.55390625 0.33515625 0.05546875 0.08125
3 0.59609375 0.4703125 0.02578125 0.08515625
6 0.73125 0.409375 0.1203125 0.13671875
5 0.51953125 0.17734375 0.0484375 0.0375
3 0.4171875 0.21484375 0.02421875 0.06875
5 0.29453125 0.4953125 0.0265625 0.10390625
4 0.34609375 0.32109375 0.0359375 0.0734375
4 0.6734375 0.29765625 0.05859375 0.10546875
4 0.234375 0.30546875 0.065625 0.10078125
3 0.7140625 0.5296875 0.06484375 0.0421875
4 0.7390625 0.3 0.0484375 0.1
5 0.634375 0.21015625 0.02890625 0.0859375
5 0.71796875 0.21171875 0.03203125 0.0859375
3 0.33828125 0.21953125 0.0375 0.0953125
4 0.43828125 0.31328125 0.03203125 0.1203125