5 0.521875 0.40859375 0.040625 0.0875
6 0.6890625 0.21796875 0.0921875 0.1265625
5 0.44375 0.428125 0.04375 0.115625
5 0.44453125 0.2546875 0.0359375 0.0796875
5 0.5890625 0.234375 0.0390625 0.08125
6 0.21171875 0.37578125 0.0921875 0.115625
3 0.3890625 0.30546875 0.0953125 0.0671875
3 0.5078125 0.28828125 0.09375 0.0578125
5 0.66171875 0.6109375 0.0859375 0.05625
5 0.26640625 0.2765625 0.0390625 0.071875
3 0.49921875 0.20234375 0.06875 0.053125
3 0.38125 0.22578125 0.075 0.0609375
2 0.31328125 0.61640625 0.11875 0.134375
4 0.740625 0.384375 0.134375 0.1625
7 0.74453125 0.52265625 0.1109375 0.128125
1 0.5375 0.53359375 0.284375 0.1796875
5 0.3046875 0.4890625 0.1484375 0.0875
3 0.2046875 0.5765625 0.0875 0.175
4 0.28046875 0.3546875 0.1078125 0.128125