6 0.61640625 0.303125 0.11875 0.1359375
5 0.60625 0.459375 0.065625 0.0453125
4 0.365625 0.4515625 0.059375 0.178125
5 0.3921875 0.346875 0.05625 0.040625
4 0.65234375 0.37421875 0.0546875 0.1296875
6 0.28359375 0.6109375 0.1828125 0.2046875
4 0.315625 0.44375 0.05625 0.1625
5 0.47421875 0.53515625 0.071875 0.05
3 0.296875 0.3828125 0.040625 0.0828125
0 0.50234375 0.21953125 0.16875 0.4140625
3 0.3453125 0.3859375 0.0359375 0.071875
6 0.6 0.65859375 0.1046875 0.128125
4 0.26015625 0.434375 0.0671875 0.171875
5 0.42265625 0.43359375 0.0703125 0.05
5 0.41640625 0.62421875 0.0390625 0.09375
5 0.32109375 0.30703125 0.034375 0.059375
7 0.5296875 0.4296875 0.0625 0.128125
2 0.66015625 0.54921875 0.0640625 0.1109375
3 0.37421875 0.2546875 0.0890625 0.0578125
3 0.48359375 0.6765625 0.109375 0.0625
7 0.41796875 0.73125 0.103125 0.140625