5 0.36796875 0.225 0.0828125 0.0578125
6 0.646875 0.5578125 0.1796875 0.2015625
5 0.6265625 0.33125 0.0796875 0.05625
5 0.35859375 0.4828125 0.0734375 0.0484375
5 0.3375 0.7921875 0.046875 0.1078125
5 0.44140625 0.82265625 0.06875 0.053125
7 0.50859375 0.6734375 0.075 0.153125
5 0.6515625 0.70546875 0.06875 0.0484375
4 0.28828125 0.61953125 0.0984375 0.165625
2 0.45390625 0.6015625 0.0921875 0.1921875
5 0.3984375 0.6515625 0.1046875 0.059375
1 0.46015625 0.38984375 0.2734375 0.1828125
4 0.4109375 0.75703125 0.071875 0.140625
5 0.2578125 0.7984375 0.05625 0.08125
5 0.27578125 0.85703125 0.115625 0.078125
7 0.51875 0.81015625 0.1078125 0.134375
6 0.57578125 0.915625 0.090625 0.0984375
4 0.5875 0.82109375 0.096875 0.1765625
5 0.5046875 0.88359375 0.046875 0.0640625