5 0.7203125 0.6578125 0.06875 0.046875
6 0.675 0.5234375 0.1625 0.184375
5 0.58203125 0.29921875 0.084375 0.0515625
6 0.7 0.8515625 0.06875 0.10625
5 0.275 0.271875 0.0953125 0.0515625
1 0.41640625 0.409375 0.2484375 0.15
5 0.54140625 0.809375 0.065625 0.04375
4 0.2921875 0.675 0.121875 0.1671875
5 0.44765625 0.6671875 0.090625 0.05
5 0.40234375 0.8734375 0.0625 0.04375
5 0.35234375 0.52421875 0.078125 0.04375
4 0.44375 0.71484375 0.10625 0.06875
7 0.6078125 0.79140625 0.0796875 0.15
5 0.43125 0.80625 0.0359375 0.1125
2 0.44296875 0.59140625 0.1125 0.1109375
5 0.3578125 0.8296875 0.0328125 0.06875
3 0.340625 0.7375 0.0359375 0.0734375
7 0.61015625 0.64609375 0.0984375 0.08125
4 0.73203125 0.7609375 0.125 0.1078125
3 0.47421875 0.76953125 0.0625 0.04375