3 0.68828125 0.325 0.02890625 0.0921875
6 0.64296875 0.121875 0.06015625 0.09375
5 0.51015625 0.3390625 0.05703125 0.0359375
5 0.6609375 0.61796875 0.0953125 0.03828125
5 0.64921875 0.23515625 0.05703125 0.03671875
3 0.69609375 0.471875 0.03125 0.0875
6 0.571875 0.69296875 0.0671875 0.109375
1 0.409375 0.353125 0.06875 0.234375
3 0.4140625 0.7140625 0.1203125 0.04140625
5 0.6546875 0.3953125 0.05703125 0.03828125
5 0.51015625 0.42578125 0.0765625 0.03359375
5 0.359375 0.240625 0.02421875 0.0734375
3 0.61796875 0.4671875 0.0296875 0.09375
3 0.61328125 0.32578125 0.02734375 0.08671875
5 0.46796875 0.58984375 0.025 0.103125
4 0.48828125 0.115625 0.06328125 0.06875
7 0.40546875 0.14765625 0.07578125 0.08203125
4 0.53359375 0.5578125 0.06484375 0.1265625
2 0.3765625 0.603125 0.109375 0.15