3 0.67109375 0.52734375 0.0484375 0.0953125
5 0.57578125 0.46796875 0.0671875 0.046875
6 0.37421875 0.815625 0.08125 0.10625
5 0.67109375 0.4140625 0.05 0.09375
4 0.6375 0.70859375 0.053125 0.1234375
5 0.334375 0.6171875 0.0671875 0.046875
3 0.62109375 0.53046875 0.046875 0.1
3 0.6203125 0.30078125 0.0953125 0.0640625
4 0.31015625 0.528125 0.109375 0.084375
4 0.73359375 0.64296875 0.0875 0.084375
6 0.271875 0.3828125 0.18125 0.2140625
0 0.484375 0.665625 0.225 0.3828125
6 0.63046875 0.78984375 0.1296875 0.1484375
7 0.515625 0.896875 0.0796875 0.1171875
2 0.3328125 0.71484375 0.0859375 0.115625