3 0.37265625 0.28828125 0.103125 0.0671875
6 0.6515625 0.853125 0.078125 0.1125
5 0.31953125 0.41328125 0.0515625 0.109375
5 0.696875 0.6453125 0.071875 0.046875
5 0.42734375 0.475 0.078125 0.053125
4 0.36328125 0.72109375 0.0578125 0.171875
2 0.7328125 0.75 0.06875 0.13125
3 0.321875 0.53671875 0.0484375 0.1078125
6 0.771875 0.3859375 0.2109375 0.240625
4 0.30703125 0.71484375 0.059375 0.1796875
4 0.4140625 0.72109375 0.059375 0.175
4 0.77734375 0.578125 0.071875 0.1421875
3 0.3765625 0.553125 0.0421875 0.0890625
6 0.37578125 0.81875 0.1328125 0.1453125
0 0.53203125 0.70390625 0.2109375 0.4734375