6 0.446875 0.19609375 0.1015625 0.13203125
5 0.4421875 0.37890625 0.05390625 0.0328125
5 0.65546875 0.2890625 0.04765625 0.0328125
3 0.73671875 0.34609375 0.02890625 0.07265625
5 0.615625 0.38046875 0.053125 0.03125
6 0.70625 0.59453125 0.12734375 0.1609375
3 0.6921875 0.184375 0.0609375 0.03984375
6 0.4296875 0.5875 0.0671875 0.09765625
5 0.55 0.4828125 0.0640625 0.0359375
4 0.409375 0.28515625 0.0359375 0.115625
5 0.72890625 0.2578125 0.02265625 0.06328125
3 0.69375 0.34609375 0.03125 0.07734375
3 0.53359375 0.62265625 0.075 0.03984375
5 0.59296875 0.5828125 0.02421875 0.084375
2 0.3890625 0.4703125 0.04609375 0.0953125
4 0.66328125 0.415625 0.03671875 0.11640625
7 0.51875 0.36796875 0.03828125 0.10546875
4 0.76015625 0.415625 0.03828125 0.11328125
4 0.71015625 0.415625 0.03671875 0.11328125
0 0.58359375 0.14453125 0.10703125 0.27890625
7 0.57265625 0.6953125 0.0765625 0.096875