5 0.85 0.70234375 0.0578125 0.109375
5 0.3578125 0.2703125 0.0734375 0.05625
5 0.6328125 0.63046875 0.0625 0.13125
5 0.82265625 0.39609375 0.0484375 0.084375
5 0.2671875 0.61015625 0.08125 0.05625
6 0.67421875 0.28359375 0.1578125 0.1859375
5 0.35234375 0.375 0.0546875 0.1234375
6 0.3640625 0.1828125 0.090625 0.1140625
5 0.303125 0.503125 0.084375 0.0578125
5 0.20859375 0.5515625 0.059375 0.1234375
1 0.75234375 0.54140625 0.1671875 0.303125
5 0.50234375 0.49921875 0.0546875 0.128125
7 0.54765625 0.33984375 0.0828125 0.15
7 0.4546875 0.28125 0.0875 0.18125
4 0.48125 0.1671875 0.078125 0.125
2 0.60234375 0.4203125 0.096875 0.1328125
3 0.38671875 0.47421875 0.065625 0.1359375
3 0.3921875 0.6328125 0.1296875 0.0828125
4 0.50703125 0.62265625 0.1125 0.1828125
5 0.55234375 0.2203125 0.0515625 0.103125
4 0.4609375 0.38671875 0.0796875 0.115625