5 0.35390625 0.4109375 0.09140625 0.0421875
5 0.45546875 0.35546875 0.028125 0.1046875
5 0.75859375 0.68203125 0.1171875 0.046875
5 0.70546875 0.54453125 0.0390625 0.13828125
3 0.309375 0.32421875 0.034375 0.1078125
6 0.31484375 0.57421875 0.16640625 0.19921875
3 0.6265625 0.68203125 0.11171875 0.04921875
2 0.46953125 0.121875 0.0875 0.09609375
6 0.3421875 0.1953125 0.078125 0.134375
3 0.87734375 0.6234375 0.053125 0.14453125
0 0.75625 0.228125 0.2515625 0.45546875
5 0.56640625 0.1828125 0.02578125 0.0734375
7 0.21015625 0.36171875 0.06875 0.1328125
5 0.575 0.45625 0.02890625 0.1078125
7 0.56875 0.2765625 0.07734375 0.11953125
4 0.4796875 0.4640625 0.0859375 0.0875
4 0.478125 0.64609375 0.08671875 0.11328125
4 0.47890625 0.54765625 0.09453125 0.08359375
3 0.62109375 0.590625 0.1265625 0.0578125