6 0.5171875 0.9109375 0.1296875 0.1640625
5 0.5953125 0.6234375 0.0359375 0.0953125
5 0.6734375 0.63984375 0.0359375 0.090625
5 0.246875 0.6515625 0.0453125 0.1234375
5 0.675 0.25703125 0.128125 0.0609375
5 0.6453125 0.48203125 0.071875 0.0515625
5 0.65859375 0.375 0.125 0.0546875
5 0.35234375 0.6671875 0.04375 0.13125
6 0.45625 0.7171875 0.075 0.128125
4 0.4734375 0.25390625 0.08125 0.11875
5 0.30234375 0.9046875 0.1 0.0515625
6 0.30859375 0.27734375 0.1046875 0.134375
5 0.3015625 0.8140625 0.0640625 0.0484375
3 0.29765625 0.5234375 0.1546875 0.071875
3 0.29609375 0.3875 0.1578125 0.0734375
3 0.59140625 0.775 0.13125 0.0765625
3 0.6265625 0.8734375 0.0546875 0.1140625
4 0.42421875 0.875 0.090625 0.153125
4 0.42578125 0.9640625 0.0734375 0.0578125
4 0.459375 0.5828125 0.0984375 0.1328125
4 0.46015625 0.42578125 0.0671875 0.103125