5 0.55546875 0.57578125 0.046875 0.0890625
6 0.784375 0.6859375 0.1015625 0.13125
5 0.47578125 0.58828125 0.053125 0.115625
5 0.54453125 0.74765625 0.0421875 0.0796875
5 0.6859375 0.709375 0.04375 0.08125
6 0.2828125 0.72734375 0.1 0.1203125
3 0.47421875 0.721875 0.0984375 0.0734375
3 0.58984375 0.6921875 0.096875 0.0640625
5 0.60546875 0.334375 0.0890625 0.0625
5 0.371875 0.796875 0.0453125 0.0734375
3 0.615625 0.77421875 0.071875 0.0578125
3 0.49765625 0.7984375 0.078125 0.065625
2 0.2828125 0.465625 0.128125 0.140625
4 0.76640625 0.5125 0.1453125 0.1703125
7 0.71640625 0.38359375 0.11875 0.1328125
1 0.521875 0.4546875 0.2921875 0.2
5 0.32421875 0.58671875 0.1515625 0.0984375
3 0.19765625 0.54453125 0.1 0.178125
4 0.35546875 0.71953125 0.1171875 0.134375