5 0.88203125 0.63203125 0.03828125 0.10390625
5 0.31640625 0.3015625 0.065625 0.04453125
5 0.65546875 0.60234375 0.03828125 0.1265625
5 0.796875 0.33671875 0.03359375 0.07890625
5 0.2921875 0.65234375 0.075 0.0421875
6 0.6296875 0.2546875 0.12890625 0.16484375
5 0.33125 0.40546875 0.0328125 0.11953125
6 0.30625 0.21484375 0.071875 0.1015625
5 0.30703125 0.540625 0.0765625 0.04453125
5 0.2234375 0.60625 0.03828125 0.11796875
1 0.75546875 0.4921875 0.1140625 0.2859375
5 0.50234375 0.4984375 0.03203125 0.12421875
7 0.51640625 0.33359375 0.05703125 0.14140625
7 0.4140625 0.29375 0.05546875 0.1734375
4 0.41796875 0.1765625 0.0578125 0.115625
2 0.58515625 0.40234375 0.07578125 0.12109375
3 0.38359375 0.49609375 0.0421875 0.1296875
3 0.41953125 0.65078125 0.1203125 0.06171875
4 0.53046875 0.61875 0.08125 0.1703125
5 0.4984375 0.215625 0.03359375 0.09921875
4 0.43984375 0.39609375 0.06015625 0.10546875