3 0.671875 0.7609375 0.0421875 0.0875
5 0.61796875 0.82265625 0.065625 0.0484375
5 0.4921875 0.64140625 0.0671875 0.04375
6 0.596875 0.91875 0.0671875 0.1015625
5 0.48828125 0.7171875 0.065625 0.046875
5 0.32265625 0.7765625 0.0328125 0.071875
5 0.6484375 0.68828125 0.0671875 0.04375
3 0.70625 0.62890625 0.0453125 0.09375
1 0.38203125 0.69375 0.1 0.23125
5 0.6890625 0.484375 0.0953125 0.0515625
3 0.5953125 0.74453125 0.0390625 0.0796875
6 0.60234375 0.40625 0.0921875 0.1328125
3 0.621875 0.609375 0.0484375 0.1125
5 0.471875 0.4828125 0.0390625 0.1078125
4 0.46015625 0.88984375 0.0984375 0.0875
3 0.421875 0.35234375 0.1453125 0.06875
4 0.54375 0.525 0.065625 0.2265625
7 0.35859375 0.8609375 0.075 0.096875
2 0.371875 0.46796875 0.125 0.134375