3 0.3515625 0.69765625 0.096875 0.0578125
6 0.6875 0.16484375 0.06796875 0.10625
5 0.31171875 0.5671875 0.040625 0.10625
5 0.7109375 0.37578125 0.06796875 0.040625
5 0.425 0.5171875 0.0734375 0.04609375
4 0.3875 0.265625 0.040625 0.16796875
2 0.7578125 0.27578125 0.05546875 0.12578125
3 0.3265625 0.44453125 0.03828125 0.1046875
6 0.75859375 0.6421875 0.18828125 0.22265625
4 0.33046875 0.26640625 0.04140625 0.17578125
4 0.4375 0.27109375 0.0421875 0.17109375
4 0.78359375 0.4515625 0.0578125 0.13671875
3 0.3828125 0.434375 0.03359375 0.08671875
6 0.409375 0.1703125 0.11875 0.134375
0 0.553125 0.30078125 0.1640625 0.459375