5 0.6 0.2828125 0.078125 0.053125
6 0.759375 0.79375 0.1 0.1265625
6 0.39453125 0.83359375 0.175 0.2078125
5 0.4546875 0.49375 0.0546875 0.1140625
5 0.28828125 0.42265625 0.0625 0.1390625
5 0.6515625 0.56484375 0.0625 0.1390625
5 0.70859375 0.68671875 0.08125 0.053125
4 0.63125 0.8234375 0.1296875 0.1578125
4 0.5390625 0.55 0.0984375 0.096875
4 0.38984375 0.34453125 0.1234375 0.1359375
7 0.59921875 0.70234375 0.1046875 0.14375
7 0.475 0.6640625 0.1125 0.134375
2 0.38828125 0.584375 0.1109375 0.134375
5 0.19765625 0.76953125 0.09375 0.13125
5 0.07578125 0.44140625 0.0984375 0.1578125
1 0.21640625 0.55390625 0.20625 0.359375
3 0.56796875 0.4703125 0.071875 0.128125
3 0.48515625 0.315625 0.134375 0.1
5 0.6234375 0.4015625 0.1234375 0.090625
5 0.68046875 0.3234375 0.0734375 0.1390625
5 0.55 0.8640625 0.0734375 0.121875