3 0.67890625 0.315625 0.034375 0.09375
6 0.62265625 0.11484375 0.065625 0.096875
5 0.5015625 0.3390625 0.059375 0.0390625
5 0.6671875 0.609375 0.096875 0.04375
5 0.63515625 0.22734375 0.059375 0.0390625
3 0.69453125 0.46171875 0.0359375 0.0890625
6 0.58203125 0.6890625 0.0734375 0.1125
1 0.4015625 0.3578125 0.08125 0.2375
3 0.425 0.71796875 0.121875 0.046875
5 0.64921875 0.3875 0.059375 0.040625
5 0.50625 0.425 0.078125 0.0375
5 0.34609375 0.2484375 0.028125 0.075
3 0.61640625 0.4609375 0.034375 0.0953125
3 0.60390625 0.3203125 0.03125 0.0875
5 0.47265625 0.59140625 0.0296875 0.1046875
4 0.46796875 0.11640625 0.0671875 0.071875
7 0.3875 0.153125 0.0796875 0.0859375
4 0.53671875 0.55625 0.071875 0.1296875
2 0.38203125 0.609375 0.1171875 0.15625