3 0.66171875 0.5625 0.04375 0.09375
5 0.58125 0.484375 0.065625 0.04375
6 0.3109375 0.7828125 0.075 0.1015625
5 0.68515625 0.4515625 0.04375 0.0921875
4 0.59140625 0.7328125 0.0453125 0.121875
5 0.31328125 0.58046875 0.065625 0.04375
3 0.61171875 0.5546875 0.040625 0.0984375
3 0.659375 0.33046875 0.0921875 0.0578125
4 0.3078125 0.48828125 0.1046875 0.078125
4 0.69921875 0.68828125 0.0828125 0.0796875
6 0.3015625 0.33828125 0.16875 0.2046875
0 0.45078125 0.65859375 0.2 0.3734375
6 0.5671875 0.8109375 0.1203125 0.140625
7 0.4328125 0.89140625 0.0734375 0.1140625
2 0.2921875 0.67578125 0.0796875 0.1125