1 0.30859375 0.2640625 0.08671875 0.2046875
6 0.38515625 0.46015625 0.14453125 0.17734375
5 0.6828125 0.328125 0.02890625 0.07421875
6 0.759375 0.4890625 0.0859375 0.1203125
4 0.50078125 0.125 0.0515625 0.11796875
5 0.23046875 0.38828125 0.02890625 0.08203125
5 0.40390625 0.2109375 0.0234375 0.06953125
4 0.625 0.41484375 0.06875 0.1328125
5 0.68203125 0.23125 0.06328125 0.04140625
5 0.2421875 0.1921875 0.028125 0.07890625
7 0.50703125 0.3140625 0.065625 0.14765625
5 0.6734375 0.16953125 0.06328125 0.03828125
5 0.53359375 0.5328125 0.03125 0.11640625
5 0.73359375 0.1953125 0.0296875 0.06328125
2 0.45 0.25625 0.0609375 0.12578125
3 0.57578125 0.17421875 0.06640625 0.0453125
7 0.61796875 0.3171875 0.06171875 0.0875
5 0.72109375 0.40859375 0.06640625 0.046875
4 0.58046875 0.22421875 0.04375 0.10703125
3 0.62109375 0.253125 0.04296875 0.0609375