6 0.38515625 0.08125 0.1109375 0.15
5 0.6640625 0.53359375 0.046875 0.175
6 0.3765625 0.453125 0.0828125 0.1234375
5 0.5515625 0.54296875 0.04375 0.1734375
3 0.58359375 0.34375 0.115625 0.053125
6 0.4359375 0.74609375 0.1 0.134375
7 0.31953125 0.25546875 0.1125 0.0984375
6 0.4328125 0.3078125 0.0703125 0.075
3 0.57421875 0.24921875 0.1109375 0.0484375
5 0.57890625 0.30390625 0.1125 0.034375
5 0.553125 0.04296875 0.096875 0.040625
5 0.5640625 0.1625 0.1046875 0.0453125
5 0.55703125 0.09375 0.1046875 0.053125