6 0.24296875 0.84296875 0.0796875 0.103125
5 0.259375 0.7375 0.0703125 0.05
6 0.4375 0.321875 0.0921875 0.1203125
5 0.4421875 0.590625 0.06875 0.0453125
3 0.2671875 0.5015625 0.05625 0.0921875
5 0.41796875 0.66953125 0.0640625 0.0484375
3 0.31640625 0.65703125 0.0484375 0.090625
3 0.34375 0.5203125 0.0515625 0.09375
3 0.59453125 0.33828125 0.1328125 0.0765625
5 0.33515625 0.36875 0.0953125 0.05625
3 0.2421875 0.64296875 0.0546875 0.0921875
5 0.54609375 0.78828125 0.05 0.1
5 0.29296875 0.58359375 0.0640625 0.046875
7 0.44765625 0.8984375 0.05625 0.0890625
4 0.32734375 0.89609375 0.09375 0.1578125
1 0.5140625 0.6859375 0.1484375 0.2578125
2 0.5953125 0.53125 0.1296875 0.1109375
5 0.51484375 0.43828125 0.0859375 0.1421875
4 0.43359375 0.4609375 0.0984375 0.146875