6 0.421875 0.25078125 0.0578125 0.0984375
5 0.6109375 0.5546875 0.109375 0.046875
6 0.41171875 0.70546875 0.12109375 0.15859375
3 0.5984375 0.34375 0.1 0.03984375
5 0.6265625 0.7953125 0.115625 0.03671875
5 0.6328125 0.20546875 0.025 0.1203125
5 0.6171875 0.684375 0.11171875 0.04453125
6 0.46484375 0.05625 0.0515625 0.08984375
5 0.5515625 0.2046875 0.02578125 0.11796875
7 0.35546875 0.45859375 0.1015625 0.0734375
3 0.6046875 0.446875 0.109375 0.04765625
7 0.46328125 0.39921875 0.0765625 0.0828125