6 0.5625 0.3203125 0.10625 0.1359375
6 0.17890625 0.2515625 0.0984375 0.1328125
3 0.66015625 0.5078125 0.0734375 0.165625
5 0.13203125 0.578125 0.0640625 0.1109375
5 0.3328125 0.55078125 0.05625 0.1234375
5 0.63984375 0.18046875 0.046875 0.08125
4 0.13046875 0.35078125 0.1078125 0.1546875
5 0.48828125 0.48671875 0.1453125 0.0734375
5 0.50703125 0.58984375 0.15625 0.078125
5 0.7421875 0.165625 0.046875 0.0796875
5 0.5 0.24453125 0.0703125 0.053125
4 0.39765625 0.3140625 0.0515625 0.1421875
6 0.8203125 0.38671875 0.2125 0.21875
3 0.3640625 0.2265625 0.04375 0.0953125
4 0.7125 0.24765625 0.103125 0.1546875
5 0.23515625 0.575 0.0703125 0.15
4 0.79921875 0.23828125 0.0859375 0.128125
4 0.28125 0.34453125 0.0625 0.1
5 0.48828125 0.165625 0.0609375 0.0515625
3 0.81796875 0.53671875 0.1203125 0.0765625
3 0.26171875 0.23515625 0.0453125 0.0859375