6 0.378125 0.35546875 0.103125 0.1359375
5 0.50859375 0.540625 0.1515625 0.0703125
6 0.76484375 0.1640625 0.10625 0.146875
5 0.68828125 0.578125 0.0609375 0.190625
4 0.19140625 0.31953125 0.1046875 0.1640625
6 0.12109375 0.5078125 0.221875 0.2390625
4 0.84765625 0.28671875 0.1109375 0.146875
3 0.5625 0.175 0.053125 0.1375
4 0.6875 0.3140625 0.0640625 0.103125
3 0.6765625 0.171875 0.0515625 0.1375
5 0.24375 0.2 0.05 0.125
3 0.33671875 0.6109375 0.0671875 0.20625
4 0.0890625 0.3296875 0.0921875 0.1515625
5 0.8953125 0.54609375 0.0609375 0.1296875
5 0.796875 0.57578125 0.0671875 0.1875
5 0.1234375 0.19375 0.04375 0.0984375
5 0.4109375 0.12265625 0.128125 0.065625
5 0.421875 0.23046875 0.0796875 0.053125
3 0.1734375 0.69765625 0.140625 0.0796875
5 0.5234375 0.6734375 0.1515625 0.06875
4 0.553125 0.3171875 0.0671875 0.1671875