5 0.3046875 0.24296875 0.0640625 0.04375
5 0.334375 0.6 0.06875 0.0359375
6 0.5921875 0.1640625 0.1265625 0.1703125
5 0.7515625 0.24921875 0.0328125 0.0859375
6 0.27890625 0.14453125 0.0734375 0.1046875
5 0.33046875 0.49609375 0.0671875 0.0375
5 0.27421875 0.55078125 0.0296875 0.0890625
5 0.33515625 0.35546875 0.034375 0.11875
3 0.390625 0.446875 0.0359375 0.1125
3 0.43671875 0.590625 0.090625 0.0421875
5 0.80625 0.54140625 0.0328125 0.103125
5 0.46796875 0.12265625 0.0328125 0.1234375
4 0.44140625 0.4515625 0.0609375 0.1453125
5 0.6234375 0.51796875 0.0296875 0.08125
5 0.4921875 0.43359375 0.028125 0.0890625
7 0.49921875 0.24453125 0.075 0.1328125
4 0.3921875 0.09609375 0.0859375 0.1734375
7 0.39609375 0.2453125 0.06875 0.13125
1 0.703125 0.415625 0.125 0.2796875
4 0.521875 0.61875 0.0765625 0.140625
2 0.559375 0.43359375 0.0828125 0.134375