6 0.62578125 0.1015625 0.09765625 0.134375
5 0.37890625 0.5578125 0.03828125 0.1765625
5 0.48203125 0.5609375 0.03046875 0.171875
6 0.64375 0.46875 0.06953125 0.109375
7 0.665625 0.24140625 0.0484375 0.1390625
3 0.45078125 0.2765625 0.1 0.04296875
6 0.596875 0.759375 0.0796875 0.1265625
5 0.45703125 0.1171875 0.09140625 0.040625
5 0.45390625 0.1953125 0.096875 0.04296875
5 0.46171875 0.06640625 0.08515625 0.034375
7 0.56015625 0.3109375 0.04296875 0.11015625
3 0.44453125 0.36875 0.1046875 0.0453125