5 0.671875 0.2 0.065625 0.0421875
5 0.50859375 0.35625 0.0734375 0.0421875
3 0.7171875 0.271875 0.0390625 0.090625
3 0.7328125 0.409375 0.04375 0.1015625
5 0.3546875 0.203125 0.0328125 0.0875
6 0.66328125 0.10859375 0.06875 0.10625
5 0.68359375 0.33828125 0.06875 0.0453125
4 0.56015625 0.0765625 0.034375 0.15
3 0.6421875 0.4078125 0.040625 0.1078125
1 0.40390625 0.29140625 0.090625 0.234375
5 0.51796875 0.2828125 0.06875 0.04375
5 0.4625 0.51953125 0.0328125 0.1078125
6 0.59296875 0.61484375 0.09375 0.140625
3 0.39140625 0.64296875 0.1515625 0.0671875
3 0.63515625 0.28125 0.0359375 0.0796875
7 0.4375 0.09765625 0.0640625 0.1328125
4 0.55546875 0.45 0.0546875 0.1953125
2 0.36015625 0.42890625 0.128125 0.1484375
5 0.6984375 0.5484375 0.121875 0.075