5 0.2765625 0.33359375 0.1515625 0.05
5 0.28828125 0.21796875 0.146875 0.04453125
5 0.8765625 0.27578125 0.040625 0.12890625
3 0.4578125 0.2828125 0.0359375 0.14140625
5 0.67578125 0.2828125 0.0359375 0.1453125
3 0.56953125 0.28203125 0.03359375 0.1375
6 0.84609375 0.53046875 0.16875 0.19765625
7 0.58515625 0.65078125 0.08046875 0.16875
6 0.33125 0.53828125 0.09453125 0.1296875
6 0.06484375 0.465625 0.11015625 0.1375
5 0.78984375 0.2828125 0.03359375 0.1359375
7 0.51484375 0.478125 0.08046875 0.10859375