3 0.334375 0.44921875 0.03671875 0.09140625
5 0.4203125 0.52109375 0.0625 0.0390625
6 0.66875 0.2046875 0.06875 0.096875
5 0.31875 0.5609375 0.0375 0.0890625
4 0.39296875 0.27421875 0.03671875 0.11953125
5 0.68046875 0.40703125 0.0625 0.0390625
3 0.384375 0.453125 0.03359375 0.09609375
3 0.353125 0.68046875 0.08828125 0.0515625
4 0.6921875 0.4984375 0.1 0.071875
4 0.28828125 0.32578125 0.078125 0.07421875
6 0.709375 0.64765625 0.15625 0.19453125
0 0.53828125 0.33828125 0.17578125 0.3625
6 0.4109375 0.19453125 0.11171875 0.13359375
7 0.53984375 0.1046875 0.065625 0.109375
2 0.6953125 0.31015625 0.071875 0.10703125