5 0.2890625 0.565625 0.08125 0.059375
6 0.28828125 0.36328125 0.1125 0.1359375
6 0.26015625 0.6796875 0.1640625 0.1890625
7 0.1359375 0.515625 0.1203125 0.103125
3 0.4875 0.771875 0.065625 0.0578125
3 0.66875 0.76875 0.0453125 0.090625
3 0.25625 0.48359375 0.0515625 0.09375
5 0.38828125 0.5375 0.05 0.0984375
6 0.75546875 0.45078125 0.2 0.2234375
4 0.37109375 0.7640625 0.075 0.1015625
3 0.496875 0.72890625 0.059375 0.0609375
2 0.4265625 0.35625 0.11875 0.1109375
4 0.60859375 0.42421875 0.103125 0.16875
5 0.521875 0.39453125 0.05625 0.128125
0 0.58984375 0.7671875 0.2734375 0.453125
5 0.47421875 0.64375 0.0359375 0.0703125
4 0.409375 0.61171875 0.08125 0.1109375
7 0.48359375 0.578125 0.065625 0.08125