5 0.0921875 0.44296875 0.04375 0.103125
6 0.36171875 0.7703125 0.1375 0.171875
5 0.31640625 0.453125 0.0421875 0.1171875
5 0.1953125 0.7125 0.0390625 0.0765625
5 0.6578125 0.38203125 0.0765625 0.046875
6 0.6703125 0.775 0.0734375 0.1046875
3 0.58359375 0.53203125 0.0390625 0.0921875
5 0.65625 0.7 0.0609375 0.040625
5 0.47109375 0.54609375 0.0328125 0.0890625
5 0.72421875 0.428125 0.0375 0.0875
5 0.653125 0.48359375 0.084375 0.053125
4 0.5234375 0.53125 0.0609375 0.1234375
5 0.6359375 0.6078125 0.0375 0.1078125
4 0.440625 0.38828125 0.1015625 0.1171875
2 0.38828125 0.5421875 0.06875 0.1078125
7 0.46328125 0.71171875 0.065625 0.1359375
5 0.48984375 0.796875 0.0265625 0.065625
1 0.22421875 0.5703125 0.13125 0.2796875
3 0.54140625 0.3921875 0.10625 0.0671875
7 0.5671875 0.72265625 0.0609375 0.15625
4 0.565625 0.83671875 0.0765625 0.10625