5 0.61484375 0.35078125 0.06953125 0.040625
1 0.61015625 0.1515625 0.1828125 0.11171875
5 0.53203125 0.534375 0.0796875 0.03984375
6 0.41640625 0.23046875 0.12578125 0.1515625
5 0.72265625 0.6359375 0.07890625 0.04453125
5 0.76015625 0.56171875 0.03828125 0.13046875
5 0.43203125 0.56640625 0.03203125 0.09609375
5 0.6828125 0.22578125 0.05859375 0.0359375
3 0.62578125 0.46875 0.08515625 0.0484375
4 0.62421875 0.3984375 0.10390625 0.06015625
5 0.7 0.0796875 0.05859375 0.0359375
5 0.4984375 0.1109375 0.05 0.040625
5 0.3578125 0.3578125 0.0625 0.03828125
6 0.340625 0.58203125 0.08984375 0.1265625
4 0.77578125 0.29765625 0.1046875 0.11953125
5 0.66328125 0.5515625 0.03046875 0.1125
3 0.74375 0.41640625 0.0359375 0.08359375
7 0.45546875 0.403125 0.10234375 0.121875
7 0.4515625 0.31875 0.09921875 0.05703125
2 0.61875 0.26484375 0.14140625 0.0734375
4 0.33046875 0.42578125 0.14765625 0.1234375