6 0.553125 0.0921875 0.11640625 0.15390625
5 0.60546875 0.38515625 0.028125 0.09375
5 0.68515625 0.37578125 0.028125 0.0890625
5 0.2609375 0.3265625 0.03515625 0.12109375
5 0.653125 0.75703125 0.1234375 0.05078125
5 0.64296875 0.53046875 0.06796875 0.0453125
5 0.646875 0.63828125 0.121875 0.04375
5 0.3671875 0.3203125 0.0328125 0.12890625
6 0.475 0.2796875 0.06484375 0.1234375
4 0.45234375 0.74296875 0.07109375 0.1125
5 0.33828125 0.0796875 0.09609375 0.04375
6 0.28984375 0.70546875 0.09375 0.1265625
5 0.3296875 0.16953125 0.0609375 0.04375
3 0.30078125 0.459375 0.15078125 0.059375
3 0.28671875 0.59453125 0.15234375 0.0609375
3 0.61484375 0.234375 0.12578125 0.065625
3 0.65859375 0.1390625 0.04453125 0.1109375
4 0.45703125 0.11953125 0.078125 0.146875
4 0.46640625 0.03125 0.06875 0.0515625
4 0.46640625 0.4140625 0.08828125 0.125
4 0.45390625 0.5703125 0.059375 0.0984375