5 0.40703125 0.61953125 0.05 0.034375
3 0.3390625 0.81171875 0.05 0.040625
5 0.371875 0.7078125 0.0484375 0.0328125
6 0.565625 0.790625 0.096875 0.125
5 0.30078125 0.746875 0.0203125 0.0609375
5 0.46953125 0.5234375 0.0546875 0.0328125
6 0.578125 0.421875 0.0625 0.0875
5 0.43125 0.434375 0.0234375 0.0765625
5 0.56953125 0.615625 0.0484375 0.03125
0 0.45703125 0.84375 0.1078125 0.2765625
6 0.328125 0.4234375 0.1171875 0.146875
3 0.3359375 0.6578125 0.0265625 0.0671875
4 0.23203125 0.55625 0.0734375 0.065625
3 0.2953125 0.65546875 0.025 0.071875
4 0.41796875 0.56015625 0.06875 0.08125
4 0.32734375 0.5890625 0.0296875 0.1
3 0.48828125 0.390625 0.059375 0.034375
4 0.56796875 0.68984375 0.075 0.0625
7 0.475 0.628125 0.0671875 0.08125
7 0.4484375 0.26875 0.075 0.115625
2 0.59140625 0.534375 0.0578125 0.09375