1 0.534375 0.246875 0.2359375 0.1578125
6 0.1953125 0.5046875 0.128125 0.1578125
3 0.45703125 0.50078125 0.1234375 0.075
4 0.75234375 0.396875 0.1359375 0.1828125
5 0.33046875 0.53828125 0.05625 0.121875
3 0.6109375 0.52578125 0.1203125 0.075
3 0.43359375 0.60703125 0.1171875 0.0765625
2 0.72578125 0.2390625 0.0875 0.1765625
5 0.521875 0.578125 0.05625 0.1328125
5 0.75546875 0.60390625 0.065625 0.1140625
6 0.83046875 0.48984375 0.125 0.1390625
3 0.5875 0.63984375 0.1125 0.0734375
3 0.84296875 0.340625 0.0609375 0.1296875
4 0.24296875 0.3015625 0.140625 0.18125
7 0.32734375 0.1953125 0.09375 0.1359375
5 0.58359375 0.384375 0.0625 0.1234375
5 0.49765625 0.36796875 0.0609375 0.121875