6 0.39453125 0.78984375 0.1234375 0.1484375
5 0.421875 0.609375 0.059375 0.0421875
5 0.61640625 0.734375 0.053125 0.040625
3 0.70625 0.69296875 0.040625 0.0765625
5 0.59296875 0.6375 0.0578125 0.040625
6 0.71953125 0.44296875 0.153125 0.18125
3 0.634375 0.84453125 0.0671875 0.05
6 0.44609375 0.4015625 0.0828125 0.1078125
5 0.54609375 0.52578125 0.06875 0.046875
4 0.3734375 0.69609375 0.05625 0.1203125
5 0.68359375 0.778125 0.0328125 0.065625
3 0.6640625 0.68515625 0.04375 0.08125
3 0.5546875 0.38515625 0.08125 0.0515625
5 0.60625 0.434375 0.0390625 0.0875
2 0.3859375 0.51015625 0.0625 0.1015625
4 0.64609375 0.61171875 0.05625 0.1203125
7 0.4953125 0.63359375 0.05625 0.1109375
4 0.74140625 0.628125 0.0578125 0.11875
4 0.6921875 0.61953125 0.05625 0.1171875
0 0.5203125 0.85859375 0.153125 0.2828125
7 0.60546875 0.3203125 0.0921875 0.109375