5 0.40546875 0.16328125 0.06484375 0.0421875
6 0.3546875 0.62890625 0.1 0.13125
1 0.6671875 0.3640625 0.09140625 0.2484375
5 0.74296875 0.48828125 0.034375 0.103125
5 0.37109375 0.49453125 0.07109375 0.0421875
4 0.5171875 0.13203125 0.03046875 0.190625
5 0.584375 0.16953125 0.0234375 0.065625
5 0.3875 0.3265625 0.065625 0.03984375
5 0.553125 0.29921875 0.07265625 0.0390625
5 0.54609375 0.37890625 0.06796875 0.046875
3 0.43359375 0.2640625 0.0296875 0.0859375
3 0.42421875 0.4 0.03359375 0.1015625
2 0.6890625 0.1625 0.06015625 0.12265625
3 0.33828125 0.39765625 0.04140625 0.109375
6 0.484375 0.11171875 0.04609375 0.121875
3 0.3515625 0.259375 0.04296875 0.08359375
4 0.49765625 0.59375 0.071875 0.1984375
7 0.66640625 0.571875 0.075 0.153125
3 0.62578125 0.09765625 0.12421875 0.0484375