5 0.09453125 0.478125 0.0609375 0.103125
5 0.63125 0.64609375 0.0828125 0.0578125
5 0.70546875 0.61328125 0.0546875 0.0921875
6 0.41640625 0.21015625 0.1671875 0.1921875
5 0.24296875 0.2359375 0.053125 0.08125
5 0.690625 0.33671875 0.065625 0.0515625
3 0.5875 0.48984375 0.05625 0.1015625
5 0.48125 0.4515625 0.05 0.0921875
6 0.7171875 0.265625 0.090625 0.1109375
5 0.653125 0.421875 0.0546875 0.10625
5 0.64765625 0.54453125 0.090625 0.0671875
4 0.4265625 0.59765625 0.128125 0.1328125
3 0.51796875 0.6140625 0.1171875 0.0828125
5 0.31640625 0.5046875 0.0546875 0.1046875
2 0.40703125 0.4375 0.0953125 0.1265625
7 0.50546875 0.28984375 0.0859375 0.1390625
5 0.5484375 0.20859375 0.0390625 0.0671875
4 0.528125 0.471875 0.0875 0.1328125
7 0.615625 0.29765625 0.0921875 0.1671875
4 0.6265625 0.190625 0.09375 0.1359375
1 0.2515625 0.38515625 0.2078125 0.3078125