5 0.3703125 0.0890625 0.05859375 0.03359375
4 0.51875 0.25859375 0.05703125 0.10078125
5 0.703125 0.59140625 0.07578125 0.0484375
5 0.28828125 0.353125 0.03359375 0.1
5 0.3609375 0.21953125 0.06484375 0.0390625
4 0.51796875 0.05390625 0.0484375 0.1078125
5 0.371875 0.353125 0.03046875 0.12421875
5 0.62421875 0.4140625 0.03046875 0.128125
3 0.65234375 0.16796875 0.1109375 0.0546875
5 0.74296875 0.41171875 0.03984375 0.13359375
5 0.721875 0.75859375 0.0859375 0.05390625
3 0.33515625 0.49375 0.13515625 0.0609375
5 0.3609375 0.153125 0.1046875 0.03671875
6 0.5078125 0.4390625 0.07734375 0.1390625
6 0.3859375 0.71328125 0.171875 0.21796875
4 0.53125 0.60703125 0.07421875 0.13359375
3 0.66484375 0.26328125 0.1203125 0.0625
6 0.6390625 0.08984375 0.06328125 0.10703125
3 0.24765625 0.67109375 0.04296875 0.12890625
4 0.528125 0.74453125 0.08203125 0.1140625
4 0.521875 0.16640625 0.03359375 0.0796875