6 0.3890625 0.653125 0.09375 0.1296875
5 0.50546875 0.45859375 0.1484375 0.059375
6 0.7875 0.81640625 0.096875 0.140625
5 0.68203125 0.40859375 0.0484375 0.1875
4 0.2046875 0.7015625 0.09375 0.159375
6 0.121875 0.51875 0.2078125 0.225
4 0.86171875 0.68828125 0.1015625 0.140625
3 0.58515625 0.81953125 0.04375 0.134375
4 0.7 0.67265625 0.0578125 0.1
3 0.69921875 0.815625 0.0421875 0.1359375
5 0.265625 0.8171875 0.040625 0.121875
3 0.32890625 0.40078125 0.053125 0.203125
4 0.1015625 0.6984375 0.0828125 0.146875
5 0.89140625 0.4265625 0.0515625 0.1265625
5 0.790625 0.403125 0.0546875 0.1859375
5 0.14609375 0.83203125 0.0375 0.0953125
5 0.4375 0.8828125 0.125 0.05625
5 0.440625 0.77421875 0.078125 0.046875
3 0.1609375 0.325 0.1359375 0.071875
5 0.51171875 0.325 0.1484375 0.059375
4 0.565625 0.67890625 0.05625 0.1640625