5 0.415625 0.66875 0.0765625 0.053125
1 0.45859375 0.86328125 0.2 0.1453125
5 0.46171875 0.47265625 0.0859375 0.0546875
6 0.63359375 0.7484375 0.153125 0.1734375
5 0.25546875 0.409375 0.0859375 0.059375
5 0.2328125 0.4890625 0.0625 0.1359375
5 0.55390625 0.421875 0.05 0.1
5 0.37265625 0.80390625 0.0640625 0.046875
3 0.3828125 0.5546875 0.0921875 0.0640625
4 0.39765625 0.6234375 0.1140625 0.078125
5 0.38359375 0.95078125 0.0640625 0.046875
5 0.57578125 0.88125 0.05625 0.05
5 0.66640625 0.6125 0.06875 0.05
6 0.640625 0.3890625 0.1125 0.140625
4 0.26796875 0.7515625 0.125 0.1375
5 0.3296875 0.48046875 0.0515625 0.115625
3 0.2765625 0.62890625 0.0515625 0.0890625
7 0.5625 0.58671875 0.1234375 0.1390625
7 0.58203125 0.66875 0.1078125 0.075
2 0.428125 0.753125 0.153125 0.0984375
4 0.68046875 0.540625 0.16875 0.15