5 0.71171875 0.33125 0.0671875 0.04375
6 0.6734375 0.4671875 0.15390625 0.17734375
5 0.5921875 0.69609375 0.08203125 0.04765625
6 0.68125 0.13828125 0.0640625 0.10234375
5 0.2875 0.73984375 0.09296875 0.046875
1 0.42109375 0.59453125 0.2421875 0.13828125
5 0.525 0.1890625 0.06328125 0.040625
4 0.28359375 0.3359375 0.1140625 0.16171875
5 0.4390625 0.3359375 0.0890625 0.04609375
5 0.3828125 0.13203125 0.0609375 0.03984375
5 0.3515625 0.48359375 0.0765625 0.03984375
4 0.4328125 0.28828125 0.10234375 0.0640625
7 0.5921875 0.203125 0.07265625 0.14609375
5 0.415625 0.19765625 0.0296875 0.1109375
2 0.43828125 0.41171875 0.10703125 0.10546875
5 0.340625 0.178125 0.0296875 0.06796875
3 0.328125 0.27109375 0.03203125 0.071875
7 0.60234375 0.3484375 0.0953125 0.07578125
4 0.71796875 0.22734375 0.11953125 0.10234375
3 0.46015625 0.23203125 0.0609375 0.040625