5 0.3734375 0.453125 0.0515625 0.1125
6 0.35546875 0.17109375 0.078125 0.1046875
5 0.48046875 0.53125 0.0625 0.0484375
5 0.4921875 0.45 0.0640625 0.053125
5 0.58515625 0.26796875 0.065625 0.0578125
5 0.23828125 0.41328125 0.0453125 0.078125
6 0.59453125 0.3546875 0.075 0.0921875
3 0.60078125 0.49609375 0.046875 0.0890625
6 0.746875 0.47265625 0.1515625 0.1625
5 0.60234375 0.19375 0.05625 0.0484375
3 0.49375 0.203125 0.040625 0.0734375
5 0.303125 0.4421875 0.053125 0.1078125
4 0.39765625 0.2875 0.053125 0.0796875
4 0.71953125 0.34921875 0.084375 0.1171875
4 0.29375 0.24296875 0.0890625 0.1140625
3 0.69921875 0.584375 0.0734375 0.0578125
4 0.7828125 0.36875 0.0734375 0.109375
5 0.7046875 0.2546875 0.05 0.090625
5 0.78515625 0.278125 0.053125 0.090625
3 0.41640625 0.1875 0.0609375 0.1015625
4 0.4890625 0.30390625 0.0625 0.125