7 0.22890625 0.40703125 0.09921875 0.0796875
6 0.3734375 0.26484375 0.0671875 0.1078125
6 0.34609375 0.56328125 0.14453125 0.17578125
5 0.38203125 0.43359375 0.08359375 0.040625
5 0.75234375 0.65234375 0.0796875 0.04140625
5 0.690625 0.54140625 0.034375 0.11171875
3 0.34296875 0.36328125 0.03125 0.07734375
5 0.56484375 0.26875 0.02265625 0.075
0 0.7203125 0.2203125 0.1859375 0.36953125
5 0.57734375 0.48984375 0.03046875 0.1296875
5 0.47109375 0.38984375 0.025 0.08125
3 0.62578125 0.6515625 0.1 0.046875
3 0.8453125 0.609375 0.0546875 0.11484375
3 0.61953125 0.58046875 0.09140625 0.04453125
4 0.4953125 0.5265625 0.06953125 0.0953125
2 0.4796875 0.24453125 0.05 0.0671875
7 0.56953125 0.39609375 0.05625 0.09375
4 0.49375 0.7203125 0.0703125 0.15
4 0.50234375 0.440625 0.06796875 0.084375