6 0.58515625 0.07421875 0.1015625 0.14375
5 0.3390625 0.5453125 0.034375 0.1734375
6 0.61953125 0.44453125 0.07421875 0.11875
5 0.4515625 0.54609375 0.03203125 0.171875
3 0.40546875 0.35 0.1125 0.0453125
6 0.58125 0.740625 0.090625 0.128125
7 0.66328125 0.24375 0.10625 0.090625
6 0.55390625 0.30390625 0.06484375 0.0703125
3 0.40859375 0.2546875 0.1078125 0.04140625
5 0.4078125 0.31015625 0.11015625 0.0265625
5 0.41484375 0.04765625 0.09453125 0.03359375
5 0.4125 0.16796875 0.10234375 0.0375
5 0.41484375 0.0984375 0.10234375 0.046875