5 0.4640625 0.41328125 0.02734375 0.084375
6 0.26875 0.25078125 0.07578125 0.115625
5 0.54453125 0.4203125 0.0265625 0.1125
5 0.51640625 0.24921875 0.02421875 0.0765625
5 0.3703125 0.2515625 0.0265625 0.07734375
6 0.765625 0.33203125 0.0765625 0.1046875
3 0.57890625 0.290625 0.0875 0.05390625
3 0.459375 0.2921875 0.08828125 0.04453125
5 0.3578125 0.63515625 0.08046875 0.04453125
5 0.69609375 0.24296875 0.02890625 0.06875
3 0.45390625 0.20625 0.06328125 0.04375
3 0.57421875 0.2109375 0.0671875 0.0515625
2 0.70234375 0.5859375 0.1015625 0.1203125
4 0.24453125 0.4234375 0.1125 0.146875
7 0.26171875 0.5609375 0.09453125 0.1140625
1 0.46796875 0.5390625 0.26640625 0.1390625
5 0.69140625 0.45859375 0.13984375 0.06640625
3 0.80390625 0.5296875 0.06171875 0.16796875
4 0.69375 0.321875 0.09140625 0.115625