0 0.53203125 0.1578125 0.12421875 0.315625
6 0.41640625 0.23046875 0.10390625 0.121875
6 0.6578125 0.5796875 0.14453125 0.16796875
7 0.51640625 0.74921875 0.07421875 0.10703125
7 0.50546875 0.3921875 0.05390625 0.08203125
5 0.50859375 0.48515625 0.06328125 0.04296875
5 0.5390625 0.56953125 0.03828125 0.078125
5 0.403125 0.39765625 0.06640625 0.0484375
2 0.37265625 0.4765625 0.05546875 0.06953125
4 0.40078125 0.32578125 0.084375 0.05390625
4 0.57265625 0.45078125 0.10234375 0.090625
4 0.66015625 0.43046875 0.04453125 0.128125
4 0.7421875 0.465625 0.096875 0.09453125
3 0.65078125 0.22109375 0.06015625 0.0390625
3 0.6484375 0.35390625 0.021875 0.05859375
3 0.69375 0.36171875 0.02890625 0.0765625
3 0.47578125 0.61640625 0.06640625 0.0390625