5 0.61484375 0.6203125 0.0453125 0.103125
5 0.640625 0.48359375 0.1453125 0.0734375
6 0.59375 0.87109375 0.1375 0.159375
5 0.70078125 0.61796875 0.0453125 0.0921875
5 0.253125 0.7140625 0.0546875 0.1171875
4 0.453125 0.6296875 0.084375 0.1234375
5 0.6359375 0.378125 0.153125 0.071875
3 0.65 0.740625 0.1265625 0.0796875
6 0.48671875 0.7359375 0.084375 0.1203125
5 0.63359375 0.2546875 0.1640625 0.0859375
5 0.3671875 0.71171875 0.0453125 0.0859375
3 0.27265625 0.590625 0.1546875 0.0765625
4 0.3921875 0.31328125 0.10625 0.159375
3 0.23984375 0.471875 0.1515625 0.084375
5 0.3734375 0.90390625 0.059375 0.0453125
4 0.425 0.475 0.071875 0.121875
4 0.5046875 0.921875 0.0640625 0.1015625
6 0.20859375 0.36640625 0.1390625 0.1703125
5 0.35390625 0.83515625 0.065625 0.0484375
4 0.49375 0.87890625 0.08125 0.140625