5 0.35078125 0.68671875 0.07109375 0.03671875
6 0.31953125 0.15234375 0.07578125 0.11171875
6 0.6828125 0.2015625 0.1359375 0.18046875
5 0.5421875 0.5171875 0.02890625 0.11015625
5 0.68671875 0.6265625 0.03046875 0.13515625
5 0.36875 0.40078125 0.03125 0.13515625
5 0.34296875 0.26875 0.075 0.03671875
4 0.45078125 0.1546875 0.09921875 0.1375
4 0.47421875 0.4421875 0.08125 0.07890625
4 0.56953125 0.67734375 0.09765625 0.115625
7 0.45234375 0.2796875 0.07578125 0.12890625
7 0.5640625 0.346875 0.08671875 0.11640625
2 0.62890625 0.4453125 0.08515625 0.11796875
5 0.85859375 0.31171875 0.06640625 0.11796875
5 0.89765625 0.659375 0.065625 0.146875
1 0.78828125 0.51640625 0.12734375 0.3390625
3 0.4265625 0.5125 0.04296875 0.121875
3 0.46953125 0.6828125 0.11953125 0.0734375
5 0.35625 0.565625 0.11015625 0.065625
5 0.28203125 0.62734375 0.04296875 0.13203125
5 0.53984375 0.134375 0.04765625 0.1140625