6 0.41015625 0.23515625 0.121875 0.1515625
1 0.6 0.14921875 0.17734375 0.10625
5 0.70859375 0.66171875 0.07421875 0.0421875
5 0.48359375 0.096875 0.0515625 0.034375
5 0.53203125 0.56015625 0.065625 0.03671875
5 0.65546875 0.58203125 0.03125 0.12109375
5 0.684375 0.071875 0.05546875 0.0359375
6 0.35234375 0.6046875 0.078125 0.10625
5 0.671875 0.23828125 0.06484375 0.03671875
5 0.43671875 0.60234375 0.03046875 0.115625
5 0.740625 0.57890625 0.03203125 0.1078125
5 0.35078125 0.375 0.0515625 0.03828125
4 0.58203125 0.4109375 0.04921875 0.13359375
4 0.721875 0.32265625 0.06796875 0.13984375
7 0.46328125 0.43125 0.065625 0.11875
3 0.61015625 0.490625 0.0953125 0.04375
3 0.72890625 0.45703125 0.03828125 0.1234375
7 0.503125 0.325 0.04296875 0.115625
4 0.38046875 0.434375 0.06953125 0.15234375
2 0.56640625 0.2734375 0.06640625 0.13828125