5 0.3234375 0.2296875 0.06171875 0.0390625
5 0.328125 0.58828125 0.06640625 0.03203125
6 0.615625 0.17109375 0.115625 0.1625
5 0.76875 0.2671875 0.02734375 0.084375
6 0.30390625 0.1296875 0.0671875 0.10078125
5 0.33125 0.484375 0.06484375 0.03359375
5 0.27109375 0.53515625 0.02421875 0.0875
5 0.3453125 0.34453125 0.0265625 0.1171875
3 0.39453125 0.4390625 0.02890625 0.1109375
3 0.43046875 0.5859375 0.0890625 0.0359375
5 0.80234375 0.5625 0.02578125 0.10234375
5 0.49453125 0.12109375 0.025 0.121875
4 0.4453125 0.44765625 0.05078125 0.14140625
5 0.621875 0.5265625 0.02421875 0.08046875
5 0.496875 0.43359375 0.02265625 0.0875
7 0.5171875 0.2453125 0.065625 0.128125
4 0.4203125 0.08984375 0.07421875 0.16796875
7 0.4140625 0.2390625 0.06015625 0.128125
1 0.70859375 0.4296875 0.10546875 0.27265625
4 0.51328125 0.6203125 0.06796875 0.1359375
2 0.5640625 0.43828125 0.07421875 0.1296875