6 0.340625 0.59765625 0.08046875 0.096875
5 0.27578125 0.2171875 0.15546875 0.040625
5 0.27734375 0.36484375 0.1546875 0.04375
6 0.82578125 0.5984375 0.14453125 0.18359375
5 0.8015625 0.29375 0.0296875 0.1703125
3 0.45703125 0.2921875 0.03203125 0.16953125
6 0.07421875 0.5171875 0.08203125 0.1015625
3 0.5703125 0.296875 0.03359375 0.16875
7 0.57421875 0.703125 0.06796875 0.1578125
5 0.8890625 0.29609375 0.0328125 0.17890625
7 0.5140625 0.52421875 0.08046875 0.11875
5 0.68125 0.2953125 0.03984375 0.18125