5 0.69296875 0.3921875 0.0734375 0.04453125
6 0.73515625 0.58984375 0.0890625 0.1203125
6 0.696875 0.27421875 0.13203125 0.16484375
7 0.853125 0.40859375 0.10546875 0.08359375
3 0.45546875 0.23125 0.0578125 0.04609375
3 0.27890625 0.271875 0.028125 0.08671875
3 0.7421875 0.465625 0.034375 0.0890625
5 0.6015625 0.43984375 0.03046875 0.09375
6 0.26015625 0.6015625 0.1640625 0.19375
4 0.57109375 0.21484375 0.05703125 0.0921875
3 0.45546875 0.27578125 0.04921875 0.0515625
2 0.6015625 0.625 0.1015625 0.0921875
4 0.409375 0.596875 0.07265625 0.15703125
5 0.50078125 0.6078125 0.03125 0.125
0 0.35625 0.25703125 0.18984375 0.42265625
5 0.4953125 0.35390625 0.021875 0.06796875
4 0.565625 0.371875 0.06171875 0.10078125
7 0.5 0.4203125 0.05234375 0.071875