6 0.58984375 0.33203125 0.0875 0.12421875
6 0.221875 0.2046875 0.08046875 0.12109375
3 0.65703125 0.5328125 0.0484375 0.159375
5 0.12421875 0.51953125 0.04765625 0.10546875
5 0.3265625 0.52421875 0.03828125 0.11875
5 0.68828125 0.20625 0.03515625 0.07734375
4 0.15859375 0.29453125 0.08671875 0.1421875
5 0.490625 0.48515625 0.13828125 0.053125
5 0.49296875 0.58984375 0.15 0.0546875
5 0.79140625 0.2078125 0.03515625 0.075
5 0.53984375 0.24765625 0.06484375 0.04375
4 0.428125 0.3 0.03046875 0.13984375
6 0.834375 0.43828125 0.18515625 0.19140625
3 0.40859375 0.20859375 0.0296875 0.09140625
4 0.74921875 0.284375 0.08125 0.14296875
5 0.2265625 0.5328125 0.04765625 0.14453125
4 0.83671875 0.28828125 0.06875 0.11875
4 0.30859375 0.3125 0.0484375 0.09375
5 0.540625 0.16796875 0.05546875 0.04375
3 0.80859375 0.5859375 0.11171875 0.06015625
3 0.30625 0.20078125 0.0328125 0.08203125