6 0.56171875 0.22734375 0.1375 0.1640625
1 0.3640625 0.16171875 0.1875 0.1234375
5 0.309375 0.6828125 0.078125 0.05
5 0.47421875 0.09765625 0.0546875 0.0390625
5 0.47421875 0.56328125 0.06875 0.04375
5 0.35390625 0.59765625 0.04375 0.1234375
5 0.271875 0.09375 0.059375 0.0421875
6 0.6578125 0.5890625 0.0890625 0.1140625
5 0.3015625 0.2578125 0.06875 0.04375
5 0.5734375 0.5953125 0.0421875 0.11875
5 0.26875 0.60390625 0.04375 0.1109375
5 0.63515625 0.36015625 0.0546875 0.04375
4 0.409375 0.4203125 0.0625 0.1375
4 0.2609375 0.346875 0.0828125 0.146875
7 0.5296875 0.428125 0.078125 0.125
3 0.38984375 0.50234375 0.1 0.053125
3 0.26796875 0.48125 0.0515625 0.1265625
7 0.47890625 0.3265625 0.0546875 0.11875
4 0.61171875 0.421875 0.084375 0.159375
2 0.41015625 0.28125 0.08125 0.14375