5 0.24140625 0.44375 0.15625 0.0875
5 0.22109375 0.346875 0.1765625 0.10625
5 0.24375 0.2171875 0.140625 0.1
5 0.240625 0.1203125 0.2046875 0.1125
5 0.53828125 0.221875 0.19375 0.1015625
5 0.5296875 0.140625 0.2 0.0828125
5 0.82109375 0.23125 0.165625 0.0984375
5 0.84296875 0.14609375 0.1734375 0.09375
5 0.76484375 0.35625 0.15 0.1
5 0.790625 0.44609375 0.1609375 0.0875
5 0.509375 0.4484375 0.15 0.08125
5 0.49140625 0.36015625 0.1546875 0.0921875
3 0.71640625 0.51875 0.1359375 0.1015625
5 0.69375 0.6640625 0.0515625 0.1484375
5 0.44453125 0.65078125 0.078125 0.184375
5 0.365625 0.65703125 0.0875 0.2078125
5 0.26015625 0.65234375 0.071875 0.190625
7 0.546875 0.725 0.0984375 0.2578125
7 0.06484375 0.64140625 0.121875 0.26875