5 0.10859375 0.1234375 0.0890625 0.21875
5 0.153125 0.12890625 0.09375 0.21875
5 0.2203125 0.134375 0.1046875 0.2390625
5 0.27890625 0.14921875 0.1046875 0.2421875
5 0.33203125 0.1625 0.1125 0.26875
5 0.4546875 0.18671875 0.1 0.2390625
5 0.840625 0.2796875 0.0984375 0.2390625
5 0.88984375 0.2921875 0.1046875 0.2296875
5 0.94453125 0.30625 0.0984375 0.225
5 0.97421875 0.33203125 0.0515625 0.2296875
5 0.7796875 0.79609375 0.084375 0.1984375
5 0.72265625 0.78515625 0.0953125 0.2125
5 0.62109375 0.70859375 0.0890625 0.2078125
5 0.6015625 0.596875 0.096875 0.2265625
5 0.4234375 0.55 0.0953125 0.2140625
5 0.37421875 0.53984375 0.096875 0.2328125
5 0.31953125 0.5265625 0.0875 0.2203125
5 0.2578125 0.5046875 0.1 0.2296875
5 0.09453125 0.46875 0.0875 0.2375
5 0.040625 0.471875 0.08125 0.234375
7 0.1796875 0.47890625 0.1515625 0.3078125
7 0.49453125 0.62890625 0.1390625 0.278125
7 0.44921875 0.8171875 0.1140625 0.209375
7 0.1328125 0.6765625 0.121875 0.209375
1 0.7140625 0.24609375 0.2453125 0.321875