5 0.98203125 0.69375 0.0359375 0.21875
5 0.959375 0.7046875 0.08125 0.21875
5 0.9 0.72734375 0.1 0.2390625
5 0.840625 0.7359375 0.1 0.2421875
5 0.78671875 0.7453125 0.1078125 0.26875
5 0.6640625 0.7703125 0.0953125 0.2390625
5 0.27265625 0.8359375 0.0953125 0.2390625
5 0.221875 0.84375 0.1 0.2296875
5 0.16640625 0.85234375 0.0953125 0.225
5 0.10390625 0.85 0.1015625 0.2296875
5 0.1265625 0.33671875 0.08125 0.1984375
5 0.18359375 0.32421875 0.090625 0.2125
5 0.30703125 0.35546875 0.0859375 0.20625
5 0.36875 0.45078125 0.0921875 0.2265625
5 0.5515625 0.42421875 0.0921875 0.2140625
5 0.6 0.4140625 0.0921875 0.2328125
5 0.65625 0.40546875 0.084375 0.2203125
5 0.72109375 0.4015625 0.096875 0.2296875
5 0.88515625 0.3703125 0.0828125 0.2390625
5 0.93828125 0.34453125 0.0890625 0.234375
7 0.803125 0.39375 0.146875 0.30625
7 0.45390625 0.37890625 0.134375 0.2765625
7 0.42265625 0.18828125 0.1109375 0.209375
7 0.76953125 0.19375 0.11875 0.2078125
1 0.40234375 0.8171875 0.240625 0.3203125