5 0.88046875 0.7515625 0.1265625 0.1765625
5 0.82578125 0.7109375 0.134375 0.1546875
5 0.775 0.69140625 0.096875 0.1328125
5 0.71328125 0.67265625 0.115625 0.1734375
5 0.6640625 0.6390625 0.1 0.146875
5 0.5578125 0.6171875 0.115625 0.1671875
5 0.22421875 0.4734375 0.1140625 0.121875
5 0.178125 0.459375 0.096875 0.146875
5 0.1375 0.43359375 0.1015625 0.1265625
5 0.09609375 0.40703125 0.1234375 0.1265625
5 0.746875 0.39296875 0.0984375 0.125
5 0.69296875 0.375 0.1234375 0.140625
5 0.64921875 0.35 0.0984375 0.1328125
5 0.94453125 0.475 0.1109375 0.153125
7 0.8296875 0.4484375 0.15 0.284375
7 0.89921875 0.328125 0.146875 0.2625
7 0.63515625 0.17421875 0.134375 0.265625
7 0.5671875 0.2796875 0.1453125 0.2640625
1 0.32734375 0.515625 0.225 0.2390625