7 0.81484375 0.421875 0.11875 0.315625
7 0.46171875 0.38125 0.11875 0.3140625
7 0.4421875 0.1859375 0.10625 0.2359375
7 0.7890625 0.2203125 0.1125 0.2265625
5 0.95078125 0.38828125 0.0828125 0.2609375
5 0.90078125 0.38046875 0.078125 0.23125
5 0.72109375 0.4171875 0.084375 0.2359375
5 0.6671875 0.425 0.08125 0.20625
5 0.61015625 0.42734375 0.084375 0.2
5 0.5578125 0.43203125 0.08125 0.215625
5 0.378125 0.459375 0.075 0.1953125
5 0.3203125 0.3375 0.0703125 0.178125
5 0.18984375 0.30703125 0.06875 0.1640625
5 0.1421875 0.3046875 0.0640625 0.165625
5 0.9828125 0.72265625 0.034375 0.1890625
5 0.9453125 0.71796875 0.0765625 0.1921875
5 0.88515625 0.7359375 0.084375 0.2140625
5 0.81875 0.74375 0.084375 0.2015625
5 0.7671875 0.7453125 0.1015625 0.2359375
5 0.64609375 0.7796875 0.0890625 0.2609375
5 0.1390625 0.8375 0.084375 0.225
5 0.0828125 0.825 0.0875 0.221875