5 0.35 0.1359375 0.08671875 0.08046875
5 0.3671875 0.24453125 0.14375 0.11796875
5 0.35546875 0.4109375 0.14765625 0.16015625
5 0.334375 0.53828125 0.0921875 0.09765625
5 0.3078125 0.73125 0.040625 0.1984375
5 0.1609375 0.771875 0.03671875 0.1875
4 0.25 0.86484375 0.06015625 0.13515625
3 0.55234375 0.26796875 0.0765625 0.06484375
3 0.55625 0.35078125 0.07734375 0.06953125
3 0.55390625 0.42734375 0.07421875 0.0578125
3 0.55234375 0.4984375 0.07578125 0.06015625
3 0.35625 0.69609375 0.03203125 0.15234375