4 0.07421875 0.13515625 0.0609375 0.09765625
4 0.24140625 0.13828125 0.0609375 0.0921875
4 0.4046875 0.1328125 0.0515625 0.08515625
4 0.5703125 0.1390625 0.05859375 0.0734375
4 0.7359375 0.1421875 0.06328125 0.08359375
4 0.9 0.1359375 0.0671875 0.0875
1 0.2234375 0.5078125 0.12578125 0.3359375
1 0.62578125 0.4984375 0.1328125 0.35078125
6 0.76328125 0.50234375 0.08828125 0.1234375
6 0.07421875 0.86015625 0.0890625 0.13984375
6 0.24609375 0.85 0.08671875 0.13984375
6 0.41484375 0.85390625 0.09453125 0.14453125
6 0.57421875 0.85 0.0953125 0.153125
6 0.740625 0.8484375 0.0953125 0.15
6 0.87890625 0.84765625 0.09140625 0.1375
5 0.9421875 0.83984375 0.0375 0.1328125
5 0.80078125 0.846875 0.0390625 0.1328125
5 0.6578125 0.840625 0.040625 0.12890625
5 0.4921875 0.83515625 0.03359375 0.14140625
5 0.325 0.83125 0.04296875 0.15
5 0.16171875 0.83359375 0.02890625 0.1375
5 0.315625 0.43984375 0.02578125 0.13203125
5 0.3359375 0.2546875 0.09140625 0.05625
5 0.8921875 0.51015625 0.034375 0.12890625
7 0.4546875 0.596875 0.059375 0.1203125