5 0.7015625 0.090625 0.071875 0.0703125
5 0.78046875 0.18359375 0.059375 0.0546875
5 0.57265625 0.134375 0.0421875 0.10625
5 0.53125 0.20390625 0.04375 0.1046875
5 0.603125 0.4140625 0.05 0.11875
5 0.696875 0.7203125 0.0453125 0.109375
5 0.40390625 0.77734375 0.0703125 0.0578125
5 0.403125 0.56171875 0.0640625 0.0578125
0 0.58046875 0.871875 0.059375 0.090625
0 0.771875 0.59921875 0.0828125 0.09375
0 0.9484375 0.521875 0.09375 0.109375
0 0.4140625 0.16953125 0.0703125 0.1203125
0 0.69453125 0.190625 0.0828125 0.096875
0 0.046875 0.41875 0.09375 0.11875
7 0.65078125 0.74765625 0.0640625 0.1109375
7 0.53359375 0.425 0.05625 0.11875