4 0.05 0.834375 0.0671875 0.1015625
4 0.2171875 0.84296875 0.0671875 0.096875
4 0.3796875 0.859375 0.0578125 0.0890625
4 0.5453125 0.86484375 0.0640625 0.078125
4 0.71015625 0.8734375 0.06875 0.0875
4 0.8734375 0.89140625 0.0734375 0.0921875
1 0.225 0.47265625 0.1484375 0.34375
1 0.625 0.51015625 0.15625 0.359375
6 0.7625 0.51640625 0.096875 0.1296875
6 0.1 0.1109375 0.0984375 0.1453125
6 0.27109375 0.1328125 0.096875 0.1453125
6 0.43984375 0.14140625 0.1046875 0.15
6 0.5984375 0.15625 0.10625 0.159375
6 0.7640625 0.16953125 0.10625 0.15625
6 0.90234375 0.1796875 0.1 0.14375
5 0.96484375 0.1921875 0.046875 0.134375
5 0.82421875 0.175 0.0484375 0.1359375
5 0.68125 0.17109375 0.05 0.13125
5 0.515625 0.16484375 0.04375 0.14375
5 0.3484375 0.15703125 0.053125 0.153125
5 0.1859375 0.14375 0.0390625 0.1390625
5 0.31171875 0.546875 0.034375 0.1328125
5 0.31953125 0.73359375 0.0953125 0.0625
5 0.8921875 0.5171875 0.04375 0.13125
7 0.46171875 0.4 0.0671875 0.1234375