4 0.4671875 0.16328125 0.09375 0.1484375
4 0.4703125 0.36328125 0.08125 0.1515625
4 0.70859375 0.58203125 0.0703125 0.1296875
4 0.79375 0.59921875 0.078125 0.140625
6 0.771875 0.37265625 0.1671875 0.2046875
6 0.76796875 0.11953125 0.1 0.1171875
7 0.5234375 0.6140625 0.0859375 0.1078125
7 0.6125 0.6203125 0.0796875 0.1125
3 0.40390625 0.575 0.05625 0.1109375
3 0.36015625 0.690625 0.1015625 0.0609375
3 0.2484375 0.621875 0.0453125 0.1203125
5 0.36796875 0.1703125 0.0484375 0.115625
5 0.3875 0.384375 0.0375 0.128125
5 0.2375 0.33828125 0.0953125 0.059375
5 0.2296875 0.2359375 0.08125 0.0578125
5 0.22578125 0.11484375 0.103125 0.06875
5 0.246875 0.45 0.0921875 0.059375
5 0.6078125 0.43984375 0.078125 0.06875
5 0.60546875 0.32734375 0.0921875 0.071875
5 0.60859375 0.21953125 0.096875 0.06875
5 0.60234375 0.09375 0.1 0.059375