6 0.3546875 0.74921875 0.1515625 0.171875
6 0.63125 0.84609375 0.0828125 0.0984375
2 0.45703125 0.49921875 0.0578125 0.065625
7 0.56796875 0.709375 0.0546875 0.084375
7 0.46015625 0.7171875 0.0578125 0.078125
4 0.534375 0.803125 0.08125 0.096875
4 0.525 0.3890625 0.0671875 0.0953125
4 0.55859375 0.51015625 0.0515625 0.084375
1 0.33203125 0.496875 0.1265625 0.2390625
5 0.27734375 0.36875 0.0421875 0.075
5 0.23984375 0.63046875 0.0453125 0.0859375
5 0.51015625 0.5265625 0.046875 0.08125
5 0.62578125 0.6453125 0.046875 0.08125
5 0.6296875 0.74765625 0.071875 0.0484375
5 0.7171875 0.48515625 0.0421875 0.078125
5 0.6734375 0.4359375 0.0703125 0.05625
5 0.65859375 0.521875 0.0625 0.040625
3 0.59140625 0.41875 0.05625 0.0390625
3 0.5953125 0.55546875 0.0359375 0.065625
5 0.421875 0.43125 0.0453125 0.0734375
5 0.4546875 0.82890625 0.04375 0.0828125