6 0.278125 0.46015625 0.0625 0.0890625
6 0.7375 0.584375 0.06796875 0.09375
4 0.7515625 0.359375 0.06171875 0.10859375
4 0.3390625 0.4109375 0.06953125 0.05078125
7 0.715625 0.22265625 0.05546875 0.07578125
2 0.33515625 0.21015625 0.046875 0.0859375
1 0.53828125 0.2515625 0.18671875 0.1015625
5 0.6375 0.17734375 0.06015625 0.04140625
5 0.5484375 0.38125 0.03046875 0.08359375
5 0.4765625 0.375 0.02890625 0.08359375
5 0.49765625 0.56328125 0.02421875 0.0875
5 0.63671875 0.5734375 0.03046875 0.0875
5 0.33671875 0.55703125 0.02578125 0.07890625
5 0.3453125 0.33359375 0.06171875 0.0390625
3 0.26875 0.27265625 0.03359375 0.08359375
3 0.43984375 0.51875 0.0578125 0.034375
3 0.43828125 0.6140625 0.05546875 0.03984375
3 0.55625 0.61796875 0.0546875 0.04296875
3 0.55546875 0.5234375 0.06484375 0.04453125