5 0.23515625 0.0921875 0.10078125 0.059375
5 0.24140625 0.22109375 0.09921875 0.0578125
5 0.2453125 0.325 0.10234375 0.04609375
5 0.25390625 0.43515625 0.09453125 0.0546875
5 0.62421875 0.090625 0.078125 0.05078125
5 0.61875 0.225 0.07734375 0.05625
5 0.61640625 0.3359375 0.078125 0.04609375
5 0.60703125 0.440625 0.08046875 0.05078125
5 0.3953125 0.3671875 0.03984375 0.11015625
5 0.3875 0.17578125 0.04375 0.125
3 0.39921875 0.56171875 0.04140625 0.1296875
3 0.24140625 0.61875 0.0390625 0.121875
3 0.346875 0.678125 0.09609375 0.04921875
7 0.515625 0.60703125 0.08671875 0.0953125
7 0.6046875 0.62890625 0.06328125 0.1171875
4 0.70625 0.5953125 0.06328125 0.11875
4 0.78671875 0.61796875 0.0671875 0.1296875
4 0.484375 0.35625 0.08046875 0.14453125
4 0.48359375 0.159375 0.07890625 0.14609375
6 0.78046875 0.38828125 0.14765625 0.19609375
6 0.7875 0.13828125 0.09296875 0.121875