5 0.81875 0.58515625 0.0515625 0.125
5 0.73515625 0.6 0.065625 0.121875
5 0.66328125 0.60078125 0.0484375 0.1171875
5 0.5375 0.57890625 0.103125 0.0640625
5 0.53984375 0.6796875 0.096875 0.065625
5 0.26015625 0.20625 0.0484375 0.121875
5 0.15078125 0.221875 0.0609375 0.140625
5 0.4203125 0.1109375 0.1046875 0.0765625
5 0.44375 0.28125 0.1203125 0.06875
6 0.41640625 0.4328125 0.1015625 0.1296875
6 0.24296875 0.56328125 0.1515625 0.1953125
6 0.77265625 0.16484375 0.1328125 0.1390625
3 0.68515625 0.1671875 0.0578125 0.140625
3 0.5609375 0.1875 0.065625 0.1375
3 0.409375 0.6203125 0.059375 0.1296875
3 0.30390625 0.70625 0.1171875 0.0734375
4 0.55625 0.4046875 0.0765625 0.1203125
4 0.68203125 0.37109375 0.059375 0.075
4 0.81796875 0.36171875 0.09375 0.1015625
4 0.27109375 0.42734375 0.09375 0.0984375
4 0.19453125 0.4375 0.0796875 0.1078125