6 0.5390625 0.33515625 0.0703125 0.07890625
6 0.6609375 0.4125 0.0890625 0.12265625
6 0.3125 0.1984375 0.0578125 0.0875
3 0.36328125 0.1890625 0.02890625 0.11953125
3 0.4296875 0.18359375 0.03046875 0.11875
3 0.55859375 0.45703125 0.03125 0.09609375
3 0.6296875 0.509375 0.07421875 0.03125
5 0.5203125 0.146875 0.09140625 0.0453125
5 0.51875 0.24296875 0.08984375 0.03984375
5 0.621875 0.196875 0.02734375 0.12265625
5 0.69296875 0.19765625 0.028125 0.12265625
5 0.303125 0.4484375 0.0328125 0.10390625
5 0.35 0.453125 0.034375 0.10390625
5 0.396875 0.45625 0.02578125 0.10078125
5 0.48125 0.440625 0.07890625 0.0359375
5 0.478125 0.5 0.08203125 0.034375
4 0.29765625 0.3140625 0.05546875 0.059375
4 0.3765625 0.31484375 0.03984375 0.04453125
4 0.44453125 0.325 0.03359375 0.0671875
4 0.63125 0.325 0.04609375 0.053125
4 0.67265625 0.3328125 0.0390625 0.06796875