2 0.27265625 0.18046875 0.0546875 0.1328125
3 0.196875 0.26015625 0.05 0.1015625
5 0.29375 0.3296875 0.08828125 0.0609375
5 0.44375 0.3859375 0.04609375 0.11484375
5 0.51640625 0.38515625 0.04140625 0.10390625
5 0.61796875 0.146875 0.08515625 0.05234375
5 0.6171875 0.5921875 0.03125 0.0984375
5 0.4671875 0.58828125 0.03046875 0.0875
5 0.2859375 0.5875 0.03125 0.0859375
6 0.2140625 0.47421875 0.0859375 0.11171875
6 0.72578125 0.59375 0.0703125 0.11015625
7 0.70390625 0.215625 0.06015625 0.0984375
4 0.28984375 0.42265625 0.0859375 0.07734375
4 0.7375 0.3609375 0.0671875 0.1265625
1 0.5046875 0.24453125 0.21953125 0.14453125
3 0.4015625 0.53671875 0.0703125 0.04921875
3 0.53046875 0.53359375 0.06953125 0.04296875
3 0.53671875 0.64609375 0.06484375 0.05390625
3 0.40859375 0.64140625 0.06484375 0.04453125