6 0.809375 0.728125 0.0953125 0.121875
6 0.2734375 0.63515625 0.0953125 0.1109375
1 0.54453125 0.39375 0.2046875 0.1046875
7 0.7203125 0.365625 0.0796875 0.0859375
5 0.640625 0.3234375 0.071875 0.0609375
2 0.3328125 0.36953125 0.0515625 0.0984375
3 0.25546875 0.44765625 0.0421875 0.084375
4 0.35234375 0.56796875 0.0890625 0.0921875
5 0.34609375 0.5015625 0.0875 0.0515625
5 0.56875 0.5390625 0.04375 0.0984375
5 0.490625 0.5375 0.0453125 0.09375
5 0.53515625 0.75 0.0484375 0.1046875
5 0.6890625 0.72890625 0.0703125 0.1109375
5 0.34375 0.76484375 0.0453125 0.1015625
3 0.47109375 0.81171875 0.090625 0.0734375
3 0.61328125 0.80390625 0.084375 0.0515625
3 0.59609375 0.6875 0.071875 0.0484375
3 0.45546875 0.69921875 0.078125 0.0640625
4 0.78203125 0.4859375 0.0828125 0.1234375