3 0.83828125 0.684375 0.078125 0.1890625
3 0.58671875 0.43984375 0.1046875 0.0671875
3 0.46171875 0.46015625 0.103125 0.0609375
3 0.5671875 0.340625 0.096875 0.05625
3 0.4453125 0.3640625 0.0984375 0.0578125
5 0.72734375 0.6296875 0.11875 0.071875
5 0.57734375 0.59765625 0.0609375 0.1515625
5 0.49921875 0.6125 0.059375 0.1375
5 0.4453125 0.85546875 0.1125 0.065625
5 0.36875 0.43203125 0.05625 0.146875
5 0.69296875 0.3765625 0.0609375 0.1390625
6 0.78125 0.47890625 0.109375 0.121875
6 0.26484375 0.44921875 0.109375 0.146875
4 0.28359375 0.659375 0.109375 0.178125
4 0.7078125 0.5296875 0.1109375 0.0765625
7 0.3453125 0.8 0.0859375 0.1171875
2 0.74609375 0.7546875 0.1328125 0.1734375
1 0.53671875 0.75 0.2359375 0.1921875
5 0.5140625 0.403125 0.0625 0.1578125