3 0.17109375 0.82421875 0.05625 0.1765625
3 0.39765625 0.8828125 0.1125 0.065625
3 0.39765625 0.8 0.115625 0.05625
3 0.6953125 0.49453125 0.03125 0.146875
5 0.278125 0.8875 0.11875 0.05625
5 0.43671875 0.36484375 0.03125 0.14375
5 0.55078125 0.5421875 0.034375 0.146875
5 0.6546875 0.58828125 0.1125 0.05625
5 0.32109375 0.74140625 0.0375 0.1609375
5 0.43671875 0.66015625 0.0375 0.153125
4 0.3515625 0.365625 0.075 0.1390625
4 0.52734375 0.89609375 0.096875 0.096875
4 0.5265625 0.7484375 0.090625 0.128125
4 0.52109375 0.64375 0.09375 0.1515625
7 0.79375 0.54375 0.090625 0.128125
6 0.6875 0.775 0.165625 0.2609375
6 0.21328125 0.3671875 0.153125 0.203125
6 0.6578125 0.34453125 0.084375 0.159375
2 0.5296875 0.284375 0.115625 0.090625
0 0.2296875 0.5859375 0.30625 0.246875
7 0.43515625 0.5375 0.0875 0.103125