5 0.5765625 0.8421875 0.075 0.1234375
5 0.82890625 0.61640625 0.0828125 0.134375
5 0.78828125 0.328125 0.059375 0.13125
5 0.61953125 0.37578125 0.0609375 0.121875
5 0.52109375 0.50234375 0.0640625 0.10625
5 0.328125 0.36953125 0.090625 0.0734375
5 0.27734375 0.434375 0.059375 0.1265625
5 0.34296875 0.475 0.0796875 0.0625
3 0.41328125 0.50859375 0.059375 0.115625
3 0.42265625 0.3640625 0.084375 0.065625
4 0.50859375 0.32265625 0.09375 0.1390625
7 0.45390625 0.69921875 0.0796875 0.1046875
7 0.578125 0.69140625 0.0953125 0.1375
4 0.48828125 0.8109375 0.096875 0.11875
6 0.375 0.8546875 0.1203125 0.1328125
5 0.371875 0.74296875 0.0953125 0.071875
5 0.3828125 0.61875 0.0671875 0.1359375
4 0.465625 0.48984375 0.096875 0.1703125
2 0.58359375 0.4609375 0.0875 0.171875
1 0.72734375 0.465625 0.1578125 0.296875
6 0.69765625 0.759375 0.175 0.2125