3 0.35 0.2359375 0.02890625 0.1109375
3 0.46484375 0.415625 0.06484375 0.0359375
3 0.54453125 0.41796875 0.0625 0.0359375
3 0.46640625 0.47578125 0.06171875 0.0375
3 0.54296875 0.48125 0.06328125 0.04296875
5 0.4109375 0.28984375 0.06953125 0.0375
5 0.60078125 0.184375 0.075 0.040625
5 0.49296875 0.321875 0.02265625 0.0875
5 0.53828125 0.3265625 0.02578125 0.09140625
5 0.3984375 0.44140625 0.02421875 0.0859375
5 0.59453125 0.4546875 0.02890625 0.1015625
5 0.50234375 0.4515625 0.02578125 0.096875
6 0.36171875 0.36796875 0.05859375 0.071875
6 0.66015625 0.459375 0.05859375 0.1015625
7 0.65546875 0.23671875 0.04140625 0.0765625
4 0.675 0.32265625 0.05234375 0.1015625
4 0.40703125 0.35 0.05625 0.05859375
2 0.409375 0.2078125 0.0625 0.1015625
1 0.53359375 0.2359375 0.14140625 0.1