2 0.65703125 0.64453125 0.059375 0.0890625
1 0.4484375 0.6015625 0.19609375 0.0921875
7 0.26875 0.6140625 0.05546875 0.07890625
4 0.225 0.48515625 0.08359375 0.121875
4 0.6546875 0.44765625 0.09296875 0.08359375
6 0.734375 0.37265625 0.0734375 0.11171875
6 0.20625 0.24765625 0.0859375 0.11171875
5 0.34453125 0.6578125 0.07734375 0.05078125
5 0.43203125 0.4515625 0.0515625 0.10546875
5 0.5140625 0.4625 0.03671875 0.0953125
5 0.65078125 0.50625 0.08671875 0.04765625
3 0.7375 0.57109375 0.03828125 0.11640625
3 0.55546875 0.3078125 0.0734375 0.04453125
3 0.42265625 0.303125 0.08515625 0.04609375
3 0.4125 0.18671875 0.07734375 0.0546875
3 0.54609375 0.18828125 0.0734375 0.05234375
5 0.48828125 0.2515625 0.03046875 0.11328125
5 0.32734375 0.24375 0.0359375 0.11015625
5 0.6765625 0.253125 0.03671875 0.11875