4 0.4953125 0.0984375 0.1046875 0.1078125
4 0.50234375 0.24140625 0.1015625 0.1046875
4 0.496875 0.36796875 0.09375 0.159375
5 0.54296875 0.46171875 0.0421875 0.1203125
5 0.64609375 0.38828125 0.0859375 0.065625
5 0.4421875 0.6375 0.05 0.1328125
5 0.29609375 0.26875 0.04375 0.1421875
5 0.421875 0.33046875 0.046875 0.1359375
5 0.24140625 0.125 0.0984375 0.0640625
3 0.346875 0.12109375 0.121875 0.0703125
3 0.3734375 0.20546875 0.1046875 0.05625
3 0.1484375 0.190625 0.065625 0.1328125
7 0.43359375 0.46640625 0.0875 0.1125
7 0.8 0.42734375 0.075 0.0984375
6 0.6703125 0.6453125 0.1125 0.1421875
3 0.696875 0.4828125 0.059375 0.125
2 0.553125 0.70546875 0.0875 0.0796875
4 0.35703125 0.63828125 0.075 0.121875
6 0.2234375 0.66484375 0.1609375 0.20625
0 0.22421875 0.43359375 0.3234375 0.253125
6 0.65859375 0.215625 0.165625 0.240625