2 0.65625 0.86015625 0.08125 0.140625
3 0.746875 0.79765625 0.0703125 0.109375
5 0.66640625 0.709375 0.0984375 0.078125
5 0.53125 0.6234375 0.06875 0.121875
5 0.46015625 0.60859375 0.0625 0.1109375
5 0.3109375 0.82109375 0.09375 0.06875
5 0.4046875 0.38515625 0.0515625 0.103125
5 0.55078125 0.4203125 0.0484375 0.0921875
5 0.72734375 0.45859375 0.0484375 0.090625
6 0.77421875 0.584375 0.1078125 0.1265625
6 0.2984375 0.36171875 0.0921875 0.121875
7 0.24140625 0.7359375 0.0796875 0.109375
4 0.68984375 0.61953125 0.1 0.09375
4 0.2390625 0.58671875 0.0921875 0.1375
1 0.4421875 0.74921875 0.2453125 0.1875
3 0.60390625 0.484375 0.0796875 0.0625
3 0.47734375 0.4609375 0.0765625 0.05625
3 0.49453125 0.34921875 0.075 0.065625
3 0.61875 0.38046875 0.0734375 0.0578125