2 0.72578125 0.2484375 0.0703125 0.0875
3 0.77734375 0.328125 0.05 0.08125
3 0.55625 0.52890625 0.0703125 0.05625
3 0.44296875 0.5109375 0.06875 0.0484375
3 0.41875 0.603125 0.0671875 0.0515625
3 0.5375 0.6265625 0.065625 0.053125
4 0.675 0.4515625 0.0828125 0.0671875
4 0.2875 0.3078125 0.0828125 0.1171875
1 0.52109375 0.24921875 0.2046875 0.1375
5 0.440625 0.15078125 0.075 0.046875
5 0.353125 0.5328125 0.046875 0.0859375
5 0.48671875 0.56171875 0.0453125 0.0796875
5 0.5515625 0.38125 0.0484375 0.084375
5 0.478125 0.37265625 0.0421875 0.0875
5 0.6890625 0.36796875 0.06875 0.046875
6 0.7265625 0.5078125 0.08125 0.1
5 0.6453125 0.59453125 0.0453125 0.08125
6 0.25 0.5265625 0.0828125 0.0984375
7 0.35078125 0.1828125 0.071875 0.084375