3 0.771875 0.19609375 0.0578125 0.0484375
3 0.6640625 0.2390625 0.0390625 0.075
3 0.43515625 0.53203125 0.040625 0.071875
3 0.35703125 0.52265625 0.040625 0.075
4 0.76484375 0.44140625 0.05 0.0734375
4 0.70703125 0.4359375 0.0578125 0.0734375
4 0.48515625 0.390625 0.0390625 0.0703125
4 0.39765625 0.375 0.046875 0.0578125
4 0.30078125 0.3578125 0.071875 0.0796875
5 0.546875 0.49609375 0.0671875 0.0453125
5 0.528125 0.6 0.0640625 0.0359375
5 0.7390625 0.59140625 0.040625 0.0875
5 0.65546875 0.571875 0.0421875 0.0875
5 0.575 0.159375 0.0625 0.04375
5 0.55390625 0.24296875 0.0578125 0.0453125
5 0.45859375 0.2 0.0421875 0.0859375
5 0.39375 0.1859375 0.0421875 0.0828125
5 0.33359375 0.17578125 0.0421875 0.0828125
6 0.296875 0.5015625 0.0734375 0.084375
6 0.596875 0.3984375 0.0703125 0.0875
6 0.78125 0.32734375 0.125 0.15625