3 0.72265625 0.1546875 0.0546875 0.034375
3 0.6203125 0.21484375 0.025 0.08125
3 0.43984375 0.5390625 0.0296875 0.0765625
3 0.36171875 0.5421875 0.028125 0.0734375
5 0.52109375 0.153125 0.05625 0.034375
5 0.5109375 0.23984375 0.0671875 0.0359375
5 0.4109375 0.2125 0.0296875 0.0875
5 0.34609375 0.21015625 0.028125 0.0796875
5 0.2828125 0.20859375 0.028125 0.0796875
5 0.54609375 0.49140625 0.0625 0.034375
5 0.54453125 0.5984375 0.0609375 0.0328125
5 0.66640625 0.55 0.025 0.071875
5 0.7453125 0.54921875 0.0296875 0.0734375
6 0.296875 0.528125 0.059375 0.084375
6 0.58203125 0.38203125 0.0609375 0.071875
6 0.75 0.2859375 0.1046875 0.14375
4 0.75 0.40546875 0.0359375 0.0703125
4 0.69375 0.40625 0.0484375 0.0671875
4 0.46796875 0.39375 0.028125 0.0671875
4 0.3796875 0.39296875 0.0390625 0.0484375
4 0.28046875 0.39140625 0.059375 0.0671875