2 0.371875 0.79296875 0.053125 0.0703125
3 0.3265625 0.74375 0.0296875 0.0625
3 0.46171875 0.57890625 0.0515625 0.0375
3 0.53359375 0.5859375 0.046875 0.040625
3 0.54140625 0.525 0.05 0.04375
3 0.4625 0.52421875 0.046875 0.034375
6 0.65546875 0.553125 0.05625 0.075
6 0.34453125 0.61796875 0.05625 0.0703125
7 0.6296875 0.7828125 0.040625 0.0609375
1 0.5078125 0.76875 0.140625 0.096875
5 0.57734375 0.828125 0.0578125 0.040625
5 0.52265625 0.6796875 0.03125 0.0671875
5 0.475 0.6734375 0.03125 0.0625
5 0.37890625 0.70234375 0.05625 0.0453125
5 0.38984375 0.55234375 0.034375 0.06875
5 0.4984375 0.553125 0.03125 0.06875
5 0.590625 0.55078125 0.0296875 0.0828125
4 0.3921875 0.6359375 0.0546875 0.0546875
4 0.65390625 0.696875 0.059375 0.08125