5 0.21796875 0.81953125 0.096875 0.0609375
5 0.24296875 0.72265625 0.0859375 0.0609375
5 0.26484375 0.625 0.0875 0.0546875
5 0.28828125 0.53125 0.078125 0.0484375
5 0.35 0.775 0.05 0.109375
5 0.3875 0.61015625 0.046875 0.0984375
5 0.53203125 0.88359375 0.0796875 0.0546875
5 0.55625 0.77421875 0.0828125 0.053125
5 0.5671875 0.68203125 0.08125 0.059375
5 0.5859375 0.5890625 0.0828125 0.0515625
3 0.29921875 0.37734375 0.0515625 0.09375
3 0.425 0.44453125 0.05 0.090625
3 0.40546875 0.3390625 0.075 0.059375
7 0.54140625 0.4296875 0.078125 0.078125
7 0.61875 0.42890625 0.075 0.0953125
6 0.66875 0.871875 0.0953125 0.1109375
6 0.7140625 0.66171875 0.1640625 0.1921875
4 0.42890625 0.79609375 0.0875 0.1390625
4 0.45546875 0.63671875 0.0859375 0.1296875
4 0.6890625 0.47890625 0.0609375 0.1015625
4 0.77890625 0.47734375 0.06875 0.0890625