6 0.603125 0.3984375 0.0671875 0.08125
6 0.78515625 0.33828125 0.1359375 0.1640625
6 0.2953125 0.48984375 0.06875 0.0875
3 0.78125 0.20703125 0.0609375 0.0453125
3 0.67265625 0.24765625 0.04375 0.075
3 0.434375 0.5296875 0.0421875 0.078125
3 0.35703125 0.51484375 0.04375 0.084375
5 0.73359375 0.60234375 0.0421875 0.0796875
5 0.6546875 0.5765625 0.0421875 0.0796875
5 0.5421875 0.503125 0.06875 0.0453125
5 0.52109375 0.60703125 0.0671875 0.0421875
5 0.58671875 0.1609375 0.071875 0.046875
5 0.5640625 0.2484375 0.0703125 0.04375
5 0.4671875 0.20078125 0.0421875 0.09375
5 0.40703125 0.18359375 0.0421875 0.0875
5 0.34375 0.171875 0.040625 0.084375
4 0.7625 0.45234375 0.046875 0.0796875
4 0.7078125 0.44296875 0.0625 0.075
4 0.4875 0.39140625 0.0359375 0.0671875
4 0.40234375 0.375 0.0484375 0.0546875
4 0.3046875 0.35078125 0.06875 0.071875