5 0.2421875 0.103125 0.14296875 0.0640625
5 0.24921875 0.21953125 0.146875 0.0609375
5 0.24921875 0.3390625 0.14921875 0.05859375
5 0.25859375 0.4421875 0.134375 0.07109375
5 0.38984375 0.1734375 0.06015625 0.20546875
5 0.38515625 0.36953125 0.06484375 0.1859375
5 0.61796875 0.10078125 0.14609375 0.0734375
5 0.6140625 0.22265625 0.140625 0.0625
5 0.6125 0.3375 0.14140625 0.0640625
5 0.61171875 0.45 0.13671875 0.078125
3 0.24296875 0.6046875 0.05625 0.1625
3 0.34921875 0.6734375 0.13203125 0.08359375
3 0.4 0.56484375 0.05 0.14609375
7 0.50859375 0.609375 0.10390625 0.1125
7 0.60390625 0.6203125 0.08359375 0.13203125
4 0.48359375 0.18046875 0.08671875 0.1890625
4 0.48046875 0.37734375 0.0875 0.16796875
4 0.7 0.59375 0.07109375 0.14296875
4 0.7890625 0.59921875 0.08671875 0.15703125
6 0.77109375 0.140625 0.115625 0.12109375
6 0.77890625 0.38515625 0.15859375 0.20703125