1 0.4640625 0.25234375 0.1921875 0.103125
6 0.26484375 0.58203125 0.071875 0.0921875
4 0.246875 0.3609375 0.0625 0.109375
4 0.65859375 0.40859375 0.0734375 0.0546875
7 0.2828125 0.23046875 0.0546875 0.08125
5 0.3625 0.17578125 0.0734375 0.0390625
2 0.659375 0.209375 0.0625 0.078125
3 0.73359375 0.26328125 0.0375 0.0921875
5 0.65859375 0.33125 0.0734375 0.040625
5 0.52421875 0.37265625 0.03125 0.078125
5 0.4515625 0.3890625 0.0234375 0.08125
5 0.3640625 0.56875 0.028125 0.078125
5 0.50078125 0.565625 0.028125 0.084375
5 0.66328125 0.5625 0.03125 0.078125
6 0.721875 0.45078125 0.071875 0.0953125
3 0.559375 0.51875 0.0578125 0.05
3 0.4484375 0.5171875 0.065625 0.0375
3 0.44375 0.6171875 0.0546875 0.04375
3 0.56171875 0.6140625 0.0515625 0.03125