3 0.5703125 0.79375 0.0734375 0.0453125
3 0.4828125 0.79921875 0.0765625 0.0484375
3 0.56328125 0.725 0.0703125 0.040625
3 0.47734375 0.7296875 0.0671875 0.0375
3 0.346875 0.565625 0.0359375 0.1046875
5 0.62265625 0.7578125 0.0390625 0.0984375
5 0.521875 0.76328125 0.0328125 0.0984375
5 0.40390625 0.771875 0.040625 0.1
5 0.54609375 0.62734375 0.03125 0.090625
5 0.49453125 0.62734375 0.034375 0.0953125
5 0.40546875 0.60078125 0.0703125 0.0421875
5 0.5875 0.49140625 0.0671875 0.04375
2 0.40625 0.53125 0.065625 0.090625
4 0.6765625 0.61171875 0.0640625 0.109375
4 0.4109375 0.65 0.0703125 0.0625
6 0.690625 0.753125 0.071875 0.103125
6 0.359375 0.69375 0.071875 0.0796875
7 0.646875 0.52265625 0.0609375 0.084375
1 0.53046875 0.54296875 0.1390625 0.09375