3 0.72734375 0.81328125 0.0515625 0.1078125
3 0.60625 0.8046875 0.0578125 0.1109375
3 0.3921875 0.3890625 0.0578125 0.1359375
3 0.28671875 0.31875 0.103125 0.0515625
6 0.23203125 0.47265625 0.1328125 0.1734375
6 0.42265625 0.5703125 0.0984375 0.1265625
4 0.2890625 0.60390625 0.1140625 0.09375
4 0.2046875 0.60546875 0.059375 0.103125
4 0.57578125 0.59609375 0.0515625 0.0921875
4 0.68984375 0.6046875 0.059375 0.06875
4 0.83046875 0.59609375 0.078125 0.103125
6 0.81171875 0.79296875 0.10625 0.1109375
5 0.471875 0.74140625 0.1109375 0.0625
5 0.48203125 0.90234375 0.1296875 0.084375
5 0.30390625 0.80234375 0.0421875 0.1546875
5 0.19609375 0.8203125 0.0421875 0.1359375
5 0.5265625 0.415625 0.075 0.0578125
5 0.5171875 0.315625 0.0921875 0.0640625
5 0.65078125 0.390625 0.0515625 0.1046875
5 0.73046875 0.38671875 0.0515625 0.10625
5 0.81015625 0.38125 0.0640625 0.1234375