3 0.3734375 0.77578125 0.0390625 0.1125
3 0.47265625 0.5875 0.0671875 0.0421875
3 0.5515625 0.578125 0.065625 0.040625
3 0.46875 0.52734375 0.0640625 0.0421875
3 0.54453125 0.51484375 0.0671875 0.0484375
5 0.4296875 0.7171875 0.071875 0.04375
5 0.628125 0.80546875 0.078125 0.046875
5 0.50859375 0.678125 0.0296875 0.0890625
5 0.553125 0.66953125 0.034375 0.09375
5 0.40390625 0.5671875 0.03125 0.0875
5 0.5984375 0.53671875 0.0375 0.103125
5 0.50625 0.5484375 0.034375 0.0984375
6 0.3734375 0.64375 0.0640625 0.0765625
6 0.66328125 0.5265625 0.0671875 0.10625
7 0.678125 0.7484375 0.0484375 0.0796875
4 0.68984375 0.66171875 0.0609375 0.10625
4 0.4203125 0.6578125 0.0609375 0.0625
2 0.43515625 0.79921875 0.071875 0.10625
1 0.55625 0.76015625 0.15 0.1125