5 0.228125 0.8953125 0.134375 0.08125
5 0.37890625 0.82578125 0.05625 0.128125
5 0.3890625 0.63125 0.0421875 0.1703125
5 0.2421875 0.66171875 0.1125 0.046875
5 0.240625 0.77265625 0.1421875 0.0640625
5 0.2609375 0.5484375 0.1078125 0.05
5 0.61171875 0.9125 0.0953125 0.05
5 0.61484375 0.77890625 0.0828125 0.0625
5 0.6078125 0.66875 0.0859375 0.065625
5 0.6140625 0.559375 0.096875 0.0671875
4 0.475 0.83203125 0.0828125 0.14375
4 0.4765625 0.62578125 0.078125 0.1640625
4 0.70546875 0.42109375 0.0828125 0.1359375
4 0.80234375 0.3890625 0.0625 0.1078125
7 0.6109375 0.38125 0.0734375 0.1046875
7 0.5234375 0.3875 0.09375 0.1015625
3 0.4 0.43359375 0.0609375 0.10625
3 0.36484375 0.31484375 0.1078125 0.05
3 0.2453125 0.39375 0.0625 0.125
6 0.778125 0.6171875 0.146875 0.2015625
6 0.7671875 0.8765625 0.10625 0.13125