2 0.3625 0.19453125 0.0578125 0.0828125
3 0.2890625 0.24609375 0.040625 0.0875
3 0.55078125 0.528125 0.0671875 0.0484375
3 0.54375 0.625 0.0671875 0.0421875
3 0.42890625 0.60625 0.05625 0.040625
3 0.4375 0.51015625 0.059375 0.05
5 0.49140625 0.565625 0.0375 0.08125
5 0.6265625 0.58359375 0.0359375 0.0921875
5 0.559375 0.3921875 0.0375 0.084375
5 0.48671875 0.375 0.04375 0.0859375
5 0.3625 0.3203125 0.065625 0.0421875
4 0.35234375 0.40078125 0.078125 0.0546875
4 0.76015625 0.3828125 0.06875 0.1140625
7 0.7390625 0.2453125 0.0625 0.0921875
5 0.66953125 0.18828125 0.0625 0.0484375
1 0.56015625 0.25546875 0.1953125 0.1171875
6 0.2828125 0.43203125 0.0765625 0.084375
5 0.3296875 0.54375 0.0375 0.0890625
6 0.7265625 0.596875 0.08125 0.103125