3 0.171875 0.29765625 0.06875 0.1875
3 0.41015625 0.55546875 0.103125 0.0625
3 0.5359375 0.5421875 0.103125 0.05625
3 0.425 0.65546875 0.0953125 0.0515625
3 0.54765625 0.6390625 0.096875 0.0546875
5 0.2796875 0.35859375 0.1171875 0.0671875
5 0.428125 0.3984375 0.053125 0.1515625
5 0.50703125 0.3875 0.053125 0.1375
5 0.5734375 0.14765625 0.1109375 0.0609375
5 0.62734375 0.575 0.0484375 0.1453125
5 0.30078125 0.61328125 0.0546875 0.1375
6 0.21796875 0.50625 0.103125 0.1171875
6 0.73203125 0.5625 0.103125 0.14375
4 0.72421875 0.35234375 0.1015625 0.175
4 0.29453125 0.459375 0.109375 0.071875
7 0.6703125 0.20859375 0.08125 0.1140625
2 0.2671875 0.2328125 0.125 0.16875
1 0.4765625 0.2484375 0.2296875 0.18125
5 0.48125 0.59609375 0.0546875 0.15625