4 0.77890625 0.48828125 0.0828125 0.14375
4 0.340625 0.4421875 0.0734375 0.084375
2 0.3328125 0.65546875 0.0640625 0.109375
7 0.728125 0.625 0.065625 0.103125
1 0.55546875 0.603125 0.2046875 0.1046875
6 0.26640625 0.375 0.0828125 0.1015625
6 0.7984375 0.24921875 0.0984375 0.10625
5 0.65390625 0.66875 0.0640625 0.0578125
5 0.55859375 0.46484375 0.0515625 0.1046875
5 0.48828125 0.46015625 0.0421875 0.0984375
5 0.35078125 0.50234375 0.0796875 0.0546875
5 0.52109375 0.24296875 0.0375 0.10625
5 0.684375 0.24765625 0.0515625 0.115625
5 0.32421875 0.25234375 0.0359375 0.103125
3 0.2609375 0.571875 0.040625 0.1171875
3 0.5875 0.31015625 0.0828125 0.053125
3 0.44765625 0.3109375 0.0921875 0.0515625
3 0.44609375 0.19453125 0.078125 0.059375
3 0.59375 0.1890625 0.0828125 0.0453125