5 0.24453125 0.1546875 0.0875 0.046875
5 0.26015625 0.25546875 0.0796875 0.0515625
5 0.27578125 0.3546875 0.0765625 0.0453125
5 0.28671875 0.45390625 0.06875 0.0421875
5 0.39921875 0.37890625 0.0421875 0.096875
5 0.37265625 0.21015625 0.0390625 0.1046875
5 0.56015625 0.12109375 0.0828125 0.0453125
5 0.57890625 0.2328125 0.075 0.0453125
5 0.57734375 0.325 0.075 0.05
5 0.58359375 0.4171875 0.0765625 0.0453125
4 0.46953125 0.35390625 0.0703125 0.10625
4 0.45625 0.1890625 0.071875 0.125
4 0.6859375 0.5375 0.05625 0.0984375
4 0.77421875 0.54765625 0.0671875 0.0953125
7 0.60625 0.57734375 0.0640625 0.0875
7 0.5359375 0.575 0.0640625 0.06875
3 0.42265625 0.54921875 0.0453125 0.0859375
3 0.3890625 0.64921875 0.0625 0.040625
3 0.2875 0.6015625 0.046875 0.0828125
6 0.72578125 0.3578125 0.1421875 0.16875
6 0.70078125 0.14453125 0.084375 0.0984375