3 0.484375 0.18203125 0.046875 0.071875
3 0.41796875 0.17265625 0.0375 0.075
3 0.559375 0.47109375 0.053125 0.0765625
3 0.628125 0.5296875 0.0703125 0.05625
6 0.6734375 0.44296875 0.1078125 0.125
4 0.69609375 0.3640625 0.0640625 0.0734375
4 0.65546875 0.3578125 0.0625 0.0828125
6 0.57109375 0.34140625 0.0671875 0.0703125
4 0.47421875 0.31484375 0.0484375 0.078125
4 0.4078125 0.29453125 0.0375 0.0484375
4 0.32734375 0.278125 0.059375 0.0578125
6 0.36484375 0.1609375 0.065625 0.075
5 0.58359375 0.15390625 0.0796875 0.0625
5 0.67109375 0.21796875 0.040625 0.0875
5 0.7390625 0.23515625 0.053125 0.103125
5 0.5609375 0.24453125 0.0765625 0.05
5 0.48359375 0.43203125 0.071875 0.0515625
5 0.475 0.4953125 0.0796875 0.0515625
5 0.40859375 0.43671875 0.0390625 0.0859375
5 0.35859375 0.43046875 0.0453125 0.0921875
5 0.31640625 0.41796875 0.040625 0.0734375