7 0.70546875 0.78515625 0.059375 0.0765625
2 0.32734375 0.78359375 0.0546875 0.0875
1 0.53046875 0.746875 0.190625 0.1046875
5 0.628125 0.82734375 0.0609375 0.040625
5 0.5453125 0.61953125 0.034375 0.0765625
5 0.47421875 0.621875 0.03125 0.0859375
5 0.340625 0.66171875 0.0640625 0.0328125
5 0.50078125 0.43203125 0.0328125 0.0859375
5 0.3375 0.43671875 0.0328125 0.08125
5 0.63984375 0.4296875 0.0375 0.0921875
4 0.3359375 0.5828125 0.0734375 0.0515625
4 0.7453125 0.64765625 0.0640625 0.1078125
6 0.7375 0.43203125 0.071875 0.090625
6 0.278125 0.5390625 0.0703125 0.0890625
3 0.25859375 0.7234375 0.034375 0.090625
3 0.43828125 0.47734375 0.0609375 0.0421875
3 0.43984375 0.3828125 0.05625 0.04375
3 0.5609375 0.38359375 0.0609375 0.040625
3 0.55625 0.47734375 0.0671875 0.0515625