6 0.27109375 0.2109375 0.13125 0.134375
6 0.60390625 0.19921875 0.1703125 0.228125
7 0.509375 0.3 0.1046875 0.1421875
7 0.3953125 0.334375 0.08125 0.1140625
4 0.38984375 0.215625 0.1015625 0.125
4 0.56484375 0.66328125 0.090625 0.11875
4 0.465625 0.5140625 0.090625 0.1671875
1 0.72578125 0.4640625 0.1375 0.2890625
3 0.48359375 0.6625 0.1015625 0.065625
5 0.46953125 0.15703125 0.0625 0.153125
5 0.3015625 0.31796875 0.1328125 0.0640625
5 0.35 0.42734375 0.05625 0.1375
5 0.36484375 0.57734375 0.1078125 0.0625
5 0.3125 0.63046875 0.0578125 0.1328125
5 0.38671875 0.678125 0.1046875 0.0796875
5 0.6546875 0.575 0.0578125 0.14375
5 0.83125 0.57734375 0.059375 0.1359375
5 0.76796875 0.290625 0.0640625 0.15
5 0.521875 0.5015625 0.0625 0.1390625
2 0.590625 0.48828125 0.0921875 0.1546875
3 0.41953125 0.51953125 0.05625 0.1515625