2 0.59921875 0.7953125 0.0234375 0.05
3 0.64296875 0.7578125 0.0359375 0.0546875
5 0.59453125 0.71484375 0.04375 0.03125
5 0.50859375 0.68046875 0.0203125 0.0640625
5 0.4625 0.6640625 0.0328125 0.059375
5 0.39140625 0.81875 0.053125 0.0265625
5 0.4078125 0.546875 0.028125 0.0765625
5 0.49609375 0.5484375 0.0234375 0.0734375
3 0.53984375 0.59140625 0.05625 0.0546875
3 0.45703125 0.58046875 0.046875 0.0265625
3 0.45390625 0.51953125 0.05 0.0328125
3 0.53671875 0.52578125 0.0390625 0.0359375
5 0.60078125 0.56328125 0.0390625 0.0609375
4 0.59453125 0.6515625 0.04375 0.0546875
4 0.32421875 0.690625 0.040625 0.0859375
7 0.340625 0.77109375 0.0453125 0.046875
6 0.34140625 0.54296875 0.0515625 0.0671875
6 0.6390625 0.63359375 0.0484375 0.0609375
1 0.46484375 0.7609375 0.1296875 0.0828125