1 0.475 0.23515625 0.2484375 0.1625
2 0.24140625 0.21796875 0.0671875 0.0984375
6 0.2140625 0.50625 0.0875 0.109375
6 0.72890625 0.56640625 0.11875 0.1515625
4 0.72734375 0.3453125 0.0875 0.1515625
7 0.678125 0.20859375 0.078125 0.1046875
5 0.58515625 0.140625 0.1 0.06875
5 0.509375 0.40078125 0.0609375 0.1390625
5 0.42734375 0.38515625 0.0546875 0.140625
5 0.4796875 0.59609375 0.034375 0.109375
5 0.634375 0.590625 0.0578125 0.1140625
5 0.2921875 0.60703125 0.0484375 0.1
5 0.2765625 0.34921875 0.1015625 0.0625
5 0.28203125 0.45 0.0828125 0.08125
3 0.175 0.29375 0.0578125 0.1015625
3 0.41015625 0.5484375 0.0890625 0.0609375
3 0.42421875 0.6546875 0.0765625 0.0703125
3 0.53515625 0.52734375 0.08125 0.071875
3 0.55078125 0.6390625 0.075 0.059375