4 0.30390625 0.65390625 0.06875 0.08125
4 0.40625 0.63125 0.0484375 0.05625
4 0.4890625 0.60859375 0.04375 0.0703125
4 0.70859375 0.553125 0.0640625 0.0734375
4 0.76484375 0.5421875 0.046875 0.071875
5 0.73125 0.39765625 0.046875 0.084375
5 0.6546875 0.4203125 0.04375 0.0828125
5 0.54765625 0.5 0.0734375 0.04375
5 0.52421875 0.39453125 0.071875 0.0453125
5 0.58984375 0.8390625 0.075 0.0453125
5 0.5640625 0.7546875 0.0671875 0.046875
5 0.4734375 0.8046875 0.0390625 0.0828125
5 0.4109375 0.81953125 0.040625 0.08125
5 0.3515625 0.834375 0.0390625 0.075
3 0.7875 0.7890625 0.0625 0.046875
3 0.6796875 0.75234375 0.04375 0.08125
3 0.43671875 0.475 0.0421875 0.071875
3 0.3578125 0.48828125 0.0453125 0.071875
6 0.2984375 0.515625 0.0734375 0.0921875
6 0.7828125 0.65625 0.1375 0.1625
6 0.60390625 0.59765625 0.06875 0.0828125