5 0.39296875 0.1640625 0.0671875 0.0453125
5 0.66640625 0.34921875 0.071875 0.0390625
5 0.534375 0.3828125 0.034375 0.0921875
5 0.46484375 0.38125 0.034375 0.0890625
5 0.65703125 0.5828125 0.0359375 0.0890625
5 0.4921875 0.57109375 0.034375 0.0890625
5 0.35703125 0.56328125 0.0359375 0.096875
3 0.75625 0.2921875 0.040625 0.109375
3 0.55703125 0.52578125 0.0671875 0.0453125
3 0.440625 0.5171875 0.0640625 0.046875
3 0.5453125 0.6203125 0.0671875 0.0484375
3 0.428125 0.609375 0.0671875 0.05
2 0.68671875 0.225 0.06875 0.0875
7 0.3140625 0.209375 0.0625 0.0890625
1 0.4859375 0.2515625 0.1953125 0.134375
6 0.72421875 0.47734375 0.0671875 0.0890625
6 0.2578125 0.5546875 0.078125 0.1
4 0.66640625 0.42890625 0.078125 0.0484375
4 0.265625 0.3390625 0.0734375 0.11875