4 0.5125 0.8359375 0.075 0.1375
4 0.52265625 0.6484375 0.065625 0.1328125
4 0.30390625 0.4171875 0.0703125 0.1203125
4 0.20390625 0.371875 0.0625 0.0921875
7 0.3890625 0.3734375 0.065625 0.0984375
7 0.47734375 0.38515625 0.084375 0.0953125
7 0.60078125 0.43359375 0.0515625 0.10625
7 0.64296875 0.32265625 0.10625 0.053125
7 0.759375 0.39296875 0.0625 0.1375
5 0.3875 0.5578125 0.0859375 0.059375
5 0.39140625 0.665625 0.0984375 0.0609375
5 0.3828125 0.7796875 0.10625 0.071875
5 0.3703125 0.909375 0.1359375 0.0625
6 0.2078125 0.85546875 0.121875 0.128125
6 0.2203125 0.61015625 0.159375 0.196875
5 0.6140625 0.825 0.046875 0.1234375
5 0.60625 0.62734375 0.046875 0.1125
5 0.74921875 0.66953125 0.128125 0.053125
5 0.740625 0.56015625 0.125 0.053125
5 0.753125 0.7875 0.13125 0.059375
5 0.7515625 0.9078125 0.1484375 0.0625