3 0.36640625 0.18984375 0.03828125 0.11171875
3 0.4265625 0.184375 0.04453125 0.11640625
3 0.56171875 0.45390625 0.02578125 0.08046875
3 0.62421875 0.5078125 0.06171875 0.04140625
6 0.6640625 0.41796875 0.0828125 0.125
6 0.5359375 0.33828125 0.06171875 0.07578125
6 0.30234375 0.18828125 0.06484375 0.090625
4 0.67265625 0.328125 0.03125 0.07265625
4 0.6328125 0.3265625 0.03984375 0.0640625
4 0.44453125 0.325 0.04921875 0.09375
4 0.37578125 0.31484375 0.03125 0.04609375
4 0.29765625 0.315625 0.06015625 0.07734375
5 0.51640625 0.140625 0.075 0.0578125
5 0.615625 0.19296875 0.03203125 0.0875
5 0.6859375 0.19140625 0.03046875 0.090625
5 0.51875 0.228125 0.06796875 0.04921875
5 0.46875 0.434375 0.08046875 0.0359375
5 0.47890625 0.4984375 0.06484375 0.04453125
5 0.396875 0.44921875 0.04609375 0.08359375
5 0.3515625 0.4515625 0.0421875 0.07890625
5 0.303125 0.45 0.04609375 0.0875