5 0.55625 0.19609375 0.078125 0.1359375
5 0.41328125 0.3640625 0.04375 0.1109375
5 0.51484375 0.50078125 0.046875 0.109375
5 0.6015625 0.6078125 0.0328125 0.0609375
5 0.6296875 0.6984375 0.0875 0.06875
5 0.309375 0.41875 0.1046875 0.075
7 0.16875 0.38359375 0.0921875 0.1140625
6 0.284375 0.58125 0.159375 0.2
6 0.79921875 0.2234375 0.175 0.234375
0 0.678125 0.5546875 0.28125 0.384375
3 0.52578125 0.61640625 0.0796875 0.0515625
3 0.51875 0.6859375 0.08125 0.0640625
4 0.44453125 0.46953125 0.0921875 0.125
4 0.41328125 0.603125 0.071875 0.0765625
4 0.40703125 0.71015625 0.0875 0.096875
7 0.53046875 0.3796875 0.0875 0.14375
6 0.3125 0.1671875 0.1 0.1234375
3 0.2765625 0.32734375 0.0546875 0.109375
4 0.64765625 0.21640625 0.0921875 0.165625
2 0.446875 0.11171875 0.096875 0.109375