4 0.76796875 0.42109375 0.1109375 0.1578125
4 0.33203125 0.4828125 0.0890625 0.0984375
2 0.37578125 0.69140625 0.0859375 0.1203125
7 0.7515625 0.56640625 0.084375 0.1140625
1 0.57890625 0.58671875 0.2203125 0.1453125
6 0.24296875 0.43515625 0.1015625 0.115625
6 0.72890625 0.184375 0.1171875 0.1234375
5 0.690625 0.6265625 0.075 0.06875
5 0.5484375 0.45234375 0.071875 0.1125
5 0.47890625 0.4640625 0.0609375 0.1046875
5 0.35546875 0.53828125 0.0875 0.0703125
5 0.4578125 0.24609375 0.059375 0.1109375
5 0.61796875 0.2109375 0.0734375 0.1234375
5 0.26953125 0.30234375 0.05625 0.1078125
3 0.2859375 0.62734375 0.0640625 0.121875
3 0.5390625 0.29453125 0.090625 0.06875
3 0.40390625 0.32890625 0.1 0.06875
3 0.3734375 0.21640625 0.0890625 0.0734375
3 0.515625 0.17578125 0.090625 0.0625