3 0.3296875 0.79140625 0.0515625 0.115625
3 0.38828125 0.8046875 0.0578125 0.1203125
3 0.55546875 0.553125 0.0359375 0.0828125
3 0.62421875 0.50703125 0.065625 0.0484375
6 0.653125 0.6015625 0.096875 0.134375
6 0.515625 0.66484375 0.0703125 0.0828125
6 0.265625 0.78515625 0.075 0.0984375
4 0.65078125 0.69140625 0.040625 0.0765625
4 0.6109375 0.68828125 0.046875 0.06875
4 0.4234375 0.6671875 0.0609375 0.0984375
4 0.35390625 0.66875 0.0359375 0.05
4 0.2765625 0.65859375 0.06875 0.084375
5 0.47265625 0.85859375 0.08125 0.0671875
5 0.57734375 0.81875 0.0421875 0.090625
5 0.646875 0.82890625 0.040625 0.09375
5 0.48515625 0.771875 0.0734375 0.0578125
5 0.4609375 0.5609375 0.084375 0.0453125
5 0.47890625 0.49921875 0.0703125 0.0515625
5 0.39140625 0.5375 0.05625 0.0890625
5 0.346875 0.5296875 0.0515625 0.0828125
5 0.2984375 0.52578125 0.05625 0.0921875