4 0.73984375 0.378125 0.03125 0.075
4 0.6859375 0.38359375 0.05 0.06875
4 0.45546875 0.3984375 0.0296875 0.0640625
4 0.36796875 0.403125 0.040625 0.05625
4 0.27109375 0.41328125 0.0609375 0.071875
6 0.725 0.25859375 0.1125 0.1453125
6 0.5703125 0.3765625 0.0578125 0.0734375
6 0.30078125 0.55390625 0.0609375 0.0828125
5 0.75390625 0.52578125 0.0328125 0.075
5 0.66875 0.53125 0.0296875 0.0796875
5 0.54375 0.484375 0.0640625 0.034375
5 0.5546875 0.59296875 0.0671875 0.025
5 0.4859375 0.14921875 0.0578125 0.040625
5 0.4890625 0.240625 0.0671875 0.034375
5 0.3796875 0.21953125 0.0265625 0.0796875
5 0.3171875 0.22109375 0.0296875 0.0796875
5 0.2546875 0.22890625 0.0296875 0.084375
3 0.68515625 0.134375 0.053125 0.0390625
3 0.5921875 0.20546875 0.0359375 0.071875
3 0.4453125 0.54921875 0.0328125 0.0703125
3 0.3671875 0.55859375 0.034375 0.0734375