5 0.43515625 0.84609375 0.071875 0.053125
5 0.68359375 0.62890625 0.075 0.046875
5 0.5484375 0.6125 0.0453125 0.09375
5 0.47890625 0.621875 0.0453125 0.090625
5 0.64609375 0.39921875 0.0453125 0.090625
5 0.48359375 0.4296875 0.04375 0.090625
5 0.35078125 0.45390625 0.046875 0.0984375
3 0.7796875 0.675 0.053125 0.1109375
3 0.553125 0.46796875 0.071875 0.053125
3 0.4390625 0.48984375 0.0671875 0.053125
3 0.53046875 0.375 0.0703125 0.0546875
3 0.41484375 0.4 0.071875 0.05625
2 0.71875 0.75 0.078125 0.0921875
7 0.35078125 0.8109375 0.071875 0.09375
1 0.51640625 0.74765625 0.2046875 0.1546875
6 0.725 0.4953125 0.0765625 0.09375
6 0.253125 0.475 0.0875 0.10625
4 0.6734375 0.55078125 0.08125 0.05625
4 0.28671875 0.68828125 0.0859375 0.125