4 0.39375 0.19140625 0.0890625 0.1328125
4 0.51953125 0.69296875 0.07265625 0.14453125
1 0.71796875 0.5046875 0.096875 0.29140625
5 0.790625 0.3203125 0.0390625 0.11484375
5 0.80546875 0.64453125 0.04375 0.121875
5 0.628125 0.60859375 0.03671875 0.11328125
2 0.5671875 0.5171875 0.06484375 0.11484375
5 0.49140625 0.5109375 0.04609375 0.13515625
4 0.4359375 0.51640625 0.0703125 0.11875
3 0.38125 0.5203125 0.04375 0.1265625
3 0.42265625 0.67578125 0.09453125 0.05078125
7 0.3859375 0.3203125 0.05546875 0.0953125
7 0.51640625 0.30078125 0.08046875 0.1640625
5 0.478125 0.134375 0.05 0.1203125
6 0.2546875 0.159375 0.090625 0.125
5 0.28828125 0.2890625 0.096875 0.05625
5 0.3234375 0.40859375 0.0671875 0.10859375
5 0.31171875 0.5703125 0.07890625 0.0546875
5 0.31953125 0.6828125 0.08671875 0.05625
5 0.24921875 0.62265625 0.03984375 0.1203125
6 0.62734375 0.2109375 0.13828125 0.19765625