4 0.1875 0.6359375 0.1015625 0.109375
4 0.3203125 0.62421875 0.0625 0.0765625
4 0.43828125 0.59375 0.0578125 0.128125
4 0.72890625 0.5765625 0.0921875 0.103125
4 0.80234375 0.55859375 0.0546875 0.1078125
6 0.23203125 0.825 0.109375 0.153125
6 0.5796875 0.57734375 0.1203125 0.1171875
6 0.7640625 0.43125 0.1625 0.1984375
3 0.31953125 0.83125 0.0671875 0.1984375
3 0.43515625 0.8234375 0.06875 0.2109375
3 0.59765625 0.37578125 0.0609375 0.175
3 0.69375 0.29453125 0.1109375 0.0703125
5 0.5796875 0.88125 0.15625 0.0875
5 0.56484375 0.7265625 0.15 0.0734375
5 0.740625 0.78359375 0.071875 0.2046875
5 0.84609375 0.76640625 0.0734375 0.2
5 0.18671875 0.4171875 0.0703125 0.1703125
5 0.26171875 0.41640625 0.0625 0.1703125
5 0.33828125 0.40234375 0.0703125 0.1765625
5 0.46796875 0.421875 0.1375 0.0640625
5 0.46015625 0.3234375 0.128125 0.065625