4 0.25390625 0.396875 0.034375 0.071875
4 0.309375 0.39921875 0.04375 0.06796875
4 0.53515625 0.3953125 0.028125 0.06796875
4 0.6203125 0.39765625 0.03828125 0.04609375
4 0.725 0.39765625 0.05390625 0.07109375
6 0.7 0.53203125 0.05390625 0.075
6 0.421875 0.3796875 0.06015625 0.07109375
6 0.25859375 0.2765625 0.109375 0.1390625
5 0.25 0.5421875 0.03125 0.084375
5 0.334375 0.540625 0.02890625 0.08046875
5 0.45703125 0.4890625 0.071875 0.0359375
5 0.4515625 0.59375 0.06953125 0.02890625
5 0.72734375 0.2171875 0.021875 0.0875
5 0.6625 0.20703125 0.02265625 0.0859375
5 0.6 0.209375 0.02265625 0.07890625
5 0.49453125 0.15078125 0.06484375 0.040625
5 0.49453125 0.2375 0.06171875 0.03359375
3 0.28828125 0.153125 0.05859375 0.034375
3 0.38828125 0.21328125 0.028125 0.0734375
3 0.55703125 0.546875 0.02890625 0.07109375
3 0.63515625 0.54765625 0.02734375 0.0734375