5 0.7484375 0.13125 0.13125 0.0796875
5 0.696875 0.26953125 0.0578125 0.159375
5 0.5765625 0.34296875 0.0578125 0.1546875
5 0.45 0.459375 0.046875 0.1421875
5 0.35390625 0.4015625 0.128125 0.0671875
5 0.55546875 0.6359375 0.053125 0.15
2 0.459375 0.71015625 0.125 0.1
4 0.6390625 0.6453125 0.0875 0.15625
4 0.49609375 0.25703125 0.09375 0.1296875
4 0.49765625 0.103125 0.11875 0.115625
4 0.49609375 0.3734375 0.0875 0.134375
3 0.30390625 0.48828125 0.053125 0.134375
3 0.84921875 0.1890625 0.0640625 0.1515625
3 0.62890625 0.12734375 0.1203125 0.078125
3 0.62421875 0.2109375 0.134375 0.0640625
7 0.21484375 0.43125 0.1109375 0.1234375
6 0.32890625 0.64921875 0.1109375 0.153125
6 0.33984375 0.2203125 0.196875 0.259375
6 0.778125 0.6546875 0.1765625 0.2125
7 0.5703125 0.46015625 0.084375 0.1015625
0 0.77578125 0.43359375 0.3234375 0.2640625