7 0.51015625 0.60703125 0.09609375 0.121875
7 0.6046875 0.62890625 0.07109375 0.1234375
4 0.70390625 0.58828125 0.0625 0.10859375
4 0.7921875 0.6140625 0.0734375 0.1171875
4 0.48203125 0.35703125 0.07109375 0.13984375
4 0.4890625 0.1609375 0.08671875 0.1484375
6 0.78515625 0.14453125 0.10625 0.10703125
6 0.77421875 0.39140625 0.1515625 0.2109375
3 0.39296875 0.56640625 0.0625 0.1328125
3 0.34765625 0.6796875 0.096875 0.05078125
3 0.24140625 0.5984375 0.05390625 0.13984375
5 0.61796875 0.44765625 0.09140625 0.05078125
5 0.61015625 0.334375 0.10078125 0.0546875
5 0.6203125 0.21953125 0.11015625 0.05234375
5 0.6234375 0.09765625 0.11953125 0.0546875
5 0.39140625 0.1703125 0.04609375 0.159375
5 0.39375 0.3609375 0.03203125 0.1625
5 0.25625 0.43828125 0.11484375 0.0609375
5 0.25234375 0.3265625 0.1140625 0.0578125
5 0.2453125 0.2109375 0.11796875 0.0578125
5 0.24296875 0.0921875 0.14765625 0.0625