5 0.45703125 0.50390625 0.0609375 0.0453125
5 0.47265625 0.4 0.0671875 0.0390625
5 0.34453125 0.42890625 0.0390625 0.0828125
5 0.2609375 0.4125 0.040625 0.075
5 0.43203125 0.84453125 0.0640625 0.0421875
5 0.4515625 0.75390625 0.0671875 0.04375
5 0.546875 0.803125 0.0375 0.08125
5 0.6109375 0.80703125 0.0390625 0.0828125
5 0.67109375 0.821875 0.0375 0.075
3 0.23203125 0.80859375 0.0609375 0.04375
3 0.33984375 0.7640625 0.0421875 0.06875
3 0.5625 0.46328125 0.0375 0.071875
3 0.6421875 0.47734375 0.0390625 0.0734375
6 0.703125 0.49765625 0.071875 0.0890625
6 0.221875 0.678125 0.125 0.1515625
6 0.4046875 0.6015625 0.071875 0.0875
4 0.7046875 0.63984375 0.0671875 0.0765625
4 0.6046875 0.6234375 0.0421875 0.05
4 0.515625 0.6140625 0.040625 0.0765625
4 0.29375 0.565625 0.05625 0.06875
4 0.2390625 0.5578125 0.04375 0.075