3 0.4234375 0.81875 0.084375 0.078125
3 0.571875 0.8125 0.08125 0.0671875
3 0.56015625 0.6921875 0.0921875 0.0421875
3 0.43359375 0.7015625 0.0703125 0.0625
3 0.7296875 0.42109375 0.0453125 0.11875
6 0.2203125 0.76796875 0.090625 0.10625
6 0.74375 0.60703125 0.0859375 0.10625
1 0.44375 0.4140625 0.2265625 0.125
4 0.21953125 0.534375 0.08125 0.128125
4 0.6625 0.55234375 0.0796875 0.078125
2 0.6515625 0.346875 0.05625 0.0875
7 0.26328125 0.39921875 0.0671875 0.0921875
5 0.33203125 0.34609375 0.08125 0.0609375
5 0.65 0.484375 0.0859375 0.05625
5 0.5140625 0.53125 0.0421875 0.1046875
5 0.43515625 0.54453125 0.0421875 0.096875
5 0.50234375 0.75078125 0.0421875 0.11875
5 0.33984375 0.76171875 0.0515625 0.103125
5 0.6875 0.7390625 0.0578125 0.115625