1 0.4609375 0.7484375 0.2328125 0.1734375
2 0.6765625 0.83203125 0.0796875 0.109375
3 0.76875 0.775 0.0671875 0.109375
3 0.60234375 0.47734375 0.0703125 0.059375
3 0.6140625 0.37734375 0.06875 0.05625
3 0.4859375 0.35703125 0.0703125 0.0578125
3 0.478125 0.46484375 0.0640625 0.059375
4 0.69375 0.59453125 0.0921875 0.075
4 0.2453125 0.60859375 0.0828125 0.1375
6 0.2875 0.378125 0.084375 0.115625
6 0.775 0.56640625 0.090625 0.103125
5 0.68671875 0.69140625 0.0890625 0.0640625
5 0.54453125 0.62578125 0.046875 0.115625
5 0.4640625 0.61171875 0.0515625 0.1234375
5 0.54140625 0.41953125 0.0421875 0.11875
5 0.721875 0.43984375 0.053125 0.10625
5 0.39375 0.384375 0.05 0.115625
7 0.2578125 0.75859375 0.084375 0.1
5 0.334375 0.83359375 0.0890625 0.059375