3 0.61953125 0.47265625 0.0515625 0.1578125
3 0.5625 0.30703125 0.109375 0.0765625
7 0.49921875 0.696875 0.096875 0.1578125
7 0.6265625 0.67265625 0.0890625 0.1328125
6 0.74453125 0.815625 0.14375 0.1390625
6 0.3859375 0.79375 0.159375 0.2375
4 0.61640625 0.8 0.1078125 0.1328125
4 0.565625 0.49453125 0.096875 0.128125
4 0.4734375 0.3109375 0.090625 0.15625
2 0.42734375 0.4953125 0.0890625 0.1453125
5 0.72890625 0.69765625 0.15 0.06875
5 0.53828125 0.85625 0.053125 0.1609375
5 0.503125 0.490625 0.04375 0.1484375
5 0.6796875 0.409375 0.109375 0.0578125
5 0.7421875 0.35390625 0.0515625 0.146875
5 0.66875 0.3 0.109375 0.06875
5 0.37109375 0.38828125 0.053125 0.1515625
5 0.19140625 0.375 0.0515625 0.1546875
5 0.22265625 0.684375 0.0640625 0.15625
1 0.284375 0.49453125 0.1296875 0.309375
5 0.6859375 0.575 0.05625 0.146875