6 0.7 0.234375 0.134375 0.1640625
6 0.55546875 0.3703125 0.06875 0.0859375
6 0.30859375 0.56875 0.0703125 0.090625
4 0.72421875 0.35546875 0.04375 0.075
4 0.67109375 0.36875 0.0640625 0.0765625
4 0.44765625 0.4046875 0.0375 0.0734375
4 0.3625 0.41796875 0.046875 0.0546875
4 0.26171875 0.43828125 0.0703125 0.0828125
5 0.75234375 0.4984375 0.040625 0.0796875
5 0.67265625 0.5171875 0.040625 0.075
5 0.5421875 0.4828125 0.071875 0.0421875
5 0.56171875 0.58671875 0.0640625 0.034375
5 0.44921875 0.1546875 0.065625 0.046875
5 0.45546875 0.24453125 0.065625 0.040625
5 0.35234375 0.23203125 0.0421875 0.0875
5 0.2890625 0.24375 0.0390625 0.0828125
5 0.22734375 0.25234375 0.0375 0.075
3 0.559375 0.20078125 0.0375 0.075
3 0.64609375 0.11796875 0.0640625 0.04375
3 0.45234375 0.5515625 0.0375 0.075
3 0.375 0.56875 0.040625 0.0765625