4 0.49375 0.1875 0.05703125 0.11328125
4 0.4875 0.35625 0.0546875 0.11171875
4 0.68203125 0.5546875 0.04453125 0.08359375
4 0.7640625 0.578125 0.0546875 0.08203125
7 0.528125 0.5765625 0.0578125 0.0671875
7 0.6015625 0.59296875 0.0578125 0.07265625
6 0.74140625 0.3859375 0.121875 0.159375
6 0.74375 0.17109375 0.075 0.0953125
3 0.41484375 0.5421875 0.03125 0.08203125
3 0.36953125 0.6390625 0.06015625 0.0375
3 0.27890625 0.57734375 0.03125 0.08046875
5 0.2890625 0.125 0.07109375 0.04453125
5 0.28828125 0.2328125 0.06953125 0.03984375
5 0.29375 0.33359375 0.0703125 0.04140625
5 0.29609375 0.4265625 0.06953125 0.0375
5 0.41328125 0.3609375 0.02421875 0.08515625
5 0.409375 0.19609375 0.02890625 0.0890625
5 0.60859375 0.13359375 0.07109375 0.04765625
5 0.60625 0.23828125 0.06328125 0.04140625
5 0.6015625 0.33203125 0.06484375 0.04453125
5 0.5984375 0.4296875 0.065625 0.0359375