2 0.3421875 0.153125 0.14375 0.121875
7 0.4921875 0.38046875 0.1 0.1453125
6 0.69296875 0.146875 0.209375 0.2703125
6 0.3171875 0.6328125 0.1828125 0.2234375
6 0.22421875 0.23828125 0.128125 0.16875
7 0.15078125 0.48984375 0.1046875 0.1515625
3 0.56875 0.60859375 0.1125 0.078125
3 0.58203125 0.675 0.1171875 0.084375
3 0.2359375 0.39453125 0.0734375 0.1578125
5 0.459375 0.1984375 0.0734375 0.1640625
5 0.3796875 0.40390625 0.059375 0.1484375
5 0.29765625 0.48046875 0.1296875 0.0765625
5 0.6765625 0.64921875 0.0890625 0.0609375
5 0.63203125 0.57421875 0.0484375 0.071875
5 0.5140625 0.4984375 0.0640625 0.121875
4 0.475 0.7234375 0.1046875 0.134375
4 0.45703125 0.6296875 0.090625 0.0765625
4 0.54765625 0.1859375 0.1234375 0.1953125
4 0.43984375 0.50390625 0.1015625 0.1578125
0 0.6859375 0.4984375 0.328125 0.396875