4 0.65625 0.44140625 0.0828125 0.0875
4 0.21875 0.4796875 0.07109375 0.1296875
2 0.65546875 0.6421875 0.03984375 0.11171875
7 0.2671875 0.61640625 0.059375 0.10390625
6 0.20390625 0.246875 0.11953125 0.121875
6 0.73984375 0.38359375 0.09375 0.11640625
1 0.45 0.5984375 0.203125 0.1015625
5 0.3453125 0.659375 0.0859375 0.05390625
5 0.434375 0.4546875 0.04921875 0.1328125
5 0.50703125 0.46015625 0.034375 0.11328125
5 0.65546875 0.5125 0.07734375 0.04609375
3 0.73515625 0.57109375 0.03828125 0.11875
3 0.56015625 0.30390625 0.07578125 0.065625
3 0.5578125 0.190625 0.0734375 0.05390625
3 0.41875 0.19375 0.07734375 0.05078125
3 0.425 0.3046875 0.0703125 0.05078125
5 0.49140625 0.25078125 0.02890625 0.11171875
5 0.3296875 0.24609375 0.04765625 0.09375
5 0.671875 0.2484375 0.0828125 0.10390625