3 0.27265625 0.1859375 0.0828125 0.0734375
3 0.36640625 0.22578125 0.0578125 0.0890625
6 0.409375 0.3390625 0.0828125 0.103125
6 0.27421875 0.284375 0.10625 0.121875
3 0.5515625 0.4421875 0.0484375 0.0921875
3 0.60859375 0.4359375 0.05 0.0890625
6 0.65859375 0.4125 0.059375 0.0890625
4 0.340625 0.37578125 0.0546875 0.0703125
4 0.29296875 0.3765625 0.05 0.075
4 0.5078125 0.33515625 0.046875 0.0546875
4 0.5734375 0.3265625 0.05 0.0609375
4 0.65 0.3078125 0.0625 0.075
5 0.4546875 0.42265625 0.06875 0.0484375
5 0.47421875 0.50703125 0.0734375 0.0578125
5 0.3765625 0.4796875 0.034375 0.065625
5 0.3140625 0.50234375 0.0484375 0.0765625
5 0.5265625 0.1875 0.040625 0.0734375
5 0.57421875 0.18203125 0.0515625 0.0875
5 0.6171875 0.16640625 0.0375 0.075
5 0.428125 0.153125 0.06875 0.065625
5 0.4484375 0.23046875 0.0734375 0.05