6 0.21484375 0.25078125 0.10390625 0.1296875
6 0.73359375 0.3828125 0.090625 0.10390625
1 0.44609375 0.5984375 0.1984375 0.11328125
7 0.26640625 0.61015625 0.06015625 0.0890625
4 0.21953125 0.48515625 0.0828125 0.11875
4 0.65703125 0.45 0.0828125 0.0671875
2 0.65234375 0.6453125 0.05703125 0.08515625
3 0.74453125 0.58359375 0.04921875 0.08359375
3 0.41796875 0.29765625 0.06171875 0.05390625
3 0.41328125 0.1921875 0.075 0.05078125
3 0.56171875 0.18515625 0.08125 0.0640625
3 0.559375 0.31328125 0.08359375 0.05234375
5 0.340625 0.66015625 0.06171875 0.04609375
5 0.440625 0.459375 0.0421875 0.10546875
5 0.51640625 0.4734375 0.03828125 0.121875
5 0.490625 0.25625 0.03203125 0.121875
5 0.32890625 0.2484375 0.0546875 0.11875
5 0.68046875 0.246875 0.06484375 0.13984375
5 0.64765625 0.5078125 0.10234375 0.05625