2 0.3578125 0.13671875 0.096875 0.1015625
6 0.23515625 0.21640625 0.103125 0.1203125
6 0.71796875 0.16796875 0.1859375 0.2453125
6 0.30625 0.6296875 0.1765625 0.2109375
0 0.68984375 0.50078125 0.3015625 0.38125
3 0.55703125 0.603125 0.08125 0.071875
5 0.67109375 0.659375 0.09375 0.075
5 0.62421875 0.57421875 0.0359375 0.05625
3 0.57109375 0.67265625 0.078125 0.05
4 0.4609375 0.73203125 0.084375 0.1078125
4 0.44453125 0.62734375 0.0796875 0.065625
4 0.43984375 0.484375 0.084375 0.1234375
7 0.50078125 0.38203125 0.084375 0.13125
7 0.14921875 0.47265625 0.0828125 0.1015625
5 0.29609375 0.46953125 0.0921875 0.0625
5 0.390625 0.3984375 0.046875 0.109375
5 0.4828125 0.1953125 0.0671875 0.1328125
3 0.2375 0.3734375 0.0796875 0.1296875
4 0.57734375 0.2 0.09375 0.153125
5 0.51328125 0.49921875 0.0515625 0.115625