3 0.41484375 0.19375 0.0890625 0.05078125
3 0.5578125 0.19296875 0.0984375 0.04921875
3 0.5484375 0.30546875 0.08125 0.0609375
3 0.42109375 0.30703125 0.08046875 0.04921875
3 0.73515625 0.5703125 0.04375 0.13515625
6 0.7375 0.38046875 0.075 0.1
6 0.20625 0.24921875 0.08046875 0.14140625
1 0.4484375 0.60234375 0.1984375 0.0921875
5 0.33671875 0.65546875 0.0625 0.04609375
5 0.4328125 0.4578125 0.0421875 0.1
5 0.5109375 0.46796875 0.05390625 0.10546875
5 0.64921875 0.509375 0.0859375 0.03984375
5 0.68125 0.25546875 0.02578125 0.096875
5 0.490625 0.24609375 0.05234375 0.1234375
5 0.32421875 0.24765625 0.034375 0.1328125
4 0.2203125 0.4859375 0.07890625 0.13515625
4 0.65390625 0.4359375 0.08046875 0.0984375
7 0.2640625 0.61875 0.06796875 0.0953125
2 0.6515625 0.640625 0.05 0.10546875