3 0.69609375 0.14296875 0.0515625 0.040625
3 0.60078125 0.20859375 0.028125 0.0734375
3 0.44375 0.54609375 0.03125 0.06875
3 0.365625 0.55390625 0.03125 0.071875
4 0.7453125 0.38359375 0.040625 0.06875
4 0.6875 0.39140625 0.0484375 0.0671875
4 0.4609375 0.396875 0.0296875 0.0671875
4 0.371875 0.4015625 0.0390625 0.053125
4 0.27421875 0.40625 0.0625 0.071875
5 0.54453125 0.4859375 0.0625 0.0359375
5 0.55 0.59140625 0.0609375 0.0265625
5 0.75390625 0.53515625 0.028125 0.0859375
5 0.66796875 0.53515625 0.0296875 0.084375
5 0.49609375 0.1515625 0.0578125 0.0359375
5 0.49453125 0.2375 0.053125 0.0375
5 0.3921875 0.2171875 0.0296875 0.0828125
5 0.32578125 0.21796875 0.03125 0.0796875
5 0.26484375 0.22109375 0.0296875 0.0796875
6 0.30234375 0.54765625 0.0625 0.0765625
6 0.571875 0.3796875 0.059375 0.0796875
6 0.73515625 0.26796875 0.10625 0.1421875