6 0.25703125 0.2734375 0.11015625 0.146875
6 0.42265625 0.38203125 0.05546875 0.078125
6 0.70078125 0.534375 0.05703125 0.08203125
4 0.25390625 0.396875 0.03125 0.07109375
4 0.30859375 0.40078125 0.053125 0.06796875
4 0.53515625 0.396875 0.02578125 0.06953125
4 0.62109375 0.3953125 0.03828125 0.0484375
4 0.72421875 0.39765625 0.05859375 0.0734375
5 0.2515625 0.5421875 0.028125 0.0765625
5 0.3328125 0.546875 0.028125 0.07109375
5 0.45546875 0.490625 0.06796875 0.03046875
5 0.45390625 0.59609375 0.06015625 0.025
5 0.48984375 0.15078125 0.059375 0.0375
5 0.49921875 0.240625 0.06171875 0.03046875
5 0.59921875 0.21015625 0.02734375 0.084375
5 0.66328125 0.2109375 0.025 0.08046875
5 0.72578125 0.20859375 0.025 0.071875
3 0.38984375 0.215625 0.025 0.071875
3 0.28984375 0.14921875 0.059375 0.034375
3 0.55546875 0.5421875 0.025 0.07109375
3 0.63515625 0.54609375 0.02890625 0.071875