7 0.715625 0.221875 0.05703125 0.07421875
2 0.3375 0.2109375 0.05234375 0.08515625
1 0.5390625 0.2546875 0.1875 0.0984375
5 0.63984375 0.17734375 0.06015625 0.0390625
5 0.54921875 0.38203125 0.03125 0.07578125
5 0.478125 0.37734375 0.028125 0.08515625
5 0.34609375 0.3328125 0.0625 0.03125
5 0.4984375 0.56796875 0.03046875 0.08515625
5 0.33515625 0.5578125 0.03046875 0.08046875
5 0.6375 0.575 0.03359375 0.090625
4 0.3390625 0.41171875 0.07109375 0.04921875
4 0.75 0.3609375 0.06015625 0.10546875
6 0.73515625 0.5765625 0.06953125 0.0875
6 0.2796875 0.453125 0.06796875 0.0875
3 0.26640625 0.26796875 0.03125 0.0890625
3 0.4375 0.5203125 0.06015625 0.03984375
3 0.4359375 0.61484375 0.0546875 0.04140625
3 0.55703125 0.61875 0.06015625 0.0390625
3 0.55546875 0.52421875 0.06484375 0.04921875