3 0.38515625 0.19296875 0.0859375 0.0796875
3 0.53359375 0.18125 0.08125 0.0671875
3 0.5359375 0.3015625 0.09375 0.04375
3 0.41015625 0.3078125 0.071875 0.0640625
3 0.7375 0.55 0.046875 0.1203125
6 0.18984375 0.26796875 0.0921875 0.1078125
6 0.72890625 0.3640625 0.0875 0.1078125
1 0.4546875 0.5921875 0.228125 0.128125
4 0.2171875 0.5 0.0828125 0.1296875
4 0.6546875 0.428125 0.08125 0.0796875
2 0.66875 0.63359375 0.0578125 0.0890625
7 0.27734375 0.62890625 0.06875 0.09375
5 0.35234375 0.6734375 0.0828125 0.0609375
5 0.65078125 0.49765625 0.0859375 0.0578125
5 0.51015625 0.4671875 0.04375 0.1046875
5 0.43046875 0.46328125 0.04375 0.096875
5 0.471875 0.25078125 0.04375 0.11875
5 0.309375 0.259375 0.053125 0.1046875
5 0.65703125 0.23984375 0.059375 0.1171875