3 0.63125 0.77421875 0.0359375 0.1125
3 0.52890625 0.58671875 0.0671875 0.040625
3 0.45 0.57890625 0.065625 0.040625
3 0.53203125 0.5265625 0.0640625 0.0421875
3 0.45546875 0.515625 0.065625 0.046875
5 0.57421875 0.715625 0.071875 0.0421875
5 0.37734375 0.8078125 0.078125 0.0453125
5 0.49453125 0.678125 0.028125 0.0890625
5 0.45 0.6703125 0.0328125 0.09375
5 0.596875 0.565625 0.0296875 0.0875
5 0.40234375 0.53828125 0.0359375 0.103125
5 0.49453125 0.5484375 0.0328125 0.0984375
6 0.62890625 0.64140625 0.0640625 0.0765625
6 0.3375 0.5296875 0.065625 0.1046875
7 0.3265625 0.7515625 0.046875 0.0796875
4 0.31328125 0.66484375 0.059375 0.1046875
4 0.58203125 0.65625 0.0609375 0.0625
2 0.5703125 0.79765625 0.06875 0.10625
1 0.4484375 0.7609375 0.1484375 0.109375