5 0.45546875 0.32578125 0.103125 0.046875
5 0.459375 0.42109375 0.103125 0.0671875
5 0.33671875 0.4125 0.053125 0.1
5 0.25625 0.4046875 0.0421875 0.103125
5 0.175 0.4140625 0.0515625 0.1140625
5 0.584375 0.88984375 0.0890625 0.0734375
5 0.5625 0.72734375 0.0828125 0.053125
5 0.73984375 0.7796875 0.0609375 0.13125
5 0.8453125 0.7671875 0.0578125 0.13125
3 0.69375 0.29921875 0.0875 0.0578125
3 0.59375 0.37265625 0.046875 0.1203125
3 0.4296875 0.815625 0.0546875 0.1328125
3 0.3140625 0.8359375 0.0578125 0.1140625
4 0.31875 0.628125 0.059375 0.0765625
4 0.18125 0.63671875 0.0953125 0.1140625
4 0.43359375 0.596875 0.0640625 0.1109375
6 0.5828125 0.5734375 0.0921875 0.1234375
6 0.76484375 0.42265625 0.159375 0.2
4 0.80234375 0.56171875 0.0640625 0.109375
4 0.73046875 0.57734375 0.08125 0.1046875
6 0.2265625 0.825 0.1078125 0.125