3 0.70546875 0.25078125 0.040625 0.0875
3 0.5640625 0.51640625 0.0640625 0.046875
3 0.4484375 0.5296875 0.0703125 0.05625
3 0.45703125 0.6234375 0.06875 0.040625
3 0.571875 0.6109375 0.053125 0.0421875
6 0.27109375 0.60390625 0.075 0.096875
4 0.2359375 0.3875 0.0734375 0.1125
4 0.6484375 0.39765625 0.0765625 0.0671875
2 0.63125 0.19765625 0.059375 0.0875
5 0.6375 0.31875 0.0703125 0.046875
5 0.51015625 0.3765625 0.0390625 0.0890625
5 0.43984375 0.3890625 0.040625 0.0921875
5 0.5078125 0.5734375 0.0421875 0.0828125
5 0.371875 0.58671875 0.040625 0.0890625
5 0.6671875 0.540625 0.0390625 0.0796875
5 0.33046875 0.18984375 0.0703125 0.0453125
7 0.2578125 0.25 0.065625 0.084375
1 0.4359375 0.25625 0.2015625 0.1171875
6 0.7171875 0.4296875 0.071875 0.0875