3 0.6 0.43203125 0.0671875 0.1390625
3 0.63828125 0.31484375 0.125 0.05
3 0.75625 0.37734375 0.0625 0.1390625
7 0.48984375 0.39296875 0.103125 0.1015625
7 0.3875 0.375 0.0875 0.1078125
4 0.29609375 0.4125 0.0953125 0.1203125
4 0.19921875 0.3875 0.0640625 0.1171875
4 0.528125 0.6375 0.08125 0.1609375
4 0.52734375 0.83515625 0.0859375 0.1515625
6 0.2328125 0.87578125 0.10625 0.134375
6 0.22109375 0.6203125 0.1578125 0.225
5 0.77109375 0.89296875 0.1421875 0.065625
5 0.76640625 0.7734375 0.109375 0.071875
5 0.74921875 0.6609375 0.1109375 0.0546875
5 0.74453125 0.55078125 0.121875 0.0609375
5 0.61328125 0.6296875 0.04375 0.1765625
5 0.6296875 0.83828125 0.059375 0.1765625
5 0.39765625 0.9140625 0.146875 0.090625
5 0.3875 0.78125 0.1265625 0.0625
5 0.390625 0.6625 0.1296875 0.065625
5 0.3890625 0.55859375 0.0953125 0.0578125