7 0.49375 0.61328125 0.1109375 0.115625
7 0.39921875 0.6234375 0.090625 0.1328125
6 0.2140625 0.15390625 0.1234375 0.15
6 0.21796875 0.396875 0.159375 0.215625
3 0.75859375 0.59765625 0.0546875 0.16875
3 0.60703125 0.55703125 0.0484375 0.1375
3 0.65625 0.675 0.1375 0.0671875
4 0.5078125 0.18828125 0.0953125 0.203125
4 0.515625 0.38203125 0.0875 0.1703125
4 0.30234375 0.59921875 0.071875 0.140625
4 0.21640625 0.6125 0.0890625 0.159375
5 0.73828125 0.090625 0.1546875 0.06875
5 0.74375 0.209375 0.146875 0.075
5 0.7390625 0.32109375 0.1390625 0.0625
5 0.7375 0.43203125 0.1453125 0.0640625
5 0.6046875 0.3640625 0.05625 0.1859375
5 0.6046875 0.16875 0.0625 0.2140625
5 0.36953125 0.10546875 0.1484375 0.06875
5 0.37890625 0.225 0.14375 0.0671875
5 0.384375 0.34140625 0.14375 0.06875
5 0.3890625 0.4453125 0.1375 0.06875