6 0.2109375 0.24765625 0.08828125 0.1234375
6 0.72890625 0.38203125 0.084375 0.103125
5 0.32578125 0.24765625 0.04140625 0.134375
5 0.4890625 0.2515625 0.034375 0.1390625
5 0.67734375 0.2546875 0.03046875 0.1484375
5 0.64765625 0.51015625 0.096875 0.04609375
5 0.51328125 0.459375 0.03046875 0.1265625
5 0.4359375 0.45546875 0.03046875 0.125
5 0.3484375 0.6609375 0.09296875 0.04453125
3 0.7375 0.57109375 0.02890625 0.153125
3 0.55625 0.196875 0.09375 0.05390625
3 0.41640625 0.19453125 0.09765625 0.04453125
3 0.4234375 0.30859375 0.096875 0.05
3 0.55546875 0.31171875 0.09609375 0.04609375
4 0.22421875 0.4703125 0.08984375 0.1625
4 0.65234375 0.440625 0.09375 0.103125
7 0.26328125 0.61171875 0.065625 0.12109375
2 0.63828125 0.628125 0.08828125 0.140625
1 0.446875 0.59609375 0.19609375 0.146875