6 0.32734375 0.4328125 0.090625 0.1125
6 0.44296875 0.33828125 0.0703125 0.096875
6 0.6546875 0.18125 0.05625 0.0671875
3 0.60546875 0.16953125 0.04375 0.1
3 0.540625 0.1859375 0.0484375 0.0890625
4 0.603125 0.30703125 0.03125 0.053125
4 0.5390625 0.31796875 0.0359375 0.0625
4 0.6875 0.2875 0.0453125 0.0578125
4 0.35078125 0.33984375 0.0484375 0.05
4 0.30625 0.35 0.0515625 0.078125
5 0.35078125 0.209375 0.0453125 0.0890625
5 0.2875 0.215625 0.05 0.103125
5 0.446875 0.14921875 0.0671875 0.05
5 0.453125 0.23203125 0.0609375 0.0671875
5 0.5171875 0.43984375 0.084375 0.04375
5 0.5234375 0.49609375 0.084375 0.053125
5 0.596875 0.4328125 0.0359375 0.078125
5 0.64140625 0.4375 0.0359375 0.096875
5 0.68984375 0.43359375 0.028125 0.096875
5 0.440625 0.46484375 0.0375 0.0796875
5 0.3765625 0.5203125 0.0578125 0.0484375