1 0.5359375 0.2390625 0.1359375 0.07890625
5 0.6015625 0.1796875 0.04453125 0.04296875
5 0.4015625 0.28359375 0.04140625 0.028125
5 0.48984375 0.31796875 0.0265625 0.0609375
5 0.534375 0.32421875 0.0234375 0.05390625
5 0.5046875 0.44609375 0.01875 0.059375
5 0.59140625 0.4578125 0.02890625 0.08203125
5 0.3984375 0.440625 0.03359375 0.059375
6 0.359375 0.371875 0.0421875 0.06875
4 0.403125 0.35234375 0.0421875 0.05078125
4 0.675 0.3140625 0.05 0.08046875
7 0.659375 0.23046875 0.04765625 0.065625
3 0.3515625 0.2390625 0.02890625 0.0578125
2 0.40234375 0.20859375 0.03671875 0.065625
3 0.4671875 0.4140625 0.04140625 0.0375
3 0.54296875 0.41953125 0.04140625 0.0328125
3 0.540625 0.48046875 0.04375 0.0390625
3 0.46484375 0.47734375 0.05234375 0.0328125
6 0.66015625 0.4625 0.05703125 0.07109375