1 0.44921875 0.73984375 0.1921875 0.128125
7 0.271875 0.7578125 0.0578125 0.0953125
4 0.24296875 0.6234375 0.0671875 0.1171875
4 0.653125 0.5953125 0.071875 0.046875
6 0.26953125 0.41171875 0.0734375 0.103125
6 0.7171875 0.5578125 0.0625 0.0890625
2 0.64296875 0.7984375 0.05625 0.0859375
3 0.71953125 0.7421875 0.0390625 0.0890625
3 0.559375 0.4828125 0.06875 0.040625
3 0.44453125 0.47421875 0.0734375 0.04375
3 0.56640625 0.38984375 0.065625 0.0421875
3 0.4453125 0.37734375 0.0734375 0.040625
5 0.640625 0.675 0.0671875 0.0359375
5 0.6671875 0.4484375 0.0328125 0.0859375
5 0.50546875 0.42734375 0.0296875 0.096875
5 0.365625 0.41796875 0.0296875 0.0890625
5 0.44609375 0.61171875 0.0296875 0.0875
5 0.51875 0.61640625 0.034375 0.0953125
5 0.3421875 0.81640625 0.0765625 0.046875