5 0.528125 0.25625 0.05625 0.1140625
5 0.375 0.22578125 0.0640625 0.1359375
5 0.72578125 0.28203125 0.0546875 0.115625
5 0.4453125 0.45625 0.0578125 0.1171875
5 0.51875 0.46484375 0.0484375 0.1203125
5 0.64921875 0.53203125 0.0828125 0.0640625
4 0.66796875 0.47109375 0.0890625 0.1
4 0.22890625 0.428125 0.1109375 0.128125
7 0.25390625 0.56484375 0.0875 0.1296875
1 0.428125 0.58671875 0.221875 0.134375
5 0.31875 0.63203125 0.08125 0.0671875
5 0.6265625 0.66484375 0.071875 0.096875
3 0.7203125 0.6234375 0.0640625 0.121875
6 0.753125 0.42734375 0.090625 0.1140625
6 0.2578125 0.1984375 0.1 0.13125
3 0.47421875 0.17734375 0.1140625 0.084375
3 0.453125 0.29375 0.084375 0.0609375
3 0.5859375 0.32265625 0.09375 0.0640625
3 0.60859375 0.2046875 0.0953125 0.0734375