6 0.3328125 0.8640625 0.140625 0.153125
6 0.6796875 0.76015625 0.19375 0.2515625
7 0.5484375 0.68828125 0.10625 0.1609375
7 0.41875 0.6921875 0.0984375 0.1203125
2 0.5640625 0.4828125 0.1125 0.1625
4 0.48203125 0.303125 0.109375 0.15
4 0.43203125 0.5015625 0.10625 0.1578125
4 0.45234375 0.8203125 0.121875 0.1453125
3 0.39765625 0.3390625 0.121875 0.078125
3 0.3796875 0.49765625 0.071875 0.1609375
5 0.8125 0.6140625 0.065625 0.1625
5 0.77578125 0.31171875 0.071875 0.15625
5 0.60859375 0.36953125 0.06875 0.1390625
5 0.29453125 0.34765625 0.1171875 0.0734375
5 0.23203125 0.41484375 0.06875 0.146875
5 0.303125 0.45625 0.1171875 0.0859375
5 0.32734375 0.7421875 0.146875 0.0765625
5 0.3421875 0.6171875 0.0671875 0.159375
5 0.490625 0.4828125 0.071875 0.1671875
5 0.546875 0.853125 0.071875 0.18125
1 0.7109375 0.45078125 0.1625 0.3140625