3 0.81796875 0.15078125 0.059375 0.1640625
3 0.5875 0.1140625 0.121875 0.075
3 0.58984375 0.19765625 0.1296875 0.0578125
3 0.3046875 0.5125 0.0453125 0.1421875
7 0.20859375 0.4703125 0.109375 0.125
7 0.56328125 0.4609375 0.0921875 0.115625
4 0.65390625 0.62734375 0.084375 0.134375
4 0.4796875 0.365625 0.0953125 0.1453125
4 0.465625 0.253125 0.1 0.11875
4 0.45546875 0.1 0.1 0.1140625
2 0.4734375 0.70625 0.1203125 0.0875
6 0.30234375 0.23515625 0.175 0.23125
6 0.79765625 0.62578125 0.1578125 0.215625
6 0.3484375 0.6546875 0.0953125 0.1515625
5 0.7078125 0.10859375 0.13125 0.0625
5 0.6703125 0.2578125 0.0578125 0.165625
5 0.55859375 0.3328125 0.0578125 0.1484375
5 0.44609375 0.46171875 0.0453125 0.146875
5 0.34765625 0.41015625 0.1234375 0.0703125
5 0.56796875 0.6296875 0.0546875 0.14375
0 0.7625 0.40625 0.3140625 0.2515625