7 0.4640625 0.42265625 0.059375 0.0734375
3 0.71015625 0.3921875 0.040625 0.0734375
3 0.5796875 0.4515625 0.0421875 0.0734375
3 0.61171875 0.3484375 0.0625 0.0484375
4 0.3140625 0.46328125 0.0546875 0.09375
4 0.22578125 0.45 0.065625 0.0859375
4 0.52890625 0.64296875 0.0671875 0.1140625
4 0.54453125 0.81015625 0.0796875 0.128125
7 0.3875 0.41875 0.0640625 0.084375
5 0.75390625 0.84296875 0.0703125 0.05
5 0.73984375 0.7390625 0.0734375 0.046875
5 0.7234375 0.6421875 0.075 0.0484375
5 0.70859375 0.55078125 0.075 0.05
5 0.6046875 0.62734375 0.0359375 0.1015625
5 0.625 0.7890625 0.0375 0.0984375
5 0.43515625 0.878125 0.0734375 0.053125
5 0.421875 0.76796875 0.06875 0.04375
5 0.4171875 0.6765625 0.0703125 0.04375
5 0.4125 0.57890625 0.0734375 0.0484375
6 0.26875 0.640625 0.14375 0.175
6 0.29609375 0.8546875 0.08125 0.103125