5 0.4859375 0.134375 0.04765625 0.1234375
5 0.78984375 0.3171875 0.04140625 0.11875
5 0.80625 0.6390625 0.04140625 0.1296875
5 0.62578125 0.61328125 0.04375 0.0953125
2 0.56953125 0.5265625 0.07890625 0.07421875
2 0.50078125 0.5234375 0.04375 0.11171875
4 0.43828125 0.528125 0.0546875 0.10390625
4 0.5203125 0.68828125 0.0734375 0.1234375
3 0.4265625 0.66953125 0.096875 0.05625
5 0.3125 0.575 0.0734375 0.04921875
5 0.3203125 0.68046875 0.0890625 0.0546875
5 0.24609375 0.625 0.0546875 0.11640625
5 0.3234375 0.4140625 0.034375 0.13828125
5 0.2859375 0.28125 0.09453125 0.059375
4 0.39921875 0.1828125 0.090625 0.13125
6 0.26640625 0.16953125 0.096875 0.128125
6 0.628125 0.2109375 0.15859375 0.19609375
7 0.51484375 0.2921875 0.08828125 0.11171875
7 0.3859375 0.315625 0.0625 0.1015625
3 0.38203125 0.51484375 0.04765625 0.11015625
1 0.71171875 0.50859375 0.1140625 0.2890625