3 0.43359375 0.1890625 0.03203125 0.08359375
3 0.35859375 0.1421875 0.05546875 0.0375
3 0.56171875 0.459375 0.03359375 0.09375
3 0.6234375 0.46953125 0.0390625 0.1
6 0.33046875 0.23671875 0.08671875 0.11328125
6 0.45703125 0.32421875 0.06796875 0.06875
6 0.6703125 0.45859375 0.075 0.0859375
4 0.6828125 0.3484375 0.04921875 0.065625
4 0.6140625 0.35390625 0.03828125 0.04140625
4 0.55 0.33828125 0.03203125 0.0671875
4 0.36796875 0.33203125 0.03359375 0.05625
4 0.334375 0.33828125 0.0390625 0.07265625
5 0.31484375 0.45625 0.02421875 0.08203125
5 0.38515625 0.45234375 0.03359375 0.07734375
5 0.5171875 0.21875 0.065625 0.04453125
5 0.5125 0.1484375 0.065625 0.04921875
5 0.596875 0.2015625 0.03984375 0.08203125
5 0.646875 0.2015625 0.04140625 0.09375
5 0.69609375 0.2078125 0.03203125 0.09375
5 0.471875 0.41953125 0.0671875 0.04765625
5 0.48359375 0.5078125 0.07734375 0.04453125