6 0.778125 0.38828125 0.15703125 0.20546875
6 0.78828125 0.13828125 0.1359375 0.13984375
7 0.60234375 0.63125 0.0625 0.10703125
7 0.5125 0.6078125 0.09453125 0.096875
4 0.70390625 0.59921875 0.08515625 0.1296875
4 0.784375 0.61640625 0.08828125 0.13671875
4 0.48125 0.3671875 0.09296875 0.1640625
4 0.4875 0.15625 0.08359375 0.1546875
3 0.39765625 0.56796875 0.04765625 0.096875
3 0.3421875 0.678125 0.1125 0.0546875
3 0.2375 0.6046875 0.04921875 0.13828125
5 0.3953125 0.37578125 0.04765625 0.1296875
5 0.38828125 0.16015625 0.03828125 0.15
5 0.61640625 0.096875 0.13359375 0.059375
5 0.621875 0.22265625 0.11640625 0.04921875
5 0.6125 0.3390625 0.1125 0.06875
5 0.6140625 0.44609375 0.11171875 0.065625
5 0.24375 0.21328125 0.11484375 0.04921875
5 0.24453125 0.090625 0.1359375 0.05390625
5 0.25625 0.33046875 0.12421875 0.05390625
5 0.2546875 0.43828125 0.11015625 0.0671875