5 0.8546875 0.83359375 0.1421875 0.084375
5 0.696875 0.79375 0.1015625 0.1484375
5 0.62890625 0.5953125 0.0859375 0.1375
5 0.82109375 0.7203125 0.1203125 0.0953125
5 0.78046875 0.60546875 0.125 0.0734375
5 0.746875 0.49296875 0.1171875 0.065625
5 0.4015625 0.58046875 0.1 0.0765625
5 0.43203125 0.6921875 0.103125 0.08125
5 0.4421875 0.79296875 0.1046875 0.084375
5 0.4734375 0.92421875 0.121875 0.0859375
4 0.596875 0.81953125 0.125 0.178125
4 0.55625 0.63125 0.103125 0.1578125
4 0.2828125 0.4640625 0.1015625 0.1421875
4 0.1890625 0.45625 0.090625 0.1109375
6 0.2625 0.68515625 0.196875 0.221875
6 0.30546875 0.92109375 0.1421875 0.1578125
7 0.35859375 0.39765625 0.0875 0.109375
7 0.45703125 0.39765625 0.1078125 0.1078125
3 0.5796875 0.40703125 0.0703125 0.1203125
3 0.59140625 0.28984375 0.134375 0.0921875
3 0.721875 0.3328125 0.0890625 0.1546875