1 0.5046875 0.246875 0.2125 0.1625
2 0.296875 0.20859375 0.109375 0.1578125
7 0.7 0.22421875 0.071875 0.125
5 0.60703125 0.1578125 0.1171875 0.0484375
5 0.28515625 0.58203125 0.0359375 0.1296875
5 0.46953125 0.59453125 0.0359375 0.1375
5 0.61953125 0.58515625 0.03125 0.1359375
5 0.296875 0.33671875 0.1109375 0.059375
5 0.44140625 0.38984375 0.0421875 0.1453125
5 0.51796875 0.390625 0.040625 0.146875
3 0.19921875 0.26328125 0.0515625 0.1921875
3 0.40390625 0.540625 0.0984375 0.0625
3 0.5296875 0.5390625 0.1046875 0.053125
3 0.53359375 0.63984375 0.1015625 0.0546875
3 0.4078125 0.64375 0.1015625 0.05
6 0.22265625 0.47578125 0.1046875 0.1109375
6 0.7203125 0.5859375 0.090625 0.146875
4 0.3015625 0.43828125 0.109375 0.059375
4 0.73125 0.38046875 0.1015625 0.1625