6 0.30625 0.17109375 0.0859375 0.11640625
6 0.6421875 0.22734375 0.15703125 0.20234375
1 0.72890625 0.4921875 0.109375 0.26796875
1 0.58515625 0.51875 0.07734375 0.13828125
4 0.54140625 0.6609375 0.0828125 0.11875
4 0.46484375 0.51171875 0.06171875 0.1484375
7 0.4234375 0.31015625 0.065625 0.096875
7 0.55234375 0.31015625 0.08515625 0.15
4 0.43125 0.1984375 0.05703125 0.0875
5 0.50703125 0.15390625 0.06171875 0.1234375
5 0.796875 0.30625 0.0421875 0.10390625
5 0.81484375 0.6265625 0.0578125 0.13125
5 0.63984375 0.58828125 0.05 0.11484375
5 0.51484375 0.5015625 0.05 0.11640625
3 0.4171875 0.49765625 0.05 0.1171875
3 0.45390625 0.65234375 0.08515625 0.05234375
5 0.353125 0.55703125 0.06796875 0.04296875
5 0.35859375 0.65859375 0.07890625 0.05234375
5 0.29296875 0.6109375 0.04140625 0.1265625
5 0.3640625 0.41015625 0.0421875 0.13828125
5 0.32890625 0.2890625 0.1046875 0.05234375