5 0.58828125 0.15390625 0.0984375 0.0640625
5 0.6765625 0.22890625 0.0515625 0.1296875
5 0.74453125 0.24140625 0.0484375 0.1296875
5 0.5640625 0.2484375 0.1 0.0625
5 0.31640625 0.4125 0.05 0.1125
5 0.3640625 0.4234375 0.05 0.1140625
5 0.4109375 0.4359375 0.0453125 0.109375
5 0.490625 0.43828125 0.090625 0.05
5 0.47890625 0.49765625 0.0875 0.053125
3 0.565625 0.47734375 0.046875 0.1140625
3 0.62734375 0.5328125 0.075 0.05
3 0.42578125 0.165625 0.0484375 0.125
3 0.49296875 0.17890625 0.053125 0.1328125
6 0.3734375 0.17109375 0.0765625 0.1078125
6 0.565625 0.3453125 0.078125 0.08125
6 0.671875 0.44609375 0.1140625 0.1421875
4 0.33671875 0.2765625 0.0625 0.0640625
4 0.41484375 0.29609375 0.05 0.059375
4 0.4796875 0.31796875 0.04375 0.0734375
4 0.6578125 0.35625 0.0625 0.0703125
4 0.70234375 0.3703125 0.0515625 0.06875