2 0.3984375 0.11875 0.07578125 0.07734375
6 0.26875 0.1921875 0.09609375 0.121875
6 0.75859375 0.19140625 0.1609375 0.22734375
6 0.29375 0.59921875 0.13203125 0.1890625
5 0.3078125 0.4421875 0.07265625 0.07421875
5 0.4015625 0.38203125 0.0390625 0.10546875
5 0.51640625 0.190625 0.0390625 0.11328125
5 0.64921875 0.67890625 0.090625 0.05625
5 0.61640625 0.5890625 0.03828125 0.0859375
0 0.6859375 0.528125 0.246875 0.3453125
5 0.51640625 0.49765625 0.046875 0.10859375
3 0.5453125 0.61171875 0.07734375 0.059375
3 0.54453125 0.6796875 0.08046875 0.04765625
4 0.42734375 0.615625 0.0734375 0.0546875
4 0.434375 0.72421875 0.07109375 0.10546875
4 0.43671875 0.48359375 0.078125 0.13359375
3 0.25625 0.34453125 0.04609375 0.096875
4 0.61640625 0.22421875 0.059375 0.1171875
7 0.51484375 0.3953125 0.07265625 0.11171875
7 0.153125 0.43046875 0.07734375 0.090625