3 0.38515625 0.54375 0.071875 0.1609375
3 0.46484375 0.69921875 0.1171875 0.090625
7 0.4734375 0.3046875 0.115625 0.1671875
7 0.35078125 0.346875 0.1046875 0.1421875
6 0.2140625 0.22109375 0.1609375 0.15625
6 0.571875 0.19296875 0.1890625 0.2546875
4 0.34296875 0.21953125 0.1234375 0.1453125
4 0.4359375 0.51484375 0.1125 0.1390625
4 0.55234375 0.68359375 0.109375 0.1640625
2 0.57265625 0.49453125 0.1078125 0.1546875
5 0.24609375 0.3359375 0.15625 0.0875
5 0.4125 0.15234375 0.0734375 0.165625
5 0.49765625 0.51015625 0.0640625 0.1515625
5 0.334375 0.61484375 0.1140625 0.0703125
5 0.28046875 0.67890625 0.071875 0.15
5 0.3609375 0.72109375 0.115625 0.0828125
5 0.64296875 0.5921875 0.0734375 0.15625
5 0.82265625 0.58046875 0.071875 0.1578125
5 0.74921875 0.27890625 0.084375 0.1609375
1 0.7140625 0.475 0.16875 0.31875
5 0.30546875 0.4515625 0.0765625 0.1515625