2 0.73359375 0.80859375 0.0515625 0.125
3 0.8140625 0.73203125 0.0515625 0.1046875
3 0.47265625 0.46171875 0.06875 0.046875
3 0.596875 0.45625 0.084375 0.0453125
3 0.59296875 0.34921875 0.0609375 0.053125
3 0.4671875 0.35703125 0.0671875 0.0546875
6 0.78671875 0.5140625 0.08125 0.1
6 0.27265625 0.4171875 0.090625 0.0953125
4 0.2671875 0.646875 0.09375 0.128125
4 0.71015625 0.559375 0.08125 0.0578125
1 0.5046875 0.75859375 0.215625 0.1390625
5 0.39296875 0.8484375 0.0765625 0.0453125
5 0.4796875 0.62265625 0.03125 0.0875
5 0.56171875 0.61171875 0.0375 0.1015625
5 0.71328125 0.66171875 0.084375 0.0546875
5 0.53046875 0.41328125 0.03125 0.1140625
5 0.38046875 0.41796875 0.0375 0.1234375
5 0.709375 0.4078125 0.04375 0.0875
7 0.31015625 0.7875 0.08125 0.1265625