5 0.6921875 0.88203125 0.071875 0.046875
5 0.69609375 0.78125 0.071875 0.034375
5 0.69609375 0.68359375 0.0671875 0.046875
5 0.6984375 0.58359375 0.06875 0.04375
5 0.5796875 0.6421875 0.0296875 0.0890625
5 0.57421875 0.809375 0.03125 0.090625
5 0.37265625 0.8609375 0.0703125 0.04375
5 0.3765625 0.7484375 0.0671875 0.0484375
5 0.390625 0.65859375 0.075 0.05
5 0.39921875 0.56328125 0.0671875 0.0421875
4 0.50390625 0.65 0.0640625 0.1046875
4 0.4890625 0.81484375 0.0609375 0.1140625
4 0.32265625 0.4359375 0.0484375 0.090625
4 0.23828125 0.40234375 0.0578125 0.0734375
6 0.25078125 0.6 0.1359375 0.1578125
6 0.2375 0.81953125 0.0796875 0.09375
7 0.40234375 0.4015625 0.059375 0.075
7 0.47578125 0.42109375 0.0640625 0.0765625
3 0.5859375 0.46796875 0.0359375 0.08125
3 0.63515625 0.36796875 0.0609375 0.040625
3 0.72734375 0.43203125 0.040625 0.08125