3 0.26953125 0.2734375 0.03203125 0.08515625
3 0.43828125 0.52265625 0.06015625 0.04140625
3 0.5546875 0.52421875 0.06484375 0.04921875
3 0.55546875 0.61796875 0.065625 0.034375
3 0.43984375 0.61796875 0.04921875 0.0375
6 0.73828125 0.5796875 0.065625 0.090625
4 0.75078125 0.36015625 0.0625 0.10703125
4 0.34140625 0.4140625 0.07109375 0.059375
2 0.33828125 0.21328125 0.0515625 0.08203125
5 0.34453125 0.334375 0.0671875 0.03984375
5 0.47734375 0.378125 0.03046875 0.0859375
5 0.5484375 0.38359375 0.03203125 0.0890625
5 0.5 0.57421875 0.03359375 0.08046875
5 0.63671875 0.57265625 0.03203125 0.0859375
5 0.33828125 0.5578125 0.03125 0.07734375
5 0.6359375 0.17421875 0.0671875 0.0390625
7 0.71484375 0.22578125 0.05703125 0.07890625
1 0.53828125 0.25078125 0.1921875 0.096875
6 0.2765625 0.453125 0.06328125 0.08203125