5 0.23671875 0.090625 0.13359375 0.05390625
5 0.38046875 0.1671875 0.07109375 0.13515625
5 0.39765625 0.3765625 0.05703125 0.128125
5 0.24140625 0.20859375 0.10703125 0.07109375
5 0.253125 0.3296875 0.1171875 0.04609375
5 0.25859375 0.446875 0.11015625 0.03984375
5 0.61484375 0.4453125 0.0890625 0.05625
5 0.6125 0.3296875 0.09140625 0.0609375
5 0.62734375 0.2296875 0.09140625 0.0640625
5 0.628125 0.09453125 0.11015625 0.0609375
4 0.48359375 0.16640625 0.08828125 0.1609375
4 0.47734375 0.359375 0.06953125 0.14453125
4 0.70234375 0.5875 0.0734375 0.128125
4 0.79140625 0.61796875 0.06953125 0.096875
6 0.775 0.378125 0.15546875 0.190625
6 0.78984375 0.1375 0.1125 0.13515625
7 0.6125 0.63359375 0.0671875 0.0953125
7 0.5171875 0.61015625 0.08828125 0.0890625
3 0.4 0.57109375 0.04375 0.11328125
3 0.36015625 0.68203125 0.121875 0.0640625
3 0.24453125 0.60859375 0.05546875 0.14609375