5 0.32421875 0.05390625 0.134375 0.09375
5 0.30078125 0.16875 0.14375 0.09375
5 0.290625 0.284375 0.1109375 0.0765625
5 0.26796875 0.3984375 0.109375 0.0734375
5 0.6234375 0.4640625 0.09375 0.0640625
5 0.64375 0.3515625 0.1171875 0.0890625
5 0.675 0.253125 0.1453125 0.1
5 0.69765625 0.1234375 0.1296875 0.096875
5 0.45859375 0.1453125 0.0703125 0.1546875
5 0.41875 0.34609375 0.084375 0.1625
4 0.54921875 0.16796875 0.1171875 0.1828125
4 0.5015625 0.359375 0.0890625 0.16875
4 0.68046875 0.63203125 0.0859375 0.1234375
4 0.76015625 0.66953125 0.1203125 0.140625
7 0.49375 0.61171875 0.121875 0.1265625
7 0.5875 0.6421875 0.090625 0.128125
3 0.38828125 0.53984375 0.0859375 0.1328125
3 0.325 0.64921875 0.1234375 0.0796875
3 0.22890625 0.56015625 0.075 0.15625
6 0.8 0.44921875 0.1921875 0.23125
6 0.84375 0.20234375 0.1421875 0.1609375