1 0.44375 0.25390625 0.2390625 0.1953125
2 0.6390625 0.16796875 0.128125 0.165625
7 0.2484375 0.27421875 0.09375 0.13125
3 0.7453125 0.2046875 0.0765625 0.1953125
3 0.60390625 0.521875 0.1109375 0.065625
3 0.47734375 0.54921875 0.1 0.0578125
3 0.621875 0.6203125 0.109375 0.065625
3 0.49609375 0.6484375 0.1078125 0.0671875
5 0.32265625 0.1859375 0.115625 0.065625
5 0.66640625 0.29765625 0.1171875 0.071875
5 0.7234375 0.5484375 0.065625 0.1421875
5 0.546875 0.5828125 0.065625 0.15625
5 0.4015625 0.61328125 0.0609375 0.1453125
5 0.53828125 0.38203125 0.0703125 0.15
5 0.46015625 0.39609375 0.0625 0.1515625
4 0.68828125 0.390625 0.125 0.08125
4 0.24453125 0.43046875 0.1046875 0.1703125
6 0.765625 0.41796875 0.1234375 0.125
6 0.3 0.62890625 0.1125 0.1546875