6 0.209375 0.25234375 0.0859375 0.10234375
6 0.734375 0.38359375 0.08046875 0.10703125
5 0.6765625 0.25703125 0.04375 0.1171875
5 0.3265625 0.24296875 0.03671875 0.1203125
5 0.4875 0.246875 0.02890625 0.11640625
5 0.509375 0.46171875 0.034375 0.11484375
5 0.434375 0.4546875 0.02578125 0.1
5 0.65078125 0.50625 0.0828125 0.05625
4 0.659375 0.44296875 0.065625 0.08203125
2 0.65 0.6453125 0.0390625 0.0875
5 0.3421875 0.665625 0.075 0.0546875
1 0.44375 0.59765625 0.215625 0.11171875
7 0.2625 0.62265625 0.06484375 0.07890625
3 0.42109375 0.3046875 0.07578125 0.05390625
3 0.5546875 0.30625 0.07578125 0.0390625
3 0.5578125 0.184375 0.08359375 0.0625
3 0.4140625 0.18984375 0.08515625 0.04609375
4 0.22109375 0.48671875 0.078125 0.128125
3 0.7375 0.571875 0.04375 0.08203125