5 0.184375 0.40390625 0.046875 0.125
5 0.26875 0.39140625 0.0609375 0.1203125
5 0.33984375 0.39296875 0.04375 0.115625
5 0.465625 0.41953125 0.1015625 0.0609375
5 0.46640625 0.31875 0.0953125 0.0625
5 0.7296875 0.80234375 0.04375 0.121875
5 0.8390625 0.790625 0.05625 0.140625
5 0.56640625 0.89140625 0.1015625 0.0734375
5 0.5484375 0.72109375 0.11875 0.0640625
6 0.58125 0.56953125 0.0984375 0.128125
6 0.75859375 0.44609375 0.1453125 0.1921875
6 0.215625 0.825 0.128125 0.134375
3 0.303125 0.8265625 0.0546875 0.140625
3 0.428125 0.8109375 0.0609375 0.1359375
3 0.59453125 0.3828125 0.0546875 0.128125
3 0.703125 0.30078125 0.115625 0.0703125
4 0.440625 0.59296875 0.071875 0.11875
4 0.3140625 0.621875 0.0578125 0.0734375
4 0.17734375 0.62734375 0.090625 0.0984375
4 0.72578125 0.58046875 0.090625 0.0953125
4 0.803125 0.5734375 0.0765625 0.10625