6 0.3046875 0.08125 0.1265625 0.1375
6 0.24765625 0.321875 0.1953125 0.25625
4 0.29140625 0.5421875 0.096875 0.1390625
4 0.17890625 0.54921875 0.0984375 0.1046875
4 0.5515625 0.37578125 0.103125 0.171875
4 0.5859375 0.1796875 0.1359375 0.1890625
5 0.47109375 0.08046875 0.125 0.0796875
5 0.4375 0.2 0.1140625 0.078125
5 0.428125 0.31484375 0.0921875 0.0765625
5 0.409375 0.4203125 0.1015625 0.0734375
7 0.36328125 0.60078125 0.0890625 0.140625
7 0.45078125 0.596875 0.1140625 0.103125
3 0.584375 0.58828125 0.0828125 0.1265625
3 0.60078125 0.71015625 0.1203125 0.0875
3 0.73046875 0.665625 0.078125 0.1546875
5 0.740625 0.4984375 0.1390625 0.090625
5 0.62578125 0.40859375 0.0796875 0.1484375
5 0.6828125 0.19765625 0.0765625 0.1390625
5 0.8375 0.153125 0.11875 0.0921875
5 0.809375 0.28359375 0.1171875 0.0859375
5 0.76640625 0.39765625 0.10625 0.1015625