6 0.32890625 0.78359375 0.171875 0.2203125
6 0.78125 0.3515625 0.1578125 0.2015625
6 0.3328125 0.35078125 0.0984375 0.1265625
2 0.46484375 0.28671875 0.0828125 0.10625
7 0.565625 0.5390625 0.071875 0.10625
7 0.2015625 0.56015625 0.0765625 0.121875
3 0.3078125 0.503125 0.0421875 0.1078125
3 0.62890625 0.88046875 0.0859375 0.075
3 0.625 0.7953125 0.0859375 0.06875
3 0.84765625 0.8234375 0.059375 0.096875
5 0.753125 0.878125 0.0921875 0.075
5 0.6953125 0.740625 0.053125 0.1046875
5 0.3515625 0.59765625 0.0875 0.053125
5 0.57578125 0.66015625 0.0625 0.115625
5 0.55703125 0.3578125 0.040625 0.125
5 0.44453125 0.5453125 0.05625 0.1171875
4 0.653125 0.37421875 0.0609375 0.1296875
4 0.49609375 0.63203125 0.0859375 0.146875
4 0.490625 0.76015625 0.09375 0.115625
4 0.4921875 0.8953125 0.0984375 0.09375
0 0.78125 0.5796875 0.31875 0.246875