4 0.43359375 0.17109375 0.109375 0.1578125
4 0.48828125 0.365625 0.1109375 0.184375
4 0.33046875 0.6296875 0.0984375 0.1375
4 0.253125 0.6875 0.1109375 0.13125
7 0.5140625 0.61484375 0.11875 0.125
7 0.43046875 0.6453125 0.103125 0.128125
6 0.203125 0.46171875 0.203125 0.2359375
6 0.134375 0.22421875 0.1390625 0.1640625
3 0.6140625 0.528125 0.078125 0.1140625
3 0.78125 0.55234375 0.0578125 0.1015625
3 0.69296875 0.63203125 0.1046875 0.078125
5 0.38671875 0.47265625 0.1078125 0.0703125
5 0.34921875 0.35859375 0.090625 0.078125
5 0.31953125 0.25859375 0.0921875 0.0796875
5 0.2828125 0.134375 0.0984375 0.0609375
5 0.52734375 0.15 0.0828125 0.1328125
5 0.5734375 0.35625 0.08125 0.1546875
5 0.72578125 0.384375 0.1109375 0.084375
5 0.69765625 0.28203125 0.115625 0.090625
5 0.67734375 0.15859375 0.1296875 0.09375
5 0.6546875 0.05 0.1875 0.1