2 0.44609375 0.88515625 0.09375 0.096875
7 0.51875 0.61171875 0.0953125 0.1109375
4 0.4453125 0.521875 0.090625 0.1359375
4 0.41328125 0.40234375 0.0828125 0.08125
4 0.40546875 0.29609375 0.0890625 0.1328125
4 0.6421875 0.78046875 0.096875 0.171875
6 0.278125 0.41484375 0.1609375 0.1890625
6 0.79609375 0.7671875 0.1859375 0.23125
3 0.5296875 0.3796875 0.0921875 0.0703125
3 0.521875 0.31328125 0.0921875 0.0578125
5 0.6234375 0.29453125 0.0890625 0.065625
5 0.603125 0.3828125 0.0359375 0.0453125
0 0.68125 0.4421875 0.2875 0.353125
5 0.4203125 0.62890625 0.05 0.10625
5 0.5625 0.81171875 0.075 0.1203125
5 0.309375 0.5734375 0.1 0.071875
3 0.28046875 0.69296875 0.06875 0.115625
7 0.17734375 0.61484375 0.103125 0.1125
6 0.3171875 0.83359375 0.128125 0.1484375
5 0.515625 0.503125 0.04375 0.1078125