5 0.659375 0.7609375 0.1 0.08125
5 0.66328125 0.63203125 0.0765625 0.1546875
5 0.69375 0.47265625 0.1 0.06875
5 0.77734375 0.42734375 0.0671875 0.1234375
5 0.7234375 0.3546875 0.1046875 0.071875
3 0.6171875 0.34296875 0.096875 0.06875
3 0.625 0.5109375 0.0671875 0.1234375
7 0.56640625 0.71015625 0.0765625 0.109375
7 0.44453125 0.68984375 0.1125 0.16875
4 0.52734375 0.825 0.096875 0.1171875
4 0.5671875 0.5 0.0953125 0.14375
4 0.5296875 0.30625 0.090625 0.14375
5 0.509375 0.490625 0.0828125 0.146875
2 0.4359375 0.45859375 0.1046875 0.140625
5 0.4046875 0.35625 0.059375 0.1046875
5 0.23515625 0.284375 0.0671875 0.11875
5 0.1796875 0.60703125 0.0671875 0.109375
1 0.2921875 0.44140625 0.165625 0.315625
6 0.31015625 0.746875 0.1828125 0.2140625
5 0.43359375 0.8453125 0.09375 0.14375
6 0.6609375 0.88203125 0.140625 0.15625