3 0.36015625 0.14296875 0.059375 0.04765625
3 0.43359375 0.1953125 0.03046875 0.07890625
3 0.5578125 0.45546875 0.0234375 0.08046875
3 0.6203125 0.47109375 0.03359375 0.08203125
4 0.54765625 0.3421875 0.0359375 0.07734375
4 0.6046875 0.34453125 0.0359375 0.0546875
4 0.68984375 0.3515625 0.0421875 0.07109375
4 0.37421875 0.3359375 0.03203125 0.059375
4 0.32890625 0.33203125 0.04921875 0.059375
6 0.33515625 0.24140625 0.09453125 0.121875
6 0.459375 0.328125 0.0546875 0.07890625
6 0.66875 0.453125 0.06015625 0.08203125
5 0.4734375 0.415625 0.07734375 0.04921875
5 0.48125 0.50625 0.06171875 0.04140625
5 0.3859375 0.45 0.02421875 0.07265625
5 0.3234375 0.45078125 0.03359375 0.07109375
5 0.5203125 0.146875 0.06328125 0.0546875
5 0.51875 0.21875 0.06328125 0.05078125
5 0.6 0.196875 0.02578125 0.096875
5 0.64765625 0.20546875 0.0234375 0.08359375
5 0.69375 0.1984375 0.03046875 0.08203125