4 0.55546875 0.83359375 0.115625 0.159375
4 0.50625 0.63984375 0.103125 0.1609375
4 0.68046875 0.36640625 0.0875 0.1375
4 0.7578125 0.32734375 0.0984375 0.1484375
6 0.7953125 0.553125 0.19375 0.225
6 0.85703125 0.79765625 0.115625 0.1296875
7 0.49296875 0.384375 0.1015625 0.11875
7 0.578125 0.3546875 0.09375 0.121875
3 0.3875 0.453125 0.071875 0.1171875
3 0.315625 0.35234375 0.109375 0.075
3 0.225 0.44765625 0.0640625 0.125
5 0.4578125 0.85234375 0.0640625 0.1203125
5 0.42109375 0.640625 0.05625 0.1296875
5 0.28828125 0.72421875 0.1015625 0.0734375
5 0.30703125 0.825 0.0890625 0.06875
5 0.334375 0.94296875 0.1109375 0.0828125
5 0.26875 0.6140625 0.0984375 0.071875
5 0.61953125 0.53046875 0.0875 0.0796875
5 0.64609375 0.63984375 0.1 0.084375
5 0.678125 0.7421875 0.1046875 0.08125
5 0.70390625 0.865625 0.10625 0.0734375