5 0.24453125 0.10234375 0.146875 0.0734375
5 0.2453125 0.21796875 0.14921875 0.0640625
5 0.25703125 0.340625 0.13828125 0.0515625
5 0.26328125 0.43984375 0.14765625 0.0625
5 0.38515625 0.17734375 0.05625 0.2015625
5 0.38984375 0.36484375 0.053125 0.184375
5 0.6171875 0.10234375 0.153125 0.0625
5 0.61953125 0.22421875 0.140625 0.065625
5 0.609375 0.33046875 0.1375 0.071875
5 0.61484375 0.44375 0.14609375 0.0625
3 0.2453125 0.60859375 0.04921875 0.1640625
3 0.39921875 0.5578125 0.059375 0.1484375
3 0.35078125 0.678125 0.14296875 0.0734375
7 0.51171875 0.61328125 0.109375 0.1125
7 0.60546875 0.61953125 0.090625 0.1359375
4 0.4875 0.18046875 0.0875 0.1890625
4 0.48203125 0.384375 0.08671875 0.1734375
4 0.69921875 0.590625 0.07109375 0.14609375
4 0.7828125 0.59765625 0.09453125 0.1515625
6 0.77578125 0.14609375 0.11484375 0.15
6 0.78203125 0.384375 0.16015625 0.209375