2 0.3953125 0.20625 0.02265625 0.04921875
3 0.35234375 0.24453125 0.034375 0.0546875
5 0.4015625 0.28671875 0.04375 0.03125
5 0.48828125 0.31953125 0.01875 0.0640625
5 0.534375 0.33515625 0.03125 0.059375
5 0.603125 0.1796875 0.05234375 0.025
5 0.59140625 0.4515625 0.0265625 0.07578125
5 0.503125 0.4515625 0.02265625 0.07265625
3 0.45859375 0.409375 0.05546875 0.05390625
3 0.54140625 0.41875 0.046875 0.025
3 0.54609375 0.4796875 0.04921875 0.03125
3 0.4625 0.475 0.0390625 0.0359375
5 0.3984375 0.43828125 0.03828125 0.0609375
4 0.403125 0.35 0.0421875 0.05390625
4 0.67265625 0.30625 0.0390625 0.0859375
7 0.6546875 0.22578125 0.04375 0.04609375
6 0.6578125 0.45390625 0.05 0.065625
6 0.35859375 0.36875 0.04765625 0.059375
1 0.53046875 0.23828125 0.128125 0.08046875