7 0.51015625 0.61328125 0.10703125 0.11171875
7 0.6046875 0.61953125 0.08671875 0.1296875
6 0.7734375 0.14453125 0.11875 0.1453125
6 0.778125 0.38671875 0.15234375 0.2109375
3 0.2453125 0.60625 0.04921875 0.1671875
3 0.3953125 0.5609375 0.04296875 0.1359375
3 0.35 0.68046875 0.1359375 0.06171875
4 0.48125 0.1890625 0.08828125 0.2
4 0.48046875 0.3828125 0.08203125 0.1671875
4 0.70078125 0.5921875 0.0671875 0.1390625
4 0.7875 0.60234375 0.084375 0.15703125
5 0.24765625 0.09921875 0.15234375 0.06328125
5 0.24609375 0.21796875 0.1453125 0.06953125
5 0.2546875 0.3296875 0.1375 0.0578125
5 0.26015625 0.440625 0.14375 0.059375
5 0.390625 0.36796875 0.05 0.18359375
5 0.38359375 0.17265625 0.0546875 0.21171875
5 0.61640625 0.10078125 0.14609375 0.06328125
5 0.61171875 0.22109375 0.14140625 0.06171875
5 0.61015625 0.3375 0.14140625 0.0640625
5 0.60859375 0.44140625 0.13515625 0.0640625