2 0.5578125 0.80859375 0.04375 0.05625
1 0.42734375 0.7515625 0.1546875 0.1046875
7 0.30546875 0.74609375 0.0421875 0.0625
6 0.3359375 0.51875 0.05625 0.078125
6 0.61953125 0.64921875 0.05 0.0578125
4 0.57109375 0.65703125 0.0546875 0.0453125
4 0.2984375 0.65703125 0.05625 0.0875
3 0.60703125 0.78203125 0.0375 0.06875
5 0.565625 0.72734375 0.05625 0.046875
5 0.484375 0.67890625 0.0421875 0.0703125
5 0.44296875 0.65625 0.0390625 0.0703125
5 0.35 0.80078125 0.0765625 0.04375
5 0.590625 0.5734375 0.03125 0.075
5 0.48828125 0.553125 0.034375 0.0734375
5 0.4 0.52734375 0.040625 0.084375
3 0.44609375 0.57890625 0.046875 0.034375
3 0.45390625 0.5140625 0.0515625 0.0375
3 0.521875 0.59140625 0.0484375 0.03125
3 0.528125 0.528125 0.05 0.05