6 0.74296875 0.79453125 0.103125 0.115625
6 0.24921875 0.57421875 0.0984375 0.11875
5 0.28359375 0.70859375 0.0640625 0.1234375
5 0.62578125 0.78359375 0.0578125 0.125
5 0.46796875 0.7515625 0.0484375 0.1203125
5 0.484375 0.5359375 0.053125 0.11875
5 0.55703125 0.55625 0.0421875 0.103125
5 0.35234375 0.46796875 0.090625 0.0703125
4 0.3328125 0.528125 0.078125 0.0921875
2 0.37734375 0.33046875 0.053125 0.0921875
5 0.684375 0.3640625 0.0828125 0.0671875
1 0.57265625 0.41328125 0.23125 0.146875
7 0.75546875 0.4203125 0.078125 0.0890625
3 0.54375 0.70625 0.084375 0.065625
3 0.4125 0.68125 0.08125 0.0515625
3 0.38828125 0.80078125 0.09375 0.0765625
3 0.53046875 0.8203125 0.0921875 0.0609375
4 0.77265625 0.56171875 0.0984375 0.1390625
3 0.27890625 0.38828125 0.0578125 0.0890625