2 0.334375 0.20390625 0.04375 0.0859375
3 0.26640625 0.2671875 0.03203125 0.08515625
3 0.4421875 0.521875 0.0578125 0.04296875
3 0.55390625 0.521875 0.06171875 0.04609375
3 0.55546875 0.61796875 0.05390625 0.04296875
3 0.440625 0.61640625 0.05 0.0359375
5 0.50078125 0.5671875 0.02578125 0.08046875
5 0.47890625 0.38125 0.02421875 0.0890625
5 0.546875 0.38359375 0.0265625 0.07734375
5 0.346875 0.33359375 0.065625 0.0328125
5 0.33515625 0.5546875 0.02421875 0.08359375
6 0.27734375 0.45234375 0.06171875 0.08359375
6 0.7359375 0.5765625 0.065625 0.090625
4 0.3453125 0.4109375 0.07265625 0.05390625
4 0.75078125 0.3609375 0.0625 0.11484375
1 0.53984375 0.253125 0.18671875 0.1015625
7 0.715625 0.22890625 0.0578125 0.08046875
5 0.6375 0.1765625 0.06328125 0.03984375
5 0.6375 0.5671875 0.02890625 0.0921875