6 0.759375 0.196875 0.16640625 0.23359375
6 0.29296875 0.59765625 0.1484375 0.1953125
6 0.278125 0.19296875 0.10859375 0.1296875
2 0.40546875 0.125 0.09296875 0.121875
4 0.60625 0.20078125 0.08515625 0.1546875
4 0.4390625 0.4921875 0.07734375 0.15
4 0.434375 0.61796875 0.07578125 0.090625
4 0.43515625 0.725 0.07109375 0.11328125
3 0.546875 0.61328125 0.0890625 0.07421875
3 0.54765625 0.68203125 0.08671875 0.04609375
5 0.64765625 0.690625 0.08046875 0.05625
5 0.6078125 0.5921875 0.03671875 0.07109375
0 0.68671875 0.53984375 0.26328125 0.32421875
5 0.5171875 0.496875 0.04375 0.11875
7 0.5140625 0.37421875 0.0859375 0.11171875
5 0.40625 0.38515625 0.0421875 0.11328125
5 0.5125 0.18203125 0.0421875 0.1234375
5 0.30546875 0.43984375 0.1015625 0.0578125
3 0.25234375 0.3359375 0.04921875 0.11015625
7 0.15625 0.42734375 0.08671875 0.11015625