3 0.7328125 0.190625 0.053125 0.109375
3 0.61171875 0.19765625 0.059375 0.1125
3 0.38984375 0.60859375 0.059375 0.1375
3 0.28359375 0.67734375 0.1046875 0.053125
6 0.23203125 0.52265625 0.1359375 0.175
6 0.4234375 0.42890625 0.1015625 0.128125
4 0.29140625 0.39296875 0.115625 0.0953125
4 0.20703125 0.38984375 0.0609375 0.103125
4 0.57734375 0.4046875 0.053125 0.0921875
4 0.6921875 0.3984375 0.059375 0.06875
4 0.83203125 0.41015625 0.0796875 0.1046875
6 0.81640625 0.2125 0.1078125 0.1125
5 0.4765625 0.25859375 0.1125 0.0640625
5 0.4890625 0.096875 0.13125 0.0859375
5 0.309375 0.19375 0.04375 0.15625
5 0.2015625 0.17421875 0.04375 0.1359375
5 0.525 0.584375 0.075 0.059375
5 0.5140625 0.68515625 0.09375 0.065625
5 0.6484375 0.6125 0.053125 0.10625
5 0.728125 0.6171875 0.053125 0.1078125
5 0.80859375 0.62421875 0.0671875 0.1234375