6 0.33203125 0.2390625 0.08828125 0.11484375
6 0.4578125 0.32265625 0.0578125 0.06875
6 0.67265625 0.45546875 0.05 0.07109375
4 0.55 0.340625 0.0390625 0.07109375
4 0.61015625 0.3484375 0.03671875 0.07109375
4 0.69140625 0.3515625 0.04765625 0.0671875
4 0.37421875 0.340625 0.0421875 0.059375
4 0.32734375 0.3390625 0.04921875 0.07421875
3 0.434375 0.19609375 0.03828125 0.11015625
3 0.36015625 0.1484375 0.059375 0.04609375
3 0.56171875 0.45625 0.0265625 0.08515625
3 0.61640625 0.4609375 0.03203125 0.0890625
5 0.47265625 0.41171875 0.075 0.04921875
5 0.48515625 0.50078125 0.08515625 0.04609375
5 0.38359375 0.44609375 0.03046875 0.0984375
5 0.31875 0.45234375 0.03203125 0.0921875
5 0.51484375 0.21796875 0.06796875 0.04609375
5 0.51796875 0.146875 0.0828125 0.0546875
5 0.5984375 0.203125 0.046875 0.090625
5 0.646875 0.20703125 0.03203125 0.11875
5 0.69609375 0.20546875 0.03828125 0.11015625