3 0.39765625 0.5640625 0.06171875 0.13671875
3 0.35546875 0.68046875 0.12421875 0.04609375
3 0.23984375 0.61328125 0.0578125 0.13671875
7 0.50625 0.60703125 0.09921875 0.0984375
7 0.6078125 0.62890625 0.08359375 0.10546875
4 0.70078125 0.59453125 0.09140625 0.1171875
4 0.796875 0.62265625 0.06015625 0.11484375
4 0.4765625 0.36171875 0.07578125 0.1578125
4 0.484375 0.1640625 0.08046875 0.1484375
6 0.78046875 0.13359375 0.10234375 0.13125
6 0.7828125 0.38984375 0.15078125 0.2203125
5 0.24296875 0.09765625 0.13984375 0.0609375
5 0.24296875 0.2171875 0.10703125 0.06875
5 0.25625 0.33046875 0.10859375 0.05078125
5 0.25703125 0.440625 0.1203125 0.05625
5 0.39140625 0.36640625 0.03828125 0.17578125
5 0.38203125 0.15703125 0.05390625 0.17421875
5 0.61640625 0.08984375 0.14375 0.08515625
5 0.621875 0.22265625 0.12421875 0.0578125
5 0.61484375 0.34140625 0.12734375 0.0609375
5 0.61328125 0.4453125 0.09296875 0.0546875