6 0.57109375 0.2203125 0.1328125 0.1578125
6 0.27890625 0.20390625 0.071875 0.090625
2 0.54140625 0.4890625 0.0515625 0.059375
7 0.3765625 0.3171875 0.04375 0.0796875
7 0.478125 0.28046875 0.0484375 0.0734375
4 0.3828125 0.21875 0.0703125 0.0890625
4 0.50625 0.6140625 0.05625 0.090625
4 0.440625 0.50625 0.0421875 0.08125
1 0.6625 0.45625 0.096875 0.2328125
5 0.75078125 0.56484375 0.0328125 0.0734375
5 0.7140625 0.30234375 0.034375 0.084375
5 0.4828125 0.4765625 0.0359375 0.078125
5 0.3390625 0.3953125 0.0375 0.078125
5 0.30703125 0.29765625 0.06875 0.040625
5 0.2953125 0.57421875 0.0328125 0.0765625
5 0.35078125 0.609375 0.065625 0.0484375
5 0.3421875 0.52265625 0.059375 0.0328125
3 0.434375 0.603125 0.053125 0.0328125
3 0.39296875 0.47265625 0.028125 0.0640625
5 0.59375 0.54453125 0.0375 0.0703125
5 0.45234375 0.17109375 0.0328125 0.08125