2 0.403125 0.121875 0.0859375 0.0921875
6 0.271875 0.1859375 0.090625 0.11015625
6 0.75703125 0.196875 0.159375 0.22734375
6 0.2921875 0.60546875 0.15390625 0.19375
0 0.68828125 0.52421875 0.2609375 0.35234375
3 0.54375 0.609375 0.0734375 0.0640625
5 0.65078125 0.67890625 0.08671875 0.065625
5 0.6140625 0.5890625 0.02890625 0.05390625
3 0.54921875 0.6796875 0.0734375 0.04140625
4 0.4328125 0.72578125 0.0734375 0.1
4 0.4296875 0.61953125 0.0734375 0.0578125
4 0.4421875 0.47734375 0.0703125 0.11640625
7 0.51484375 0.3828125 0.06953125 0.1234375
7 0.15546875 0.43046875 0.07265625 0.09375
5 0.3015625 0.4453125 0.0859375 0.05234375
5 0.40390625 0.3859375 0.03359375 0.10546875
5 0.5203125 0.1953125 0.0515625 0.128125
3 0.2546875 0.3421875 0.065625 0.121875
4 0.61328125 0.21171875 0.07734375 0.14453125
5 0.51328125 0.50078125 0.03828125 0.11171875