6 0.70859375 0.16015625 0.2015625 0.25625
6 0.3109375 0.62890625 0.1765625 0.215625
6 0.2328125 0.23125 0.128125 0.1453125
2 0.34765625 0.14453125 0.1109375 0.134375
4 0.5578125 0.1875 0.1078125 0.165625
4 0.43828125 0.5015625 0.1 0.1609375
4 0.45390625 0.6265625 0.0890625 0.1015625
4 0.47109375 0.73203125 0.0875 0.1234375
3 0.5640625 0.6046875 0.1 0.0875
3 0.57578125 0.67265625 0.0921875 0.059375
5 0.67578125 0.66484375 0.0875 0.06875
5 0.62109375 0.57421875 0.046875 0.0765625
0 0.690625 0.51015625 0.3109375 0.3609375
5 0.51640625 0.49453125 0.0625 0.1234375
7 0.49453125 0.3734375 0.103125 0.1234375
5 0.3890625 0.4015625 0.059375 0.11875
5 0.4625 0.184375 0.0609375 0.128125
5 0.2984375 0.47109375 0.109375 0.0734375
3 0.2296875 0.3765625 0.065625 0.1171875
7 0.14921875 0.48203125 0.103125 0.121875