2 0.37890625 0.8109375 0.0625 0.0875
1 0.5734375 0.7375 0.2015625 0.1203125
5 0.68359375 0.80390625 0.0703125 0.0546875
5 0.56171875 0.60859375 0.0375 0.0796875
5 0.49375 0.62890625 0.0390625 0.08125
5 0.625 0.409375 0.0421875 0.0890625
5 0.4890625 0.428125 0.0453125 0.084375
5 0.33125 0.4625 0.0359375 0.0734375
5 0.3703125 0.6875 0.0640625 0.046875
3 0.303125 0.7609375 0.0515625 0.0921875
3 0.4359375 0.4859375 0.0625 0.0515625
3 0.54921875 0.47109375 0.0703125 0.0515625
3 0.5421875 0.37109375 0.0671875 0.05
3 0.42109375 0.396875 0.0640625 0.04375
6 0.28515625 0.575 0.0765625 0.0890625
4 0.3546875 0.6109375 0.0765625 0.059375
4 0.765625 0.60078125 0.0796875 0.11875
6 0.72265625 0.39140625 0.084375 0.1
7 0.75078125 0.740625 0.0734375 0.08125