3 0.60859375 0.446875 0.075 0.1421875
3 0.6625 0.3359375 0.128125 0.059375
3 0.7703125 0.41484375 0.071875 0.1421875
7 0.5046875 0.39296875 0.109375 0.1078125
7 0.40625 0.36015625 0.09375 0.1140625
4 0.31015625 0.38515625 0.103125 0.1265625
4 0.2171875 0.346875 0.071875 0.1203125
4 0.50859375 0.63984375 0.0921875 0.165625
4 0.48046875 0.8359375 0.0953125 0.15625
6 0.1828125 0.83515625 0.115625 0.140625
6 0.20703125 0.5796875 0.1734375 0.234375
5 0.71328125 0.92734375 0.1453125 0.075
5 0.72578125 0.8078125 0.1140625 0.0796875
5 0.725 0.69375 0.1140625 0.0625
5 0.73515625 0.584375 0.125 0.06875
5 0.59375 0.64453125 0.05625 0.178125
5 0.58125 0.853125 0.071875 0.178125
5 0.34140625 0.89609375 0.1515625 0.1
5 0.35 0.76328125 0.1296875 0.0703125
5 0.36953125 0.64609375 0.1328125 0.0734375
5 0.38125 0.5421875 0.0984375 0.0640625