4 0.61484375 0.19375 0.09375 0.1203125
4 0.47109375 0.6953125 0.075 0.1390625
4 0.5640625 0.51015625 0.0703125 0.1171875
6 0.38125 0.209375 0.1640625 0.2046875
1 0.2828125 0.4984375 0.1171875 0.3046875
5 0.19140625 0.6390625 0.0484375 0.1109375
5 0.21796875 0.309375 0.0453125 0.125
5 0.50625 0.51953125 0.0453125 0.1234375
2 0.43671875 0.50625 0.071875 0.1296875
5 0.371875 0.6125 0.0375 0.1140625
5 0.6859375 0.58203125 0.0875 0.046875
5 0.7484375 0.6359375 0.0375 0.103125
5 0.68203125 0.68984375 0.084375 0.0578125
3 0.571875 0.68125 0.103125 0.0453125
3 0.6203125 0.5265625 0.040625 0.1203125
5 0.67578125 0.4203125 0.0453125 0.1171875
5 0.721875 0.28671875 0.1078125 0.053125
6 0.74921875 0.16875 0.0984375 0.1234375
5 0.528125 0.1375 0.0625 0.1265625
7 0.6234375 0.3171875 0.075 0.1
7 0.496875 0.2953125 0.075 0.140625