2 0.4 0.209375 0.03671875 0.0640625
1 0.53359375 0.23828125 0.14296875 0.08359375
5 0.60390625 0.178125 0.0515625 0.0375
5 0.54375 0.3265625 0.0359375 0.0609375
5 0.4953125 0.31640625 0.02109375 0.07578125
5 0.59453125 0.453125 0.03125 0.0703125
5 0.5046875 0.45 0.01640625 0.0609375
5 0.3953125 0.44296875 0.02421875 0.0703125
4 0.4015625 0.3484375 0.0421875 0.04140625
4 0.6734375 0.315625 0.03671875 0.0921875
7 0.653125 0.2265625 0.04375 0.065625
5 0.4 0.290625 0.04609375 0.04296875
5 0.35078125 0.24453125 0.03203125 0.05234375
6 0.36015625 0.371875 0.04140625 0.0625
6 0.65703125 0.45625 0.046875 0.0640625
3 0.46484375 0.4140625 0.034375 0.0390625
3 0.53984375 0.4140625 0.0421875 0.03125
3 0.54375 0.4875 0.04453125 0.04296875
3 0.465625 0.47265625 0.03984375 0.03984375