2 0.3453125 0.353125 0.0609375 0.090625
1 0.553125 0.39921875 0.1984375 0.0953125
7 0.73359375 0.38984375 0.05625 0.0796875
4 0.775 0.51953125 0.0859375 0.1234375
4 0.34453125 0.55 0.09375 0.0859375
6 0.26328125 0.6234375 0.075 0.1125
6 0.7890625 0.7578125 0.0875 0.1125
5 0.6578125 0.3453125 0.078125 0.0515625
5 0.5671875 0.55 0.053125 0.10625
5 0.48515625 0.5375 0.0390625 0.0953125
5 0.34921875 0.49140625 0.0875 0.0484375
3 0.2640625 0.425 0.040625 0.1171875
3 0.44140625 0.69140625 0.0734375 0.0453125
3 0.57421875 0.6984375 0.0859375 0.046875
3 0.58203125 0.81484375 0.078125 0.05625
3 0.4484375 0.8109375 0.075 0.053125
5 0.50703125 0.7484375 0.0328125 0.1140625
5 0.66796875 0.759375 0.0375 0.1109375
5 0.31953125 0.74375 0.0390625 0.11875