6 0.19453125 0.7234375 0.1140625 0.1375
6 0.72265625 0.63671875 0.1 0.1109375
1 0.4546875 0.396875 0.2078125 0.1296875
7 0.2765625 0.36953125 0.0671875 0.09375
4 0.21953125 0.490625 0.0921875 0.125
4 0.65234375 0.56328125 0.0890625 0.0734375
2 0.6640625 0.36875 0.0640625 0.0890625
3 0.75078125 0.43828125 0.05625 0.0875
3 0.40078125 0.69453125 0.065625 0.059375
3 0.38671875 0.79921875 0.0796875 0.0578125
3 0.534375 0.81875 0.0859375 0.0703125
3 0.54296875 0.69140625 0.0875 0.059375
5 0.35546875 0.3265625 0.065625 0.0515625
5 0.4375 0.53515625 0.0515625 0.109375
5 0.5140625 0.528125 0.0484375 0.125
5 0.46953125 0.7421875 0.0421875 0.1234375
5 0.3078125 0.7359375 0.0640625 0.1234375
5 0.6578125 0.76796875 0.0765625 0.1453125
5 0.64765625 0.50546875 0.10625 0.065625