4 0.3671875 0.7984375 0.1 0.140625
4 0.5359375 0.309375 0.084375 0.15
1 0.7171875 0.5140625 0.121875 0.2984375
5 0.77421875 0.7046875 0.0484375 0.1171875
5 0.8171875 0.3828125 0.0546875 0.125
5 0.63671875 0.403125 0.046875 0.115625
2 0.56875 0.4890625 0.075 0.1203125
5 0.4921875 0.48828125 0.0578125 0.1390625
4 0.4375 0.478125 0.0796875 0.125
3 0.38359375 0.46953125 0.0546875 0.1296875
3 0.43828125 0.31796875 0.0984375 0.059375
7 0.37109375 0.66875 0.0640625 0.1
7 0.49921875 0.7 0.09375 0.1703125
5 0.44609375 0.8625 0.0609375 0.1234375
6 0.22578125 0.81796875 0.1015625 0.1328125
5 0.2703125 0.69140625 0.1015625 0.0640625
5 0.31640625 0.57578125 0.0765625 0.1140625
5 0.31875 0.41328125 0.0828125 0.0609375
5 0.3359375 0.30234375 0.090625 0.0640625
5 0.2609375 0.35625 0.05 0.1234375
6 0.6015625 0.79921875 0.1546875 0.209375