3 0.434375 0.20078125 0.03125 0.0859375
3 0.3578125 0.1390625 0.06796875 0.04609375
3 0.559375 0.45859375 0.01875 0.0984375
3 0.6203125 0.4578125 0.0265625 0.096875
6 0.671875 0.4546875 0.0515625 0.08515625
6 0.33359375 0.23828125 0.08515625 0.11015625
6 0.45234375 0.32421875 0.0734375 0.08046875
4 0.55 0.346875 0.03046875 0.059375
4 0.6140625 0.3390625 0.0359375 0.065625
4 0.69140625 0.35 0.0546875 0.06875
4 0.371875 0.33671875 0.04609375 0.0546875
4 0.32734375 0.3359375 0.0359375 0.07890625
5 0.31640625 0.4546875 0.03203125 0.090625
5 0.3875 0.4515625 0.04453125 0.0875
5 0.48046875 0.415625 0.05234375 0.04609375
5 0.48125 0.5046875 0.06328125 0.04140625
5 0.51484375 0.22109375 0.078125 0.03984375
5 0.51640625 0.14921875 0.0734375 0.034375
5 0.60078125 0.20625 0.03828125 0.08203125
5 0.64765625 0.19921875 0.0265625 0.1015625
5 0.69453125 0.19921875 0.02421875 0.11875