3 0.5328125 0.80078125 0.0703125 0.04375
3 0.4453125 0.79609375 0.0703125 0.040625
3 0.53359375 0.73046875 0.071875 0.0359375
3 0.44921875 0.72421875 0.0671875 0.040625
3 0.340625 0.54609375 0.0265625 0.10625
5 0.5890625 0.76640625 0.028125 0.103125
5 0.3703125 0.75546875 0.028125 0.1
5 0.48984375 0.7640625 0.025 0.1046875
5 0.52734375 0.63203125 0.025 0.0890625
5 0.47890625 0.628125 0.028125 0.0921875
5 0.5890625 0.5015625 0.0703125 0.0328125
5 0.396875 0.59140625 0.071875 0.0328125
6 0.65859375 0.77578125 0.065625 0.10625
4 0.66015625 0.63359375 0.0578125 0.1140625
4 0.39453125 0.6390625 0.0625 0.059375
6 0.3375 0.66953125 0.06875 0.0765625
7 0.64375 0.54140625 0.0484375 0.0734375
2 0.40390625 0.51875 0.059375 0.090625
1 0.52421875 0.54921875 0.134375 0.0859375