5 0.43125 0.859375 0.0734375 0.13125
5 0.1765625 0.61328125 0.0671875 0.125
5 0.2328125 0.2953125 0.06875 0.1359375
5 0.403125 0.3609375 0.0640625 0.103125
2 0.43828125 0.45859375 0.09375 0.090625
2 0.5046875 0.47734375 0.0671875 0.11875
4 0.56640625 0.48671875 0.0765625 0.1140625
4 0.52265625 0.31171875 0.1 0.1375
3 0.609375 0.3515625 0.1078125 0.0765625
5 0.69921875 0.46875 0.0828125 0.0640625
5 0.715625 0.36484375 0.0984375 0.0734375
5 0.77578125 0.43515625 0.0796875 0.125
5 0.65234375 0.6234375 0.0640625 0.1421875
5 0.659375 0.7609375 0.1046875 0.0796875
4 0.5265625 0.83203125 0.1171875 0.1484375
6 0.653125 0.87421875 0.1234375 0.146875
6 0.31015625 0.753125 0.1984375 0.2265625
7 0.4390625 0.69921875 0.1109375 0.128125
7 0.56953125 0.70546875 0.084375 0.1125
3 0.61796875 0.51171875 0.071875 0.11875
1 0.2953125 0.44375 0.1765625 0.3078125