4 0.64375 0.58515625 0.096875 0.1
4 0.21953125 0.47109375 0.0921875 0.140625
2 0.678125 0.38671875 0.059375 0.1171875
7 0.290625 0.3453125 0.0765625 0.1125
6 0.1640625 0.69765625 0.1390625 0.140625
6 0.715625 0.65625 0.1125 0.13125
1 0.46796875 0.39453125 0.2171875 0.1359375
5 0.375 0.31640625 0.09375 0.06875
5 0.42734375 0.53359375 0.071875 0.1390625
5 0.5 0.540625 0.053125 0.1171875
5 0.65546875 0.51484375 0.084375 0.059375
3 0.74375 0.47109375 0.0578125 0.1234375
3 0.525 0.70390625 0.0859375 0.078125
3 0.503125 0.81484375 0.08125 0.065625
3 0.3671875 0.7875 0.084375 0.0640625
3 0.3921875 0.6796875 0.078125 0.0625
5 0.4484375 0.74375 0.0484375 0.115625
5 0.28828125 0.7203125 0.0625 0.1
5 0.62578125 0.77734375 0.1 0.1171875