6 0.6578125 0.7796875 0.0484375 0.0765625
6 0.334375 0.6734375 0.0546875 0.0703125
2 0.3953125 0.5046875 0.040625 0.0671875
5 0.38828125 0.58984375 0.053125 0.046875
3 0.33984375 0.546875 0.034375 0.0703125
3 0.4453125 0.725 0.0515625 0.05
3 0.4375 0.803125 0.04375 0.0390625
3 0.53125 0.80859375 0.0609375 0.0421875
3 0.528125 0.7296875 0.053125 0.053125
5 0.484375 0.76171875 0.0328125 0.0703125
5 0.5875 0.775 0.0328125 0.065625
5 0.47734375 0.61875 0.034375 0.0828125
5 0.52890625 0.6328125 0.0265625 0.065625
1 0.51875 0.5453125 0.140625 0.0796875
5 0.5984375 0.509375 0.040625 0.0421875
7 0.640625 0.5421875 0.053125 0.0796875
4 0.6578125 0.628125 0.05 0.078125
4 0.3875 0.63515625 0.0515625 0.05625
5 0.36328125 0.7609375 0.0359375 0.0765625