6 0.71484375 0.27109375 0.109375 0.1265625
6 0.5796875 0.33203125 0.0671875 0.0796875
6 0.3421875 0.428125 0.065625 0.0796875
4 0.41640625 0.33359375 0.046875 0.0703125
4 0.34140625 0.3140625 0.05625 0.0609375
4 0.478125 0.328125 0.046875 0.0546875
4 0.653125 0.36953125 0.040625 0.0546875
4 0.7 0.3640625 0.040625 0.071875
3 0.6203125 0.2125 0.040625 0.071875
3 0.69921875 0.17578125 0.0515625 0.0390625
5 0.5453125 0.153125 0.05625 0.0484375
5 0.534375 0.225 0.06875 0.0609375
5 0.45625 0.19375 0.05 0.090625
5 0.403125 0.18984375 0.0484375 0.096875
5 0.3640625 0.17890625 0.0484375 0.096875
5 0.5359375 0.4296875 0.0703125 0.0453125
5 0.5234375 0.50625 0.0796875 0.0609375
5 0.62421875 0.4703125 0.0453125 0.0828125
5 0.6875 0.48671875 0.0359375 0.078125
3 0.45 0.45 0.0484375 0.090625
3 0.3875 0.43984375 0.053125 0.09375