4 0.740625 0.43515625 0.0640625 0.0765625
4 0.6375 0.415625 0.0453125 0.053125
4 0.55234375 0.40390625 0.0375 0.06875
4 0.328125 0.36953125 0.059375 0.0703125
4 0.27265625 0.3578125 0.040625 0.0703125
5 0.246875 0.503125 0.040625 0.084375
5 0.3265625 0.5125 0.0375 0.08125
5 0.45625 0.48125 0.071875 0.0390625
5 0.43671875 0.5875 0.0703125 0.040625
5 0.54921875 0.15234375 0.0734375 0.0390625
5 0.540625 0.240625 0.0640625 0.0421875
5 0.64296875 0.2296875 0.03125 0.0828125
5 0.70703125 0.240625 0.034375 0.08125
5 0.7671875 0.25078125 0.0328125 0.0734375
3 0.34765625 0.121875 0.0609375 0.0421875
3 0.43359375 0.19765625 0.0375 0.0796875
3 0.5484375 0.54765625 0.0359375 0.071875
3 0.6265625 0.56640625 0.040625 0.0703125
6 0.69140625 0.5640625 0.0671875 0.0875
6 0.30078125 0.2453125 0.128125 0.15625
6 0.4421875 0.36953125 0.0640625 0.0796875