3 0.26796875 0.26875 0.034375 0.0765625
5 0.35546875 0.334375 0.07890625 0.040625
3 0.43984375 0.51953125 0.06796875 0.04140625
3 0.55546875 0.521875 0.06484375 0.04453125
3 0.55625 0.61796875 0.06015625 0.046875
3 0.43828125 0.61484375 0.059375 0.04609375
5 0.64140625 0.178125 0.07890625 0.04453125
5 0.47734375 0.37890625 0.02890625 0.0890625
5 0.54765625 0.3859375 0.03046875 0.09140625
5 0.33359375 0.5625 0.02890625 0.10546875
5 0.49765625 0.571875 0.03203125 0.09296875
5 0.634375 0.5734375 0.03359375 0.09453125
6 0.28046875 0.45234375 0.06171875 0.084375
6 0.7359375 0.578125 0.07109375 0.09375
7 0.71484375 0.2296875 0.05390625 0.08984375
4 0.34375 0.41171875 0.0765625 0.046875
4 0.74921875 0.36015625 0.06796875 0.1046875
1 0.5390625 0.2578125 0.18515625 0.11953125
2 0.3421875 0.20859375 0.059375 0.08671875