4 0.48515625 0.16171875 0.08671875 0.14453125
4 0.47734375 0.36171875 0.0734375 0.1484375
4 0.70390625 0.59296875 0.06328125 0.1265625
4 0.78828125 0.61484375 0.07109375 0.13671875
6 0.778125 0.38671875 0.15703125 0.19609375
6 0.7875 0.134375 0.09453125 0.11171875
7 0.5171875 0.61484375 0.08125 0.10390625
7 0.60625 0.62578125 0.0734375 0.10859375
3 0.4 0.56953125 0.05 0.10859375
3 0.35 0.6828125 0.09921875 0.05625
3 0.2421875 0.60859375 0.03984375 0.11875
5 0.38515625 0.1640625 0.0421875 0.11328125
5 0.39375 0.37890625 0.03046875 0.1265625
5 0.24609375 0.325 0.09296875 0.0546875
5 0.24375 0.221875 0.07890625 0.05390625
5 0.24609375 0.10078125 0.09921875 0.0640625
5 0.25 0.43671875 0.0890625 0.0546875
5 0.6109375 0.4453125 0.075 0.065625
5 0.6140625 0.3328125 0.08828125 0.0671875
5 0.6234375 0.22578125 0.09296875 0.0640625
5 0.6234375 0.1 0.096875 0.05390625