2 0.72734375 0.81953125 0.0546875 0.1328125
3 0.803125 0.73984375 0.05 0.1015625
5 0.70625 0.6703125 0.0875 0.0609375
5 0.55625 0.6140625 0.046875 0.115625
5 0.48359375 0.61484375 0.040625 0.103125
5 0.38203125 0.853125 0.084375 0.053125
5 0.3828125 0.4078125 0.03125 0.0984375
5 0.5328125 0.41171875 0.03125 0.0875
5 0.7140625 0.4125 0.03125 0.0859375
6 0.7859375 0.52578125 0.0859375 0.1125
6 0.27421875 0.40625 0.0703125 0.109375
7 0.29609375 0.784375 0.059375 0.0984375
4 0.71015625 0.57734375 0.0859375 0.078125
4 0.2625 0.6390625 0.0671875 0.1265625
1 0.4953125 0.75546875 0.21875 0.14375
3 0.5984375 0.46328125 0.0703125 0.05
3 0.46953125 0.46640625 0.06875 0.04375
3 0.46328125 0.35390625 0.065625 0.053125
3 0.59140625 0.35859375 0.065625 0.04375