4 0.48671875 0.1578125 0.08515625 0.14609375
4 0.4828125 0.371875 0.065625 0.1515625
4 0.69453125 0.58828125 0.08828125 0.1203125
4 0.7890625 0.6171875 0.06953125 0.11328125
7 0.60703125 0.62265625 0.07578125 0.096875
7 0.5171875 0.5984375 0.09296875 0.10703125
3 0.396875 0.5703125 0.059375 0.1265625
3 0.346875 0.67421875 0.1328125 0.06875
3 0.24453125 0.59921875 0.05546875 0.1234375
6 0.78203125 0.39921875 0.14609375 0.1828125
6 0.78046875 0.13359375 0.1015625 0.10390625
5 0.60703125 0.44140625 0.0828125 0.07265625
5 0.6140625 0.33125 0.1203125 0.07265625
5 0.61640625 0.22109375 0.125 0.0609375
5 0.61328125 0.09375 0.1375 0.059375
5 0.24296875 0.103125 0.12421875 0.0703125
5 0.37578125 0.16015625 0.06328125 0.14140625
5 0.4015625 0.36796875 0.05234375 0.13515625
5 0.2515625 0.33046875 0.1171875 0.0625
5 0.25 0.43828125 0.1203125 0.08515625
5 0.25 0.2109375 0.13359375 0.07734375