2 0.36015625 0.13671875 0.0921875 0.0953125
7 0.49296875 0.38671875 0.09375 0.109375
4 0.44140625 0.49140625 0.0890625 0.1359375
4 0.4375 0.61484375 0.0828125 0.0796875
4 0.45390625 0.7203125 0.0875 0.1328125
4 0.57578125 0.19453125 0.0953125 0.171875
6 0.30234375 0.6328125 0.1578125 0.1859375
6 0.728125 0.17265625 0.1828125 0.228125
3 0.55546875 0.61015625 0.0921875 0.0703125
3 0.56328125 0.67734375 0.090625 0.05625
5 0.66640625 0.67265625 0.0875 0.0640625
5 0.6265625 0.59140625 0.0359375 0.04375
0 0.6890625 0.515625 0.28125 0.35
5 0.39375 0.3921875 0.0484375 0.10625
5 0.490625 0.18203125 0.0734375 0.11875
5 0.29765625 0.47109375 0.0984375 0.0703125
3 0.24296875 0.3609375 0.0671875 0.115625
7 0.159375 0.46015625 0.1015625 0.1109375
6 0.246875 0.21640625 0.125 0.1453125
5 0.5140625 0.49375 0.0421875 0.10625