1 0.5359375 0.25234375 0.1921875 0.10234375
6 0.73515625 0.58203125 0.07265625 0.0921875
4 0.753125 0.3609375 0.06171875 0.10859375
4 0.34140625 0.40859375 0.0734375 0.0546875
7 0.7171875 0.23046875 0.0546875 0.08046875
5 0.6375 0.17578125 0.0734375 0.0390625
2 0.340625 0.209375 0.06171875 0.07890625
3 0.26640625 0.26328125 0.03671875 0.0921875
5 0.34140625 0.33125 0.0734375 0.03984375
5 0.47578125 0.37265625 0.03046875 0.07890625
5 0.5484375 0.3890625 0.0234375 0.08203125
5 0.6359375 0.56875 0.02890625 0.07734375
5 0.49921875 0.565625 0.028125 0.08359375
5 0.33671875 0.5625 0.03203125 0.07734375
6 0.278125 0.45078125 0.07109375 0.0953125
3 0.440625 0.51875 0.0578125 0.04921875
3 0.5515625 0.5171875 0.065625 0.0375
3 0.55625 0.6171875 0.0546875 0.04296875
3 0.43828125 0.6140625 0.0515625 0.03125