6 0.39921875 0.859375 0.11875 0.1375
6 0.7203125 0.73203125 0.19375 0.228125
1 0.7265625 0.4515625 0.1609375 0.3046875
5 0.84375 0.5921875 0.078125 0.1265625
5 0.77734375 0.3046875 0.059375 0.1109375
5 0.6140625 0.3703125 0.08125 0.125
5 0.5734375 0.45625 0.0890625 0.1796875
4 0.49921875 0.32109375 0.0890625 0.1265625
4 0.4671875 0.49609375 0.09375 0.1484375
4 0.51015625 0.809375 0.1015625 0.125
7 0.47109375 0.69140625 0.084375 0.121875
7 0.58671875 0.67578125 0.1109375 0.1515625
7 0.41171875 0.515625 0.0625 0.1109375
7 0.4203125 0.36171875 0.0921875 0.06875
5 0.6046875 0.8234375 0.075 0.1109375
5 0.38984375 0.75078125 0.1078125 0.0765625
5 0.396875 0.63125 0.0765625 0.1265625
5 0.34296875 0.47578125 0.084375 0.0703125
5 0.3203125 0.384375 0.0890625 0.0734375
5 0.271875 0.4546875 0.0640625 0.1203125
5 0.52109375 0.49296875 0.075 0.125