3 0.359375 0.525 0.04375 0.078125
3 0.4390625 0.53515625 0.0359375 0.0671875
3 0.65546875 0.23046875 0.0453125 0.0765625
3 0.76171875 0.1828125 0.0734375 0.05
5 0.74140625 0.58671875 0.0421875 0.0828125
5 0.659375 0.5671875 0.0328125 0.078125
5 0.54375 0.4984375 0.0609375 0.04375
5 0.5296875 0.603125 0.0671875 0.0359375
5 0.32109375 0.178125 0.034375 0.08125
5 0.3828125 0.19296875 0.0375 0.0796875
5 0.4453125 0.1984375 0.034375 0.078125
5 0.56328125 0.15703125 0.0703125 0.04375
5 0.5453125 0.24296875 0.0640625 0.0421875
6 0.775 0.3171875 0.121875 0.1546875
6 0.5953125 0.39453125 0.0625 0.08125
6 0.2921875 0.50859375 0.0671875 0.08125
4 0.290625 0.3625 0.0640625 0.0796875
4 0.3953125 0.37578125 0.0484375 0.0625
4 0.48125 0.38984375 0.0390625 0.0734375
4 0.7046875 0.42890625 0.059375 0.071875
4 0.7609375 0.43359375 0.0390625 0.06875