2 0.528125 0.71171875 0.08515625 0.10546875
6 0.66171875 0.66953125 0.08515625 0.125
3 0.69453125 0.50625 0.04609375 0.11640625
5 0.65234375 0.40546875 0.096875 0.05234375
5 0.55234375 0.4609375 0.03828125 0.1
5 0.42421875 0.64296875 0.0625 0.128125
4 0.33671875 0.6328125 0.0515625 0.128125
4 0.515625 0.37421875 0.07578125 0.14140625
4 0.52109375 0.23515625 0.08046875 0.0984375
4 0.53046875 0.0984375 0.1140625 0.1015625
0 0.221875 0.41171875 0.3078125 0.215625
7 0.42734375 0.4546875 0.078125 0.09375
7 0.79765625 0.446875 0.08671875 0.096875
6 0.67890625 0.2265625 0.14609375 0.2171875
3 0.175 0.165625 0.0671875 0.1171875
3 0.3953125 0.1171875 0.09921875 0.07109375
3 0.396875 0.20546875 0.11953125 0.06875
5 0.43046875 0.3359375 0.05546875 0.11640625
5 0.3171875 0.25234375 0.0359375 0.11171875
5 0.278125 0.10546875 0.1015625 0.05078125
6 0.21171875 0.6328125 0.15703125 0.19375