6 0.3078125 0.171875 0.09609375 0.11484375
6 0.6515625 0.21328125 0.16328125 0.17421875
7 0.53828125 0.29375 0.065625 0.1234375
7 0.41796875 0.32109375 0.07265625 0.1015625
5 0.33046875 0.29296875 0.10234375 0.05390625
4 0.43515625 0.2015625 0.078125 0.1171875
5 0.5125 0.15859375 0.04140625 0.10546875
5 0.8015625 0.32578125 0.03984375 0.11015625
5 0.81796875 0.6171875 0.0359375 0.1203125
1 0.72578125 0.49453125 0.1046875 0.26328125
2 0.584375 0.5203125 0.05703125 0.10859375
5 0.64375 0.5984375 0.03828125 0.1015625
4 0.5390625 0.6703125 0.078125 0.1171875
4 0.46953125 0.51484375 0.0671875 0.13984375
5 0.52734375 0.5015625 0.04765625 0.125
3 0.41328125 0.50625 0.0421875 0.10703125
3 0.45546875 0.6484375 0.0828125 0.05078125
5 0.35390625 0.55078125 0.08046875 0.04765625
5 0.3625 0.66484375 0.09140625 0.065625
5 0.2875 0.59921875 0.05 0.1234375
5 0.36484375 0.40234375 0.046875 0.1171875