3 0.696875 0.75625 0.04375 0.0890625
3 0.5640625 0.4859375 0.065625 0.05
3 0.44921875 0.46875 0.0703125 0.0578125
3 0.46171875 0.37578125 0.0703125 0.04375
3 0.57578125 0.39140625 0.0546875 0.04375
6 0.275 0.38828125 0.078125 0.0984375
4 0.23203125 0.60390625 0.0765625 0.1140625
4 0.6453125 0.60703125 0.078125 0.06875
2 0.6203125 0.80625 0.0625 0.0890625
5 0.63125 0.6859375 0.071875 0.0484375
5 0.50546875 0.62421875 0.0421875 0.0890625
5 0.4359375 0.60859375 0.04375 0.0921875
5 0.51015625 0.4265625 0.04375 0.084375
5 0.375 0.409375 0.04375 0.0890625
5 0.66796875 0.465625 0.0421875 0.08125
5 0.3203125 0.80390625 0.071875 0.0484375
7 0.24921875 0.74140625 0.0671875 0.0859375
1 0.42734375 0.74140625 0.203125 0.1234375
6 0.71484375 0.57734375 0.0734375 0.090625