5 0.765625 0.16640625 0.0890625 0.0578125
5 0.746875 0.2671875 0.0890625 0.05625
5 0.728125 0.36171875 0.0859375 0.0546875
5 0.7109375 0.45703125 0.0875 0.053125
5 0.63515625 0.21796875 0.0484375 0.115625
5 0.60546875 0.38203125 0.04375 0.103125
5 0.44609375 0.11875 0.0765625 0.0515625
5 0.4265625 0.22734375 0.075 0.05
5 0.4234375 0.321875 0.0796875 0.0546875
5 0.41171875 0.415625 0.0796875 0.0484375
3 0.70859375 0.60546875 0.0484375 0.1
3 0.60234375 0.65546875 0.065625 0.0515625
3 0.57734375 0.5484375 0.046875 0.084375
7 0.4609375 0.5734375 0.075 0.0765625
7 0.3859375 0.57578125 0.06875 0.0875
4 0.5359375 0.3578125 0.0796875 0.115625
4 0.5546875 0.1921875 0.078125 0.1265625
4 0.31328125 0.52890625 0.059375 0.1015625
4 0.225 0.53203125 0.0734375 0.0984375
6 0.27421875 0.34921875 0.1515625 0.18125
6 0.309375 0.1390625 0.0890625 0.1125