3 0.35546875 0.140625 0.0703125 0.0578125
3 0.43671875 0.2015625 0.0390625 0.08203125
6 0.45078125 0.321875 0.0625 0.090625
6 0.3328125 0.2359375 0.0828125 0.10546875
3 0.5640625 0.45625 0.028125 0.0875
3 0.62109375 0.4640625 0.03046875 0.08359375
6 0.675 0.453125 0.04140625 0.08203125
4 0.37578125 0.340625 0.04140625 0.0625
4 0.32890625 0.33046875 0.034375 0.06875
4 0.54765625 0.3421875 0.0359375 0.04765625
4 0.61328125 0.34921875 0.0390625 0.05234375
4 0.6921875 0.35 0.04765625 0.065625
5 0.475 0.4140625 0.06171875 0.034375
5 0.4734375 0.50078125 0.06484375 0.04296875
5 0.38515625 0.45078125 0.0203125 0.0625
5 0.31875 0.45703125 0.03203125 0.07109375
5 0.6015625 0.203125 0.02421875 0.0703125
5 0.64921875 0.209375 0.03203125 0.08203125
5 0.69453125 0.2046875 0.02109375 0.07265625
5 0.5140625 0.14609375 0.05703125 0.05390625
5 0.515625 0.22578125 0.0671875 0.034375