5 0.28984375 0.32109375 0.0890625 0.0625
5 0.4359375 0.3859375 0.04375 0.10234375
5 0.528125 0.4 0.04453125 0.11640625
5 0.61875 0.59140625 0.034375 0.10234375
5 0.465625 0.59453125 0.0390625 0.1
5 0.28828125 0.59453125 0.03984375 0.10859375
5 0.6234375 0.1515625 0.08125 0.05390625
6 0.21328125 0.4765625 0.08046875 0.11171875
6 0.72578125 0.60390625 0.07578125 0.0984375
3 0.528125 0.640625 0.07109375 0.0578125
3 0.53125 0.53515625 0.08046875 0.05234375
3 0.39765625 0.54609375 0.0859375 0.05078125
3 0.4015625 0.64296875 0.06953125 0.05078125
3 0.19140625 0.25703125 0.04765625 0.17109375
4 0.28984375 0.43203125 0.08125 0.07578125
4 0.740625 0.36953125 0.06796875 0.15
7 0.7078125 0.22890625 0.06328125 0.11015625
2 0.27265625 0.19453125 0.0671875 0.090625
1 0.5109375 0.24765625 0.22109375 0.13828125