6 0.35625 0.3625 0.05 0.0703125
6 0.66171875 0.46328125 0.04375 0.0671875
3 0.4578125 0.40859375 0.053125 0.034375
3 0.54296875 0.41796875 0.046875 0.0328125
3 0.54296875 0.48046875 0.040625 0.0359375
3 0.46328125 0.47265625 0.0359375 0.028125
4 0.40390625 0.35234375 0.0421875 0.053125
4 0.67890625 0.3203125 0.040625 0.0890625
7 0.653125 0.22265625 0.040625 0.0609375
2 0.39453125 0.21171875 0.03125 0.0546875
3 0.3484375 0.2421875 0.0265625 0.05
5 0.40078125 0.28828125 0.046875 0.04375
5 0.49453125 0.315625 0.025 0.065625
5 0.5390625 0.3234375 0.028125 0.0703125
5 0.60234375 0.1796875 0.065625 0.034375
5 0.3953125 0.4421875 0.0390625 0.0890625
5 0.503125 0.44609375 0.034375 0.075
1 0.53046875 0.2328125 0.140625 0.078125
5 0.59453125 0.45546875 0.0265625 0.075