6 0.765625 0.771875 0.1203125 0.134375
6 0.42265625 0.81484375 0.2 0.2078125
7 0.5125 0.709375 0.09375 0.1359375
7 0.62265625 0.65390625 0.0953125 0.115625
5 0.71484375 0.66015625 0.1125 0.0765625
4 0.63515625 0.77421875 0.1046875 0.1328125
5 0.5703125 0.834375 0.065625 0.1125
5 0.24921875 0.7421875 0.065625 0.1171875
5 0.16328125 0.46328125 0.0640625 0.125
1 0.28203125 0.56015625 0.165625 0.28125
2 0.41328125 0.50078125 0.08125 0.11875
5 0.33671875 0.4390625 0.0609375 0.1078125
4 0.42109375 0.34453125 0.1046875 0.1328125
4 0.52578125 0.478125 0.0984375 0.1515625
5 0.4734375 0.50546875 0.0765625 0.1328125
3 0.5828125 0.47265625 0.0671875 0.1140625
3 0.50703125 0.3453125 0.0921875 0.06875
5 0.6296875 0.415625 0.0890625 0.065625
5 0.59375 0.30703125 0.1046875 0.0859375
5 0.68203125 0.35234375 0.078125 0.13125
5 0.6546875 0.56171875 0.0734375 0.125