5 0.36875 0.24296875 0.0328125 0.0765625
5 0.46875 0.2390625 0.0390625 0.0734375
5 0.59375 0.23359375 0.034375 0.06875
5 0.44765625 0.37109375 0.040625 0.084375
5 0.50078125 0.3671875 0.03125 0.0890625
5 0.59765625 0.3921875 0.0515625 0.0390625
5 0.4046875 0.515625 0.0625 0.05
7 0.353125 0.4796875 0.05625 0.0671875
1 0.46953125 0.46015625 0.1421875 0.1015625
2 0.596875 0.4734375 0.046875 0.0578125
3 0.65546875 0.4390625 0.0359375 0.065625
6 0.64453125 0.30546875 0.0625 0.0765625
4 0.590625 0.34609375 0.05625 0.059375
4 0.31875 0.39609375 0.05 0.0875
6 0.296875 0.2453125 0.071875 0.0890625
3 0.42265625 0.20234375 0.0578125 0.059375
3 0.5109375 0.19921875 0.0421875 0.0390625
3 0.5171875 0.26640625 0.0515625 0.0375
3 0.43125 0.2765625 0.0609375 0.0390625