6 0.35859375 0.3703125 0.0390625 0.065625
6 0.65703125 0.4546875 0.04453125 0.0640625
4 0.403125 0.3484375 0.03671875 0.05390625
4 0.67265625 0.3109375 0.03984375 0.08046875
5 0.40625 0.2890625 0.0515625 0.05234375
5 0.49296875 0.3203125 0.03203125 0.0578125
5 0.53671875 0.3328125 0.02890625 0.0703125
5 0.60625 0.184375 0.05 0.04453125
5 0.5953125 0.44609375 0.01875 0.07421875
5 0.49921875 0.4515625 0.02578125 0.07265625
3 0.4640625 0.4109375 0.0359375 0.0359375
3 0.540625 0.41796875 0.04375 0.04140625
3 0.5421875 0.48125 0.034375 0.04296875
3 0.459375 0.471875 0.04609375 0.0296875
7 0.6546875 0.22421875 0.034375 0.04921875
1 0.53203125 0.2375 0.14140625 0.07890625
2 0.3953125 0.20625 0.0359375 0.0546875
3 0.3484375 0.2421875 0.03046875 0.059375
5 0.39375 0.43671875 0.0265625 0.08203125