5 0.23359375 0.08671875 0.121875 0.0671875
5 0.23359375 0.2140625 0.125 0.07421875
5 0.26484375 0.32734375 0.11484375 0.04765625
5 0.2609375 0.446875 0.10234375 0.05234375
5 0.62578125 0.08828125 0.10234375 0.04609375
5 0.62421875 0.225 0.1015625 0.04765625
5 0.6140625 0.33046875 0.0984375 0.05390625
5 0.3859375 0.16875 0.05390625 0.1171875
5 0.3953125 0.36796875 0.04453125 0.1328125
5 0.60703125 0.43984375 0.10234375 0.05234375
3 0.38828125 0.56171875 0.0671875 0.096875
3 0.35390625 0.68046875 0.109375 0.05234375
3 0.2453125 0.603125 0.0625 0.14765625
7 0.51484375 0.61015625 0.1140625 0.0953125
7 0.60625 0.6140625 0.08046875 0.1234375
4 0.7046875 0.59375 0.075 0.11875
4 0.79296875 0.61328125 0.065625 0.10703125
4 0.48515625 0.3640625 0.078125 0.15625
4 0.4890625 0.16484375 0.07734375 0.14296875
6 0.7765625 0.38515625 0.1609375 0.17890625
6 0.7890625 0.1421875 0.12265625 0.10546875