6 0.6796875 0.85859375 0.1359375 0.15
6 0.32890625 0.76640625 0.1875 0.2484375
7 0.45859375 0.68984375 0.1015625 0.1578125
7 0.5875 0.6890625 0.0953125 0.11875
2 0.43515625 0.48515625 0.1078125 0.1609375
4 0.5109375 0.303125 0.1046875 0.1484375
4 0.56796875 0.49921875 0.1015625 0.15625
4 0.55859375 0.81796875 0.1171875 0.14375
3 0.596875 0.33515625 0.1203125 0.0734375
3 0.6203125 0.49296875 0.0671875 0.1609375
5 0.19140625 0.625 0.059375 0.1625
5 0.21796875 0.321875 0.0671875 0.1546875
5 0.38671875 0.3734375 0.065625 0.1390625
5 0.7 0.340625 0.115625 0.0703125
5 0.76484375 0.40546875 0.0640625 0.146875
5 0.69453125 0.44921875 0.115625 0.0828125
5 0.68046875 0.7359375 0.1453125 0.071875
5 0.66171875 0.61171875 0.0625 0.1578125
5 0.50859375 0.48203125 0.065625 0.1671875
5 0.46484375 0.8546875 0.065625 0.18125
1 0.2875 0.45859375 0.1515625 0.3109375