5 0.4 0.1625 0.0734375 0.0578125
5 0.41796875 0.23828125 0.071875 0.0484375
5 0.33125 0.23515625 0.0578125 0.103125
5 0.28515625 0.25859375 0.0578125 0.13125
5 0.23359375 0.259375 0.0546875 0.1359375
4 0.2796875 0.39765625 0.065625 0.0828125
4 0.3546875 0.371875 0.0421875 0.053125
4 0.41484375 0.3578125 0.04375 0.071875
6 0.5 0.32890625 0.0796875 0.103125
6 0.6015625 0.20859375 0.11875 0.1328125
6 0.3234375 0.4984375 0.0703125 0.071875
4 0.58359375 0.32265625 0.053125 0.0859375
4 0.6234375 0.29453125 0.0546875 0.0671875
3 0.48671875 0.18984375 0.059375 0.0921875
3 0.55859375 0.11953125 0.0765625 0.06875
5 0.6 0.4375 0.0578125 0.1078125
5 0.49921875 0.41171875 0.0796875 0.0625
5 0.5234375 0.49609375 0.0921875 0.06875
5 0.65859375 0.40546875 0.05 0.0921875
3 0.4328125 0.47734375 0.05 0.0984375
3 0.37421875 0.49375 0.0484375 0.103125