5 0.42265625 0.26796875 0.065625 0.1140625
5 0.2703125 0.3046875 0.075 0.1375
5 0.6125 0.20703125 0.0640625 0.1171875
5 0.43203125 0.48359375 0.065625 0.1171875
5 0.50234375 0.46015625 0.0578125 0.1203125
5 0.6484375 0.465625 0.0859375 0.0703125
4 0.63984375 0.40234375 0.0953125 0.1046875
4 0.2234375 0.55 0.11875 0.1328125
7 0.30390625 0.6625 0.096875 0.134375
1 0.471875 0.60859375 0.2265625 0.15
5 0.39140625 0.69609375 0.084375 0.071875
5 0.684375 0.59609375 0.078125 0.1
3 0.7515625 0.51875 0.071875 0.1234375
6 0.6984375 0.32734375 0.096875 0.1171875
6 0.153125 0.32890625 0.109375 0.1359375
3 0.340625 0.21875 0.1171875 0.0921875
3 0.3703125 0.3328125 0.0875 0.065625
3 0.503125 0.30234375 0.096875 0.0703125
3 0.4734375 0.18671875 0.0984375 0.0796875