5 0.5109375 0.15078125 0.04140625 0.10234375
5 0.80078125 0.315625 0.05 0.11875
5 0.82109375 0.62265625 0.03125 0.15625
5 0.64765625 0.60859375 0.03828125 0.11328125
5 0.528125 0.5078125 0.06328125 0.13125
5 0.3625 0.41171875 0.03984375 0.1171875
5 0.325 0.2828125 0.096875 0.05625
5 0.35625 0.55 0.08515625 0.0546875
5 0.36171875 0.65234375 0.0890625 0.0578125
5 0.296875 0.60390625 0.0515625 0.121875
3 0.46171875 0.6390625 0.0859375 0.0578125
3 0.41875 0.50546875 0.02578125 0.1234375
7 0.4203125 0.3140625 0.0546875 0.0921875
7 0.53515625 0.29765625 0.06171875 0.13671875
4 0.4328125 0.19765625 0.065625 0.10703125
6 0.3125 0.18046875 0.08515625 0.1203125
6 0.6484375 0.2234375 0.13828125 0.17265625
1 0.72734375 0.49296875 0.09375 0.26953125
2 0.59296875 0.515625 0.05546875 0.1171875
4 0.46875 0.51640625 0.0578125 0.1578125
4 0.53984375 0.66875 0.0703125 0.1234375