6 0.3453125 0.22578125 0.09375 0.109375
6 0.67265625 0.45859375 0.05 0.08125
6 0.46875 0.328125 0.040625 0.078125
3 0.45703125 0.1875 0.0484375 0.065625
3 0.378125 0.14140625 0.0515625 0.0421875
3 0.5640625 0.4640625 0.0296875 0.08125
3 0.62421875 0.4609375 0.0328125 0.0921875
4 0.553125 0.3421875 0.04375 0.065625
4 0.6234375 0.35234375 0.04375 0.0421875
4 0.69765625 0.35859375 0.0578125 0.065625
4 0.38046875 0.33203125 0.040625 0.071875
4 0.3390625 0.325 0.0421875 0.0609375
5 0.615625 0.20625 0.0296875 0.08125
5 0.66171875 0.21015625 0.03125 0.078125
5 0.71484375 0.221875 0.025 0.0859375
5 0.5328125 0.15 0.0671875 0.0453125
5 0.53515625 0.2265625 0.0671875 0.0515625
5 0.484375 0.415625 0.0625 0.0421875
5 0.478125 0.4984375 0.0796875 0.04375
5 0.38671875 0.44453125 0.03125 0.071875
5 0.321875 0.440625 0.034375 0.071875