6 0.2625 0.72109375 0.2171875 0.2765625
6 0.8125 0.4296875 0.2046875 0.25
6 0.38046875 0.31328125 0.1296875 0.171875
7 0.5515625 0.55703125 0.103125 0.1296875
7 0.20390625 0.47421875 0.1109375 0.13125
3 0.75 0.89921875 0.1046875 0.1765625
3 0.51015625 0.896875 0.1234375 0.0875
3 0.528125 0.815625 0.1328125 0.0890625
3 0.3140625 0.44609375 0.0703125 0.146875
5 0.628125 0.928125 0.134375 0.0890625
5 0.62109375 0.7828125 0.0875 0.16875
5 0.52421875 0.6765625 0.071875 0.15
5 0.33046875 0.5484375 0.128125 0.084375
5 0.58984375 0.38359375 0.071875 0.146875
5 0.44296875 0.52265625 0.065625 0.1515625
4 0.38125 0.8796875 0.1171875 0.115625
4 0.41796875 0.73984375 0.1078125 0.1234375
4 0.4515625 0.63125 0.1125 0.1640625
4 0.675 0.40234375 0.1015625 0.1421875
2 0.51328125 0.28515625 0.128125 0.1109375
0 0.740625 0.64609375 0.3609375 0.3046875