6 0.29453125 0.4078125 0.0828125 0.1015625
6 0.71015625 0.6390625 0.0890625 0.1078125
4 0.778125 0.42421875 0.0859375 0.1203125
4 0.365625 0.375 0.0796875 0.065625
7 0.7765625 0.2828125 0.071875 0.0875
2 0.41015625 0.17890625 0.065625 0.0953125
1 0.596875 0.26796875 0.20625 0.14375
5 0.71171875 0.2203125 0.06875 0.0546875
5 0.57578125 0.396875 0.05 0.0890625
5 0.5078125 0.37265625 0.0484375 0.0875
5 0.48203125 0.5609375 0.0453125 0.090625
5 0.61484375 0.6046875 0.05 0.0921875
5 0.328125 0.515625 0.04375 0.0828125
5 0.38984375 0.30078125 0.06875 0.053125
3 0.33046875 0.2234375 0.053125 0.0890625
3 0.43671875 0.50390625 0.0640625 0.046875
3 0.4125 0.59609375 0.0640625 0.0515625
3 0.52578125 0.628125 0.0640625 0.0546875
3 0.5484375 0.5359375 0.0734375 0.059375