3 0.278125 0.1828125 0.04921875 0.10703125
3 0.39921875 0.19375 0.05546875 0.11015625
3 0.60625 0.6125 0.05546875 0.13515625
3 0.71015625 0.68515625 0.10234375 0.04921875
6 0.7671875 0.53203125 0.13046875 0.17109375
6 0.57890625 0.43125 0.096875 0.125
4 0.7125 0.4 0.1125 0.0921875
4 0.796875 0.4 0.0578125 0.1015625
4 0.42578125 0.40234375 0.05 0.090625
4 0.31171875 0.3921875 0.0578125 0.0671875
4 0.17109375 0.3984375 0.07578125 0.1015625
6 0.19375 0.2015625 0.10390625 0.10859375
5 0.53203125 0.259375 0.11015625 0.0609375
5 0.525 0.09765625 0.128125 0.08203125
5 0.7015625 0.20078125 0.0390625 0.1546875
5 0.809375 0.18515625 0.0390625 0.13515625
5 0.471875 0.58359375 0.0734375 0.05625
5 0.4796875 0.684375 0.09140625 0.0625
5 0.34765625 0.60703125 0.05 0.10390625
5 0.26796875 0.609375 0.04921875 0.10546875
5 0.1875 0.61328125 0.0625 0.121875