6 0.709375 0.7578125 0.1296875 0.1609375
6 0.56015625 0.62734375 0.065625 0.084375
6 0.30625 0.43828125 0.0671875 0.0890625
4 0.7296875 0.63671875 0.040625 0.075
4 0.67578125 0.625 0.0625 0.075
4 0.45078125 0.596875 0.0359375 0.071875
4 0.365625 0.58671875 0.0453125 0.053125
4 0.2640625 0.5703125 0.06875 0.08125
5 0.7515625 0.49296875 0.0390625 0.0796875
5 0.671875 0.4765625 0.0375 0.075
5 0.54296875 0.515625 0.071875 0.0390625
5 0.559375 0.4109375 0.0625 0.0328125
5 0.46171875 0.846875 0.0640625 0.0453125
5 0.46484375 0.75703125 0.065625 0.0390625
5 0.36171875 0.7734375 0.0390625 0.0875
5 0.2984375 0.76328125 0.0359375 0.0828125
5 0.2359375 0.75703125 0.034375 0.075
3 0.56953125 0.796875 0.034375 0.075
3 0.659375 0.8765625 0.0640625 0.0421875
3 0.45078125 0.45078125 0.034375 0.0734375
3 0.37265625 0.43515625 0.0390625 0.075