3 0.634375 0.54921875 0.0328125 0.0734375
3 0.55390625 0.5453125 0.0265625 0.0640625
3 0.39375 0.2078125 0.0359375 0.071875
3 0.29765625 0.1421875 0.06875 0.040625
5 0.246875 0.54296875 0.03125 0.0796875
5 0.33125 0.53828125 0.0234375 0.075
5 0.45703125 0.490625 0.05625 0.0375
5 0.453125 0.59609375 0.0640625 0.028125
5 0.73203125 0.2140625 0.0234375 0.0796875
5 0.66875 0.21796875 0.0265625 0.0765625
5 0.60546875 0.2125 0.0234375 0.075
5 0.49765625 0.1515625 0.065625 0.034375
5 0.5 0.2390625 0.059375 0.034375
6 0.2609375 0.27265625 0.103125 0.14375
6 0.425 0.3796875 0.053125 0.075
6 0.703125 0.54453125 0.0578125 0.075
4 0.7296875 0.40078125 0.0546875 0.0734375
4 0.62421875 0.39609375 0.040625 0.0578125
4 0.5375 0.3953125 0.0296875 0.0703125
4 0.31015625 0.39453125 0.0515625 0.0671875
4 0.25390625 0.3890625 0.0296875 0.065625