2 0.58828125 0.88984375 0.0953125 0.0984375
4 0.3640625 0.78203125 0.075 0.1328125
4 0.5609375 0.52734375 0.0640625 0.1265625
4 0.5671875 0.38515625 0.08125 0.0828125
4 0.58046875 0.27265625 0.0609375 0.1109375
3 0.4578125 0.3796875 0.0828125 0.0625
3 0.4609375 0.31796875 0.084375 0.040625
3 0.740625 0.65625 0.0515625 0.1296875
7 0.83203125 0.58828125 0.0890625 0.1109375
7 0.4875 0.61953125 0.06875 0.1140625
5 0.68984375 0.5640625 0.0984375 0.0671875
5 0.59375 0.6265625 0.05 0.1203125
5 0.4765625 0.80546875 0.05625 0.1265625
5 0.49140625 0.5140625 0.0484375 0.125
5 0.36640625 0.32265625 0.0796875 0.06875
5 0.38828125 0.40390625 0.025 0.071875
0 0.31171875 0.4546875 0.2765625 0.3328125
6 0.23828125 0.80078125 0.1546875 0.2078125
6 0.7125 0.39921875 0.165625 0.2
6 0.71484375 0.82734375 0.109375 0.1328125