3 0.24140625 0.2984375 0.04375 0.0796875
5 0.33671875 0.353125 0.0828125 0.05
3 0.44296875 0.5265625 0.071875 0.05
3 0.5578125 0.51484375 0.0703125 0.0515625
3 0.5703125 0.61015625 0.065625 0.053125
3 0.453125 0.621875 0.0640625 0.053125
5 0.60078125 0.16328125 0.084375 0.053125
5 0.4625 0.3828125 0.0390625 0.0921875
5 0.53359375 0.38125 0.040625 0.09375
5 0.3421875 0.58203125 0.0421875 0.1078125
5 0.50625 0.571875 0.04375 0.096875
5 0.6421875 0.55625 0.0453125 0.0984375
6 0.2765625 0.4796875 0.071875 0.090625
6 0.74375 0.5484375 0.08125 0.1015625
7 0.68046875 0.20546875 0.0640625 0.0953125
4 0.334375 0.43125 0.08125 0.05625
4 0.73046875 0.33046875 0.0796875 0.1125
1 0.509375 0.2546875 0.1984375 0.140625
2 0.3078125 0.2296875 0.06875 0.09375