5 0.5203125 0.865625 0.05 0.125
5 0.21328125 0.6875 0.04375 0.11875
5 0.19140625 0.36640625 0.04375 0.1296875
5 0.371875 0.3890625 0.0453125 0.0953125
2 0.4296875 0.475 0.0796875 0.075
2 0.4984375 0.4765625 0.0453125 0.1125
4 0.5609375 0.47109375 0.05625 0.1046875
4 0.4765625 0.31171875 0.075 0.125
3 0.5703125 0.32890625 0.0984375 0.0578125
5 0.6859375 0.421875 0.075 0.05
5 0.6765625 0.31640625 0.090625 0.05625
5 0.7515625 0.3703125 0.05625 0.1171875
5 0.678125 0.5828125 0.0375 0.1390625
5 0.71796875 0.71484375 0.0953125 0.0609375
4 0.60625 0.815625 0.0921875 0.1328125
6 0.7390625 0.8265625 0.0984375 0.1296875
6 0.3765625 0.79140625 0.1625 0.1984375
7 0.4890625 0.7078125 0.090625 0.1125
7 0.6171875 0.68203125 0.0640625 0.103125
3 0.61796875 0.4828125 0.05 0.1109375
1 0.28828125 0.4953125 0.11875 0.290625