4 0.43046875 0.20234375 0.08828125 0.1125
4 0.46484375 0.5171875 0.06796875 0.159375
4 0.54375 0.66875 0.08359375 0.12109375
2 0.59140625 0.496875 0.06953125 0.1359375
7 0.5359375 0.30625 0.071875 0.1375
7 0.4171875 0.3171875 0.06328125 0.12109375
5 0.51015625 0.159375 0.04296875 0.15703125
5 0.7921875 0.328125 0.04453125 0.1515625
5 0.82109375 0.621875 0.03828125 0.14140625
5 0.64921875 0.59375 0.046875 0.1234375
5 0.2921875 0.60703125 0.046875 0.1390625
5 0.36015625 0.55703125 0.09609375 0.05546875
5 0.36484375 0.64921875 0.0875 0.0734375
5 0.334375 0.29375 0.12890625 0.0515625
5 0.36015625 0.41953125 0.05078125 0.153125
6 0.31484375 0.178125 0.11640625 0.11953125
6 0.64453125 0.22421875 0.14765625 0.2125
3 0.4625 0.65546875 0.09140625 0.0609375
3 0.41484375 0.503125 0.03125 0.14140625
1 0.72890625 0.503125 0.10390625 0.2734375
5 0.5140625 0.5046875 0.040625 0.14296875