3 0.584375 0.48671875 0.0578125 0.140625
3 0.56484375 0.646875 0.1046875 0.0734375
6 0.63125 0.159375 0.1328125 0.1328125
6 0.31328125 0.24921875 0.1875 0.2375
4 0.5171875 0.1953125 0.1 0.1359375
4 0.53515625 0.50703125 0.0921875 0.1671875
4 0.48359375 0.6703125 0.090625 0.1359375
7 0.43203125 0.31328125 0.0984375 0.153125
7 0.55234375 0.31015625 0.090625 0.1359375
1 0.27578125 0.540625 0.1484375 0.309375
5 0.6421875 0.271875 0.140625 0.075
5 0.621875 0.3796875 0.0671875 0.1515625
5 0.4328125 0.1609375 0.06875 0.1640625
5 0.17734375 0.37421875 0.059375 0.1515625
5 0.20546875 0.66953125 0.06875 0.1453125
5 0.375 0.61796875 0.0640625 0.1453125
5 0.64921875 0.53671875 0.1046875 0.06875
5 0.71875 0.56796875 0.05625 0.1328125
5 0.665625 0.64140625 0.1046875 0.0828125
5 0.48203125 0.50703125 0.075 0.1484375
2 0.4109375 0.51328125 0.0953125 0.15