6 0.31328125 0.18203125 0.11640625 0.11953125
6 0.64453125 0.21640625 0.14296875 0.2109375
7 0.5375 0.303125 0.0875 0.13203125
7 0.41953125 0.32109375 0.06796875 0.10546875
4 0.43046875 0.203125 0.08671875 0.1140625
4 0.54140625 0.6703125 0.07578125 0.109375
4 0.4640625 0.509375 0.06953125 0.15859375
1 0.72890625 0.49609375 0.1 0.278125
3 0.4609375 0.65859375 0.09453125 0.053125
5 0.5171875 0.15625 0.04296875 0.1484375
5 0.32890625 0.2921875 0.128125 0.04609375
5 0.36171875 0.40703125 0.03828125 0.13359375
5 0.35546875 0.5578125 0.10234375 0.0484375
5 0.29609375 0.603125 0.040625 0.12890625
5 0.36328125 0.6609375 0.096875 0.06640625
5 0.64296875 0.59609375 0.03828125 0.1390625
5 0.8171875 0.62265625 0.040625 0.13203125
5 0.79453125 0.3296875 0.04375 0.14609375
5 0.52109375 0.5046875 0.04453125 0.134375
2 0.59140625 0.50078125 0.07265625 0.14609375
3 0.41796875 0.5078125 0.03515625 0.1484375