0 0.24375 0.38203125 0.3359375 0.271875
3 0.21796875 0.125 0.0640625 0.1546875
3 0.4453125 0.1125 0.1328125 0.0875
3 0.4328125 0.18984375 0.121875 0.078125
3 0.6921875 0.52578125 0.06875 0.1421875
7 0.43984375 0.45 0.1 0.1171875
7 0.7984375 0.49140625 0.1265625 0.1328125
2 0.5125 0.7109375 0.1359375 0.1078125
6 0.6390625 0.67109375 0.115625 0.1625
6 0.71640625 0.25234375 0.1984375 0.271875
6 0.196875 0.6046875 0.1890625 0.21875
4 0.5765625 0.1125 0.1125 0.115625
4 0.5546875 0.253125 0.1109375 0.128125
4 0.53046875 0.36171875 0.103125 0.1671875
5 0.32265625 0.0828125 0.1375 0.078125
5 0.35078125 0.23203125 0.0625 0.1640625
5 0.4578125 0.328125 0.065625 0.15
5 0.55859375 0.46796875 0.0546875 0.1453125
5 0.66328125 0.42421875 0.1359375 0.075
5 0.42109375 0.621875 0.065625 0.14375
4 0.32890625 0.6140625 0.0875 0.140625