5 0.5953125 0.1515625 0.115625 0.0546875
5 0.28984375 0.3421875 0.10625 0.05
5 0.4375 0.39296875 0.0484375 0.1421875
5 0.51328125 0.38828125 0.046875 0.1578125
5 0.2953125 0.59765625 0.0515625 0.140625
5 0.47265625 0.59140625 0.0390625 0.146875
5 0.625 0.5859375 0.0390625 0.1390625
3 0.40390625 0.55 0.1046875 0.05625
3 0.53828125 0.5375 0.1046875 0.04375
3 0.41484375 0.646875 0.096875 0.0515625
3 0.5390625 0.640625 0.0953125 0.0515625
3 0.1875 0.275 0.05625 0.2046875
2 0.28828125 0.2171875 0.115625 0.1578125
1 0.4921875 0.24296875 0.21875 0.159375
7 0.69296875 0.21640625 0.0828125 0.1296875
6 0.2203125 0.4875 0.109375 0.10625
6 0.72734375 0.58125 0.09375 0.15
4 0.73203125 0.36640625 0.0890625 0.15625
4 0.2953125 0.44453125 0.10625 0.0578125