2 0.27421875 0.196875 0.05546875 0.0875
4 0.28671875 0.4359375 0.07109375 0.0625
4 0.73828125 0.36875 0.07890625 0.13125
7 0.703125 0.23203125 0.06953125 0.11640625
6 0.21796875 0.4765625 0.078125 0.1
6 0.72265625 0.6015625 0.0703125 0.13125
1 0.503125 0.25078125 0.22890625 0.11484375
3 0.40625 0.54296875 0.0734375 0.059375
3 0.528125 0.5453125 0.08046875 0.0609375
3 0.53828125 0.65390625 0.078125 0.0671875
3 0.4046875 0.65078125 0.0703125 0.04609375
3 0.19609375 0.2625 0.0390625 0.1265625
5 0.62421875 0.153125 0.078125 0.04765625
5 0.5125 0.39453125 0.04453125 0.11640625
5 0.434375 0.38828125 0.04765625 0.11875
5 0.46796875 0.59140625 0.02578125 0.1265625
5 0.29296875 0.5859375 0.0390625 0.10546875
5 0.6140625 0.60234375 0.05 0.11875
5 0.3015625 0.33203125 0.11015625 0.059375