3 0.51953125 0.1828125 0.0984375 0.06875
3 0.3796875 0.21171875 0.10625 0.06875
3 0.4125 0.31953125 0.0921875 0.0765625
3 0.53671875 0.29453125 0.0890625 0.065625
3 0.284375 0.61796875 0.0703125 0.140625
6 0.24296875 0.4328125 0.09375 0.1140625
6 0.73515625 0.19375 0.1078125 0.1546875
1 0.571875 0.5890625 0.2125 0.13125
5 0.6921875 0.61796875 0.0703125 0.0578125
5 0.55703125 0.44453125 0.0625 0.10625
5 0.4828125 0.47109375 0.075 0.1140625
5 0.35625 0.53984375 0.0921875 0.05625
5 0.271875 0.2984375 0.0453125 0.1
5 0.45625 0.25 0.0765625 0.13125
5 0.61953125 0.21640625 0.0609375 0.1375
4 0.7703125 0.428125 0.1046875 0.1484375
4 0.3359375 0.46953125 0.0984375 0.1125
7 0.75546875 0.5671875 0.0859375 0.1078125
2 0.38125 0.66875 0.0703125 0.1140625