4 0.41796875 0.82578125 0.103125 0.15
4 0.446875 0.640625 0.0921875 0.14375
4 0.709375 0.46015625 0.09375 0.1328125
4 0.81640625 0.4359375 0.0796875 0.103125
7 0.63515625 0.39921875 0.084375 0.109375
7 0.54609375 0.3921875 0.103125 0.1109375
7 0.41484375 0.4140625 0.071875 0.1140625
7 0.396875 0.296875 0.115625 0.075
7 0.26875 0.34140625 0.0890625 0.146875
5 0.59765625 0.5796875 0.096875 0.0765625
5 0.571875 0.684375 0.109375 0.0796875
5 0.55625 0.79765625 0.11875 0.0921875
5 0.54140625 0.92734375 0.1453125 0.0890625
6 0.71171875 0.90859375 0.146875 0.1515625
6 0.75078125 0.665625 0.196875 0.225
5 0.32109375 0.79453125 0.0703125 0.1296875
5 0.36953125 0.60234375 0.0703125 0.11875
5 0.22109375 0.6140625 0.1359375 0.0796875
5 0.25234375 0.50859375 0.1328125 0.0765625
5 0.19296875 0.72890625 0.140625 0.0859375
5 0.16953125 0.846875 0.1578125 0.0921875