6 0.6859375 0.22578125 0.16171875 0.2125
6 0.21171875 0.63359375 0.14765625 0.19375
6 0.659375 0.6578125 0.09140625 0.121875
2 0.52421875 0.71484375 0.078125 0.10234375
7 0.43671875 0.4578125 0.0671875 0.10234375
7 0.8015625 0.45546875 0.07109375 0.11875
3 0.6921875 0.50703125 0.0359375 0.10546875
3 0.39140625 0.11328125 0.0828125 0.07109375
3 0.390625 0.1984375 0.0828125 0.0640625
3 0.16953125 0.15859375 0.05390625 0.09375
5 0.2671875 0.109375 0.08828125 0.0703125
5 0.3171875 0.24921875 0.04765625 0.10234375
5 0.653125 0.41015625 0.08515625 0.04921875
5 0.4328125 0.3359375 0.05703125 0.11328125
5 0.4359375 0.6390625 0.034375 0.1234375
5 0.5578125 0.4578125 0.05 0.11484375
4 0.340625 0.61796875 0.05390625 0.1265625
4 0.5109375 0.36875 0.078125 0.14296875
4 0.52265625 0.240625 0.08828125 0.11171875
4 0.528125 0.10546875 0.09453125 0.0890625
0 0.2234375 0.40546875 0.30703125 0.23046875