6 0.67578125 0.82421875 0.1203125 0.1234375
6 0.3453125 0.778125 0.15 0.215625
7 0.45546875 0.6953125 0.0921875 0.134375
7 0.57421875 0.68125 0.071875 0.1078125
4 0.559375 0.79921875 0.090625 0.1171875
4 0.46484375 0.328125 0.0796875 0.1125
4 0.5359375 0.4921875 0.075 0.1609375
1 0.27109375 0.49609375 0.109375 0.28125
3 0.54453125 0.34296875 0.096875 0.05625
5 0.47109375 0.84296875 0.0484375 0.15
5 0.6640625 0.71328125 0.1296875 0.05
5 0.63515625 0.59765625 0.0421875 0.134375
5 0.64609375 0.44765625 0.1046875 0.0515625
5 0.70703125 0.40390625 0.0453125 0.1296875
5 0.6421875 0.34375 0.0984375 0.0703125
5 0.36015625 0.39921875 0.04375 0.140625
5 0.1875 0.36640625 0.0453125 0.1328125
5 0.2 0.66015625 0.0484375 0.146875
5 0.47890625 0.49453125 0.0484375 0.1359375
2 0.40859375 0.49609375 0.078125 0.1484375
3 0.58203125 0.4953125 0.040625 0.15