2 0.33671875 0.20859375 0.0515625 0.08046875
1 0.53984375 0.2546875 0.190625 0.0953125
5 0.63984375 0.1734375 0.06484375 0.04609375
5 0.54609375 0.38359375 0.0265625 0.07734375
5 0.47578125 0.3734375 0.02890625 0.07734375
5 0.63671875 0.57265625 0.03046875 0.0859375
5 0.49921875 0.57265625 0.034375 0.08046875
5 0.33828125 0.5609375 0.0265625 0.07109375
5 0.3453125 0.33203125 0.059375 0.0390625
3 0.26875 0.26875 0.0390625 0.0875
3 0.43828125 0.52265625 0.05703125 0.04453125
3 0.553125 0.521875 0.065625 0.04296875
3 0.559375 0.621875 0.06171875 0.04140625
3 0.4359375 0.61328125 0.059375 0.0359375
6 0.2765625 0.45546875 0.065625 0.08046875
4 0.340625 0.41015625 0.07109375 0.04921875
4 0.74921875 0.36328125 0.06484375 0.11015625
6 0.7359375 0.5765625 0.07265625 0.090625
7 0.71484375 0.2265625 0.06328125 0.07265625