5 0.6640625 0.10390625 0.0828125 0.05
5 0.67421875 0.2046875 0.0890625 0.046875
5 0.68359375 0.30390625 0.0828125 0.046875
5 0.69375 0.39921875 0.08125 0.0484375
3 0.7296875 0.54609375 0.046875 0.1125
3 0.6453125 0.6203125 0.075 0.0484375
3 0.584375 0.5234375 0.040625 0.090625
5 0.553125 0.18828125 0.046875 0.1296875
5 0.5703125 0.35546875 0.0390625 0.0984375
5 0.3484375 0.1453125 0.08125 0.0421875
5 0.359375 0.25625 0.0765625 0.0484375
5 0.37890625 0.34921875 0.071875 0.0515625
5 0.39375 0.44453125 0.075 0.0421875
4 0.46875 0.190625 0.0734375 0.1234375
4 0.49453125 0.35078125 0.0640625 0.1109375
4 0.33203125 0.57890625 0.059375 0.096875
4 0.24765625 0.6171875 0.06875 0.0859375
6 0.215625 0.203125 0.08125 0.0984375
6 0.240625 0.41640625 0.14375 0.171875
7 0.48359375 0.578125 0.0734375 0.078125
7 0.409375 0.60234375 0.065625 0.075