6 0.73828125 0.31640625 0.2109375 0.25625
6 0.67734375 0.0859375 0.153125 0.165625
7 0.6328125 0.58984375 0.1171875 0.14375
7 0.54140625 0.60859375 0.1296875 0.1328125
4 0.71953125 0.5390625 0.1 0.146875
4 0.803125 0.5234375 0.1296875 0.175
4 0.44765625 0.39140625 0.1375 0.2
4 0.39921875 0.203125 0.146875 0.2109375
3 0.27734375 0.6671875 0.0921875 0.1734375
3 0.39609375 0.7125 0.14375 0.0984375
3 0.41796875 0.584375 0.0921875 0.1671875
5 0.1421875 0.18125 0.1734375 0.1046875
5 0.18046875 0.29375 0.1703125 0.1171875
5 0.22265625 0.403125 0.159375 0.090625
5 0.25546875 0.50390625 0.1515625 0.103125
5 0.31171875 0.2125 0.1046875 0.215625
5 0.36171875 0.40234375 0.10625 0.1875
5 0.51328125 0.08828125 0.1609375 0.1109375
5 0.53984375 0.20234375 0.1609375 0.1125
5 0.56796875 0.3140625 0.1421875 0.09375
5 0.5890625 0.41953125 0.146875 0.0984375