0 0.77890625 0.43828125 0.3234375 0.2515625
3 0.859375 0.19453125 0.0515625 0.1203125
3 0.646875 0.12734375 0.0765625 0.0640625
3 0.63671875 0.20546875 0.0953125 0.059375
3 0.303125 0.4875 0.0421875 0.1359375
6 0.3328125 0.65234375 0.10625 0.15
6 0.3453125 0.20703125 0.171875 0.2234375
7 0.21171875 0.41953125 0.103125 0.1171875
7 0.5671875 0.45703125 0.08125 0.096875
6 0.7828125 0.659375 0.171875 0.1921875
4 0.65078125 0.64453125 0.075 0.121875
4 0.49453125 0.359375 0.0828125 0.1421875
4 0.496875 0.23984375 0.084375 0.0875
4 0.50703125 0.10078125 0.090625 0.1015625
5 0.45546875 0.46484375 0.0515625 0.13125
5 0.35234375 0.3890625 0.0828125 0.05625
5 0.75625 0.1328125 0.10625 0.0703125
5 0.70390625 0.275 0.0625 0.146875
5 0.571875 0.3390625 0.0484375 0.1515625
5 0.55 0.6390625 0.053125 0.1296875
2 0.44921875 0.7234375 0.0859375 0.1078125