0 0.22734375 0.4140625 0.30546875 0.2265625
3 0.16875 0.1640625 0.0421875 0.11640625
3 0.3859375 0.115625 0.07109375 0.0578125
3 0.38984375 0.19453125 0.090625 0.05234375
3 0.696875 0.5046875 0.03046875 0.13359375
6 0.653125 0.66640625 0.09375 0.14296875
6 0.6796875 0.221875 0.15390625 0.2109375
7 0.79453125 0.4453125 0.09375 0.11015625
7 0.43671875 0.4515625 0.0734375 0.090625
6 0.2046875 0.634375 0.15703125 0.1796875
4 0.3375 0.63125 0.065625 0.11640625
4 0.51796875 0.36015625 0.07109375 0.13671875
4 0.52578125 0.24140625 0.078125 0.08046875
4 0.528125 0.1015625 0.0828125 0.0953125
5 0.54765625 0.46875 0.03984375 0.128125
5 0.65703125 0.40234375 0.078125 0.04921875
5 0.2765625 0.11171875 0.10078125 0.0625
5 0.31640625 0.2578125 0.05 0.14296875
5 0.4421875 0.33359375 0.0359375 0.1484375
5 0.43828125 0.634375 0.0421875 0.1265625
2 0.53125 0.72734375 0.078125 0.1015625