5 0.49921875 0.3203125 0.103125 0.046875
5 0.4796875 0.41328125 0.103125 0.0671875
5 0.3625 0.375 0.053125 0.1
5 0.28671875 0.3484375 0.0421875 0.103125
5 0.20546875 0.33828125 0.0515625 0.1140625
5 0.4875 0.8984375 0.0890625 0.0734375
5 0.50546875 0.7359375 0.0828125 0.053125
5 0.66484375 0.8296875 0.0609375 0.13125
5 0.7703125 0.8421875 0.0578125 0.13125
3 0.7359375 0.3515625 0.0875 0.0578125
3 0.621875 0.39921875 0.046875 0.1203125
3 0.35546875 0.7890625 0.0546875 0.1328125
3 0.23828125 0.78125 0.0578125 0.1140625
4 0.29296875 0.58125 0.059375 0.0765625
4 0.1578125 0.55546875 0.0953125 0.1140625
4 0.41171875 0.578125 0.0640625 0.1109375
6 0.5625 0.59140625 0.0921875 0.1234375
6 0.77578125 0.4890625 0.159375 0.2
4 0.778125 0.63359375 0.0640625 0.109375
4 0.70546875 0.63046875 0.08125 0.1046875
6 0.15625 0.74921875 0.1078125 0.125