5 0.31171875 0.25234375 0.1109375 0.0703125
5 0.325 0.375 0.053125 0.115625
5 0.30390625 0.54765625 0.1 0.059375
5 0.22734375 0.60625 0.0609375 0.1015625
5 0.296875 0.66640625 0.0984375 0.0625
5 0.609375 0.6171875 0.0671875 0.109375
5 0.78359375 0.68359375 0.05625 0.1171875
5 0.80625 0.35078125 0.0453125 0.1328125
1 0.71328125 0.52265625 0.1296875 0.3234375
6 0.65859375 0.22890625 0.1609375 0.1953125
7 0.5390625 0.30859375 0.1015625 0.15625
7 0.40546875 0.3140625 0.0734375 0.1203125
3 0.3828125 0.50234375 0.0515625 0.125
3 0.4046875 0.675 0.0765625 0.0640625
4 0.49609375 0.696875 0.103125 0.13125
4 0.43359375 0.5015625 0.075 0.128125
5 0.49765625 0.51796875 0.0578125 0.1546875
2 0.5640625 0.521875 0.071875 0.0953125
4 0.428125 0.18203125 0.09375 0.13125
5 0.525 0.15703125 0.053125 0.121875
6 0.2984375 0.13828125 0.128125 0.1375