1 0.2859375 0.5046875 0.1421875 0.30625
6 0.76484375 0.80859375 0.134375 0.1265625
6 0.40234375 0.796875 0.1796875 0.25
7 0.628125 0.6671875 0.0796875 0.115625
7 0.50625 0.69375 0.1015625 0.1578125
4 0.634375 0.7953125 0.096875 0.134375
4 0.46015625 0.30703125 0.0921875 0.146875
4 0.5609375 0.47578125 0.0921875 0.1484375
5 0.54921875 0.85 0.0609375 0.1671875
5 0.734375 0.6859375 0.1453125 0.0703125
5 0.68671875 0.5609375 0.06875 0.1625
5 0.509375 0.478125 0.0609375 0.15625
5 0.7359375 0.34453125 0.05 0.1546875
5 0.67265625 0.40703125 0.1109375 0.0671875
5 0.6625 0.2984375 0.115625 0.075
5 0.2296875 0.703125 0.05625 0.159375
5 0.36328125 0.4046875 0.0484375 0.1390625
5 0.17890625 0.390625 0.0609375 0.165625
2 0.43125 0.49765625 0.0953125 0.1484375
3 0.553125 0.3078125 0.109375 0.0828125
3 0.6171875 0.4640625 0.05 0.1578125