6 0.27578125 0.190625 0.103125 0.165625
6 0.75859375 0.196875 0.16875 0.253125
6 0.29453125 0.59921875 0.15390625 0.215625
5 0.3078125 0.446875 0.11171875 0.05390625
5 0.39921875 0.38515625 0.03828125 0.1515625
5 0.509375 0.50625 0.05 0.134375
5 0.646875 0.68046875 0.09765625 0.053125
7 0.16171875 0.421875 0.08828125 0.1515625
7 0.5125 0.3796875 0.0875 0.13203125
2 0.4140625 0.1296875 0.12421875 0.10703125
5 0.51640625 0.19375 0.04453125 0.1625
4 0.61015625 0.19453125 0.090625 0.18359375
4 0.4296875 0.6171875 0.08828125 0.0625
4 0.43359375 0.715625 0.08046875 0.121875
4 0.43671875 0.484375 0.078125 0.15
3 0.25703125 0.34921875 0.04140625 0.14609375
3 0.54765625 0.61640625 0.11171875 0.053125
3 0.54765625 0.684375 0.109375 0.0515625
0 0.68515625 0.5296875 0.253125 0.359375
5 0.61875 0.59140625 0.03125 0.075