6 0.2375 0.7765625 0.109375 0.1328125
6 0.57734375 0.79765625 0.1984375 0.2328125
1 0.72109375 0.559375 0.1671875 0.2859375
1 0.5875 0.50078125 0.10625 0.1515625
4 0.5765625 0.35234375 0.1078125 0.134375
4 0.46875 0.48046875 0.09375 0.1578125
7 0.3828125 0.66796875 0.0859375 0.109375
7 0.50859375 0.696875 0.1171875 0.165625
4 0.36484375 0.778125 0.075 0.0984375
5 0.42890625 0.8390625 0.0875 0.134375
5 0.7453125 0.75546875 0.0640625 0.1109375
5 0.83515625 0.44765625 0.0859375 0.140625
5 0.65625 0.4453125 0.075 0.1234375
5 0.51484375 0.5015625 0.075 0.125
3 0.41875 0.48359375 0.075 0.125
3 0.4890625 0.34140625 0.0953125 0.0703125
5 0.36953125 0.41171875 0.0765625 0.0578125
5 0.39765625 0.31328125 0.0890625 0.06875
5 0.3234375 0.3453125 0.06875 0.1328125
5 0.34765625 0.55703125 0.071875 0.14375
5 0.2859375 0.6671875 0.1140625 0.075