5 0.290625 0.12890625 0.0890625 0.04375
5 0.29453125 0.22890625 0.07890625 0.0453125
5 0.29609375 0.32890625 0.08046875 0.0390625
5 0.29921875 0.425 0.07265625 0.034375
5 0.41015625 0.2 0.028125 0.10546875
5 0.41328125 0.36875 0.028125 0.0953125
5 0.6109375 0.13125 0.07265625 0.040625
5 0.61171875 0.24375 0.0765625 0.0375
5 0.60390625 0.3359375 0.07421875 0.0453125
5 0.60234375 0.43046875 0.07734375 0.0359375
3 0.278125 0.578125 0.03359375 0.08828125
3 0.41484375 0.53828125 0.03359375 0.0859375
3 0.37421875 0.6375 0.06640625 0.046875
7 0.52578125 0.57734375 0.06640625 0.065625
7 0.6015625 0.59453125 0.0578125 0.08515625
6 0.7421875 0.17109375 0.0765625 0.096875
6 0.74296875 0.3859375 0.13203125 0.16796875
4 0.4921875 0.1953125 0.0625 0.128125
4 0.48515625 0.35703125 0.0625 0.11875
4 0.68046875 0.56015625 0.0421875 0.0953125
4 0.76796875 0.58046875 0.05390625 0.0796875