3 0.43046875 0.87734375 0.0671875 0.0578125
3 0.49296875 0.81171875 0.0453125 0.0828125
3 0.565625 0.5328125 0.0390625 0.0828125
3 0.6234375 0.50546875 0.0484375 0.0875
4 0.5765625 0.64609375 0.05 0.0828125
4 0.6328125 0.6328125 0.0453125 0.0609375
4 0.71484375 0.609375 0.0546875 0.078125
4 0.4078125 0.68515625 0.0421875 0.0640625
4 0.3640625 0.69765625 0.059375 0.0671875
6 0.3875 0.78515625 0.115625 0.1375
6 0.49296875 0.6765625 0.06875 0.0875
6 0.67421875 0.5140625 0.075 0.0921875
5 0.48984375 0.58828125 0.0859375 0.0625
5 0.48046875 0.49765625 0.06875 0.053125
5 0.39765625 0.57109375 0.0375 0.0765625
5 0.3359375 0.58203125 0.046875 0.0765625
5 0.5875 0.84296875 0.071875 0.065625
5 0.571875 0.77265625 0.071875 0.0625
5 0.65625 0.778125 0.04375 0.1
5 0.70078125 0.7609375 0.0390625 0.0859375
5 0.74765625 0.759375 0.0453125 0.0859375