6 0.32421875 0.44140625 0.0953125 0.115625
6 0.434375 0.34140625 0.075 0.0984375
6 0.63828125 0.1734375 0.0578125 0.06875
3 0.58828125 0.1640625 0.0484375 0.1015625
3 0.52421875 0.184375 0.0515625 0.090625
4 0.59296875 0.3015625 0.034375 0.0546875
4 0.5296875 0.315625 0.0390625 0.0640625
4 0.67578125 0.278125 0.0484375 0.0609375
4 0.3421875 0.34765625 0.0515625 0.053125
4 0.2984375 0.36015625 0.05625 0.0796875
5 0.3359375 0.2171875 0.0484375 0.090625
5 0.27265625 0.22734375 0.0546875 0.1046875
5 0.428125 0.15234375 0.06875 0.0515625
5 0.4390625 0.23515625 0.0640625 0.0703125
5 0.5140625 0.4390625 0.084375 0.0484375
5 0.52265625 0.49453125 0.0859375 0.05625
5 0.59296875 0.42734375 0.0390625 0.0796875
5 0.6375 0.4296875 0.040625 0.0984375
5 0.68671875 0.4234375 0.0328125 0.096875
5 0.4390625 0.46796875 0.040625 0.08125
5 0.37734375 0.5265625 0.059375 0.0515625