6 0.28828125 0.421875 0.0765625 0.0984375
6 0.71953125 0.62421875 0.0828125 0.1046875
4 0.771875 0.40546875 0.0796875 0.1171875
4 0.35703125 0.384375 0.0765625 0.0625
7 0.76015625 0.2640625 0.0671875 0.084375
2 0.38828125 0.1859375 0.0609375 0.0921875
1 0.58046875 0.26171875 0.2015625 0.1328125
5 0.69140625 0.20625 0.0671875 0.0515625
5 0.56796875 0.39140625 0.04375 0.0875
5 0.4984375 0.37265625 0.04375 0.0875
5 0.48671875 0.56171875 0.0390625 0.090625
5 0.621875 0.59609375 0.0453125 0.0921875
5 0.32890625 0.528125 0.0390625 0.0828125
5 0.3765625 0.309375 0.0671875 0.0484375
3 0.31171875 0.2359375 0.046875 0.0875
3 0.4375 0.5078125 0.0625 0.04375
3 0.41953125 0.6015625 0.0609375 0.0484375
3 0.53515625 0.62578125 0.0609375 0.0515625
3 0.55078125 0.5328125 0.071875 0.0546875