5 0.64921875 0.253125 0.0375 0.078125
5 0.54921875 0.2421875 0.04375 0.075
5 0.425 0.22734375 0.0390625 0.06875
5 0.5609375 0.375 0.0453125 0.0859375
5 0.50859375 0.3671875 0.0375 0.090625
5 0.41015625 0.38515625 0.053125 0.040625
5 0.59453125 0.52265625 0.065625 0.053125
7 0.64765625 0.48984375 0.059375 0.06875
1 0.53359375 0.4625 0.1453125 0.109375
2 0.40546875 0.46640625 0.05 0.0609375
3 0.34921875 0.428125 0.040625 0.0671875
6 0.36953125 0.2953125 0.0671875 0.0796875
4 0.4203125 0.340625 0.059375 0.0625
4 0.68828125 0.409375 0.0546875 0.0890625
6 0.7203125 0.26015625 0.0765625 0.0921875
3 0.59765625 0.20859375 0.0609375 0.0625
3 0.51015625 0.19921875 0.0453125 0.040625
3 0.49921875 0.265625 0.053125 0.0390625
3 0.58359375 0.28125 0.0625 0.04375