3 0.46171875 0.2 0.0703125 0.04296875
3 0.54921875 0.203125 0.06953125 0.0390625
3 0.4625 0.2703125 0.07109375 0.03515625
3 0.546875 0.275 0.06640625 0.0390625
3 0.65859375 0.45078125 0.025 0.10546875
5 0.40625 0.23515625 0.0265625 0.10234375
5 0.625 0.2421875 0.02578125 0.1
5 0.50546875 0.2359375 0.02265625 0.10390625
5 0.4703125 0.36875 0.0234375 0.0890625
5 0.51875 0.371875 0.0265625 0.0921875
5 0.4109375 0.5 0.06953125 0.03203125
5 0.6015625 0.40703125 0.07109375 0.03203125
6 0.33671875 0.22734375 0.06328125 0.1046875
4 0.3375 0.36953125 0.05625 0.11328125
4 0.603125 0.359375 0.0609375 0.0578125
6 0.659375 0.32734375 0.0671875 0.075
7 0.35546875 0.4609375 0.04765625 0.07265625
2 0.59609375 0.4796875 0.0578125 0.08984375
1 0.475 0.4515625 0.13359375 0.084375