4 0.19609375 0.33359375 0.10625 0.1125
4 0.33203125 0.3578125 0.0796875 0.0671875
4 0.4328125 0.3984375 0.1 0.1296875
4 0.73671875 0.4546875 0.0984375 0.1015625
4 0.80390625 0.465625 0.0921875 0.125
6 0.58828125 0.4390625 0.109375 0.1390625
6 0.75859375 0.59453125 0.1734375 0.215625
3 0.6796875 0.721875 0.0890625 0.0625
3 0.58203125 0.6359375 0.0578125 0.1140625
3 0.459375 0.18125 0.078125 0.16875
3 0.3421875 0.15625 0.0890625 0.15625
6 0.25078125 0.1453125 0.1109375 0.1390625
5 0.6203125 0.11875 0.1109375 0.0734375
5 0.5875 0.27265625 0.1203125 0.096875
5 0.7546875 0.24375 0.09375 0.1703125
5 0.86640625 0.27421875 0.0671875 0.146875
5 0.459375 0.571875 0.115625 0.0796875
5 0.4421875 0.66875 0.0984375 0.0734375
5 0.3375 0.58359375 0.0703125 0.125
5 0.25234375 0.56875 0.0734375 0.11875
5 0.175 0.5515625 0.0890625 0.134375