7 0.521875 0.61171875 0.11875 0.121875
7 0.61640625 0.6078125 0.1 0.1375
6 0.73515625 0.11796875 0.1328125 0.15625
6 0.76484375 0.35859375 0.1734375 0.225
3 0.2578125 0.63203125 0.0671875 0.171875
3 0.40234375 0.571875 0.05625 0.1390625
3 0.36953125 0.6953125 0.1421875 0.075
4 0.44921875 0.19296875 0.109375 0.2078125
4 0.46796875 0.38515625 0.0984375 0.175
4 0.709375 0.5703125 0.08125 0.1453125
4 0.796875 0.571875 0.1 0.165625
5 0.20703125 0.128125 0.1578125 0.078125
5 0.21796875 0.24609375 0.1515625 0.084375
5 0.23828125 0.35625 0.1421875 0.071875
5 0.25546875 0.46640625 0.1484375 0.0734375
5 0.37734375 0.38046875 0.06875 0.1875
5 0.35 0.18671875 0.0765625 0.215625
5 0.57421875 0.090625 0.1515625 0.078125
5 0.58203125 0.2109375 0.146875 0.0765625
5 0.5921875 0.3265625 0.146875 0.078125
5 0.6015625 0.43046875 0.140625 0.078125