3 0.2765625 0.5796875 0.0359375 0.07890625
3 0.371875 0.63828125 0.06953125 0.05078125
3 0.41484375 0.53671875 0.03984375 0.07578125
7 0.5265625 0.58515625 0.0546875 0.06875
7 0.6015625 0.59375 0.05546875 0.06875
5 0.28828125 0.12890625 0.06953125 0.04609375
5 0.28984375 0.23203125 0.0703125 0.0390625
5 0.29375 0.328125 0.06953125 0.03984375
5 0.29375 0.4265625 0.06328125 0.034375
5 0.4140625 0.36484375 0.02890625 0.0953125
5 0.409375 0.19453125 0.0265625 0.090625
5 0.6078125 0.13515625 0.065625 0.0390625
5 0.60625 0.24296875 0.07265625 0.04296875
5 0.60390625 0.3390625 0.06484375 0.05078125
5 0.596875 0.43125 0.06484375 0.0359375
6 0.74296875 0.17109375 0.07265625 0.0921875
6 0.74296875 0.3875 0.1203125 0.15
4 0.49296875 0.1859375 0.0578125 0.11328125
4 0.48828125 0.3515625 0.059375 0.11484375
4 0.68125 0.559375 0.04375 0.0953125
4 0.76328125 0.584375 0.05546875 0.090625