6 0.315625 0.1828125 0.11484375 0.134375
6 0.6453125 0.2203125 0.14453125 0.22890625
4 0.43125 0.203125 0.08515625 0.11796875
4 0.46796875 0.51640625 0.06875 0.171875
4 0.54296875 0.67265625 0.07890625 0.1125
2 0.590625 0.49609375 0.06875 0.1359375
7 0.540625 0.3046875 0.06875 0.140625
7 0.42109375 0.3234375 0.07109375 0.10546875
5 0.51328125 0.15546875 0.040625 0.15546875
5 0.79375 0.321875 0.03359375 0.140625
5 0.8140625 0.6234375 0.04453125 0.14453125
5 0.35859375 0.653125 0.10703125 0.0609375
5 0.29765625 0.603125 0.03828125 0.13203125
5 0.3546875 0.553125 0.096875 0.05390625
5 0.64609375 0.59609375 0.04140625 0.13359375
5 0.36171875 0.409375 0.05078125 0.1375
5 0.51640625 0.50546875 0.04921875 0.1390625
5 0.32734375 0.29765625 0.121875 0.0515625
3 0.41640625 0.50546875 0.03828125 0.1390625
3 0.45859375 0.6625 0.09765625 0.0640625
1 0.72890625 0.50546875 0.109375 0.2890625