5 0.52734375 0.81171875 0.05625 0.125
5 0.40859375 0.628125 0.04375 0.1
5 0.3 0.57109375 0.08125 0.0625
5 0.634375 0.31328125 0.084375 0.0625
5 0.60703125 0.39296875 0.04375 0.078125
5 0.5125 0.4921875 0.0453125 0.1015625
3 0.5375 0.38046875 0.0859375 0.0734375
3 0.5359375 0.3125 0.0796875 0.05625
3 0.26328125 0.66953125 0.05625 0.1140625
7 0.1671875 0.58828125 0.090625 0.1234375
4 0.43828125 0.52578125 0.08125 0.125
4 0.42109375 0.38828125 0.0953125 0.0921875
4 0.41796875 0.2828125 0.0734375 0.11875
4 0.628125 0.796875 0.075 0.153125
7 0.51875 0.615625 0.0890625 0.1375
2 0.43515625 0.8828125 0.0953125 0.0890625
6 0.2890625 0.81953125 0.1046875 0.1421875
6 0.77421875 0.79375 0.1625 0.221875
0 0.68046875 0.45390625 0.2578125 0.3328125
6 0.290625 0.39609375 0.159375 0.20625