5 0.51015625 0.14921875 0.05390625 0.11484375
5 0.80078125 0.32265625 0.059375 0.125
5 0.815625 0.6140625 0.0359375 0.1265625
5 0.64140625 0.59921875 0.0390625 0.1171875
5 0.5203125 0.49375 0.046875 0.0984375
5 0.35625 0.6609375 0.08046875 0.059375
5 0.29375 0.60703125 0.03671875 0.121875
5 0.35078125 0.5546875 0.07109375 0.04921875
3 0.41328125 0.5078125 0.03984375 0.11015625
3 0.45 0.6484375 0.07578125 0.05234375
4 0.5421875 0.67265625 0.0703125 0.128125
7 0.41640625 0.31328125 0.0625 0.09375
7 0.53984375 0.296875 0.07265625 0.1265625
4 0.42890625 0.196875 0.07890625 0.10546875
6 0.309375 0.17578125 0.09921875 0.11640625
5 0.328125 0.2859375 0.08671875 0.05625
5 0.3625 0.40546875 0.04375 0.1296875
4 0.46796875 0.51640625 0.06796875 0.1609375
2 0.58984375 0.52265625 0.05703125 0.1640625
1 0.7296875 0.490625 0.10625 0.28125
6 0.64453125 0.2078125 0.14140625 0.1890625