1 0.54921875 0.2546875 0.196875 0.1125
6 0.73046875 0.59453125 0.078125 0.0953125
4 0.76015625 0.37421875 0.0671875 0.1109375
4 0.34609375 0.40078125 0.0765625 0.0578125
7 0.73125 0.2421875 0.059375 0.0828125
5 0.65390625 0.18359375 0.075 0.0421875
2 0.35625 0.2015625 0.065625 0.08125
3 0.27890625 0.2515625 0.0421875 0.09375
5 0.35078125 0.3234375 0.075 0.04375
5 0.4828125 0.371875 0.034375 0.0796875
5 0.55390625 0.39140625 0.028125 0.0828125
5 0.63203125 0.57578125 0.0328125 0.078125
5 0.49609375 0.565625 0.0328125 0.084375
5 0.33359375 0.55390625 0.0359375 0.0796875
6 0.28125 0.4390625 0.0765625 0.0984375
3 0.43984375 0.515625 0.0609375 0.0515625
3 0.55078125 0.51953125 0.0671875 0.040625
3 0.55 0.6203125 0.05625 0.0453125
3 0.43203125 0.6109375 0.053125 0.034375