3 0.175 0.17109375 0.05 0.171875
3 0.3984375 0.11796875 0.11796875 0.06953125
3 0.39921875 0.203125 0.11953125 0.05390625
3 0.69296875 0.50390625 0.03984375 0.15
7 0.79765625 0.45703125 0.090625 0.13046875
7 0.43515625 0.45859375 0.09296875 0.1140625
2 0.528125 0.71171875 0.12109375 0.1015625
6 0.65859375 0.659375 0.09375 0.15390625
6 0.209375 0.6328125 0.16484375 0.21796875
6 0.6875 0.2296875 0.16875 0.259375
4 0.53046875 0.109375 0.11328125 0.1140625
4 0.52421875 0.2484375 0.09296875 0.125
4 0.515625 0.36484375 0.08984375 0.15390625
5 0.65390625 0.4125 0.12109375 0.05
5 0.43359375 0.63515625 0.04140625 0.14296875
5 0.55234375 0.45390625 0.04140625 0.14140625
5 0.32421875 0.26015625 0.04921875 0.15703125
5 0.2796875 0.11796875 0.11796875 0.06953125
5 0.43828125 0.3359375 0.04375 0.1640625
4 0.35234375 0.634375 0.08828125 0.134375
0 0.22890625 0.41640625 0.32109375 0.25