5 0.7046875 0.5015625 0.05 0.084375
5 0.65859375 0.4921875 0.046875 0.084375
5 0.60703125 0.4796875 0.046875 0.0890625
5 0.54140625 0.44375 0.0671875 0.05
5 0.52109375 0.50625 0.0625 0.05
5 0.45703125 0.171875 0.046875 0.071875
5 0.39453125 0.16328125 0.059375 0.103125
5 0.578125 0.14765625 0.0734375 0.046875
5 0.55234375 0.24765625 0.0890625 0.0484375
3 0.6390625 0.21640625 0.0390625 0.0984375
3 0.71015625 0.234375 0.0546875 0.109375
6 0.75390625 0.25234375 0.075 0.0953125
6 0.503125 0.33515625 0.0578125 0.0796875
6 0.371875 0.38046875 0.115625 0.13125
3 0.46328125 0.44140625 0.0671875 0.10625
3 0.37734375 0.47734375 0.0671875 0.0515625
4 0.4125 0.2984375 0.0453125 0.0578125
4 0.3703125 0.29609375 0.0640625 0.0890625
4 0.59453125 0.34375 0.034375 0.0625
4 0.665625 0.35546875 0.05625 0.0640625
4 0.7328125 0.36484375 0.0828125 0.078125