4 0.2671875 0.64609375 0.0640625 0.0671875
4 0.3421875 0.65625 0.0484375 0.0515625
4 0.41328125 0.66171875 0.0453125 0.075
4 0.59296875 0.69609375 0.059375 0.0625
4 0.6375 0.69609375 0.0484375 0.071875
6 0.25703125 0.7625 0.0734375 0.096875
6 0.50625 0.66875 0.078125 0.0859375
6 0.640625 0.6140625 0.1140625 0.1359375
3 0.3078125 0.78203125 0.0546875 0.1234375
3 0.37109375 0.7921875 0.0546875 0.1328125
3 0.55078125 0.55234375 0.046875 0.0953125
3 0.62734375 0.515625 0.075 0.046875
5 0.2984375 0.5109375 0.05 0.1078125
5 0.34453125 0.5203125 0.0453125 0.1046875
5 0.38984375 0.52421875 0.0453125 0.10625
5 0.46875 0.55546875 0.09375 0.0546875
5 0.47734375 0.49609375 0.08125 0.046875
5 0.45 0.85234375 0.09375 0.0515625
5 0.4671875 0.75859375 0.096875 0.05625
5 0.55859375 0.81953125 0.0515625 0.125
5 0.628125 0.83125 0.053125 0.1234375