4 0.74453125 0.60703125 0.0359375 0.071875
4 0.6890625 0.60390625 0.0453125 0.06875
4 0.46328125 0.60390625 0.0296875 0.06875
4 0.378125 0.6 0.0390625 0.046875
4 0.2734375 0.5984375 0.0546875 0.071875
6 0.30078125 0.46484375 0.0546875 0.0765625
6 0.57578125 0.621875 0.0609375 0.071875
6 0.7375 0.72734375 0.1125 0.140625
5 0.75078125 0.4625 0.0328125 0.084375
5 0.66640625 0.4625 0.0296875 0.08125
5 0.54296875 0.51171875 0.071875 0.0375
5 0.55 0.40703125 0.0703125 0.0296875
5 0.26796875 0.77890625 0.0234375 0.0875
5 0.33203125 0.78984375 0.0234375 0.0859375
5 0.3953125 0.7890625 0.0234375 0.0796875
5 0.49921875 0.84921875 0.065625 0.0421875
5 0.50078125 0.7625 0.0625 0.034375
3 0.70546875 0.85078125 0.059375 0.0359375
3 0.60703125 0.78828125 0.0296875 0.0734375
3 0.44375 0.45234375 0.0296875 0.071875
3 0.365625 0.45 0.028125 0.0734375