4 0.39609375 0.18984375 0.0890625 0.1171875
4 0.521875 0.69609375 0.0703125 0.13671875
4 0.4359375 0.5078125 0.065625 0.11484375
6 0.62890625 0.2140625 0.15703125 0.19921875
1 0.7171875 0.50625 0.10625 0.30078125
5 0.80390625 0.65 0.04453125 0.11015625
5 0.78828125 0.31953125 0.04140625 0.1234375
5 0.49296875 0.51953125 0.04140625 0.121875
2 0.56328125 0.50859375 0.06796875 0.128125
5 0.62421875 0.6171875 0.03359375 0.11328125
5 0.3109375 0.57578125 0.0859375 0.04453125
5 0.246875 0.62734375 0.034375 0.10234375
5 0.31171875 0.68359375 0.0828125 0.0546875
3 0.421875 0.67890625 0.10234375 0.04140625
3 0.37890625 0.52265625 0.03671875 0.11875
5 0.32734375 0.4140625 0.04140625 0.11640625
5 0.2859375 0.27890625 0.10625 0.04921875
6 0.2625 0.16015625 0.09453125 0.1203125
5 0.484375 0.13671875 0.0578125 0.125
7 0.3828125 0.31328125 0.07109375 0.096875
7 0.51015625 0.2953125 0.06953125 0.13828125