7 0.72421875 0.765625 0.0578125 0.0796875
2 0.346875 0.7953125 0.0515625 0.090625
1 0.546875 0.74609375 0.19375 0.103125
5 0.65234375 0.815625 0.0640625 0.040625
5 0.5515625 0.615625 0.0328125 0.0796875
5 0.48046875 0.62109375 0.03125 0.0875
5 0.496875 0.4328125 0.0328125 0.075
5 0.634375 0.4203125 0.028125 0.0859375
5 0.33125 0.4453125 0.0296875 0.0765625
3 0.4375 0.48046875 0.065625 0.0421875
3 0.55625 0.47421875 0.0609375 0.04375
3 0.5515625 0.38046875 0.059375 0.0421875
3 0.4359375 0.384375 0.0546875 0.0390625
6 0.28203125 0.5515625 0.065625 0.0875
4 0.34765625 0.59140625 0.08125 0.053125
4 0.75546875 0.63046875 0.0625 0.1109375
6 0.73046875 0.41328125 0.078125 0.0890625
3 0.275 0.7390625 0.034375 0.0828125
5 0.35234375 0.6734375 0.0703125 0.0359375