3 0.53515625 0.79921875 0.0765625 0.053125
3 0.61796875 0.77421875 0.071875 0.05
3 0.51953125 0.73046875 0.0734375 0.053125
3 0.60078125 0.70859375 0.071875 0.046875
3 0.66796875 0.5109375 0.05 0.1078125
7 0.371875 0.5703125 0.0609375 0.0796875
1 0.48671875 0.55078125 0.1484375 0.1171875
6 0.40546875 0.80703125 0.0796875 0.1078125
6 0.696875 0.63203125 0.0828125 0.0921875
4 0.37109375 0.665625 0.08125 0.115625
4 0.6390625 0.6078125 0.065625 0.071875
5 0.4703125 0.7859375 0.0484375 0.1015625
5 0.56875 0.75625 0.046875 0.1046875
5 0.68359375 0.7234375 0.05 0.0984375
5 0.621875 0.56640625 0.0765625 0.0484375
5 0.503125 0.6359375 0.0421875 0.0890625
5 0.546875 0.62109375 0.05 0.0984375
5 0.4171875 0.51875 0.06875 0.05
2 0.6 0.49921875 0.075 0.096875