5 0.7359375 0.31015625 0.0984375 0.0640625
5 0.2296875 0.30234375 0.059375 0.1171875
5 0.18125 0.6109375 0.0453125 0.1265625
5 0.36015625 0.60234375 0.0671875 0.121875
5 0.5109375 0.51953125 0.0515625 0.1078125
5 0.678125 0.59375 0.09375 0.04375
5 0.74296875 0.6515625 0.065625 0.11875
5 0.6671875 0.709375 0.096875 0.071875
5 0.68359375 0.4265625 0.0578125 0.1359375
7 0.63203125 0.31953125 0.06875 0.103125
7 0.5078125 0.29921875 0.078125 0.1171875
3 0.61875 0.53515625 0.05625 0.1171875
3 0.56796875 0.6828125 0.0875 0.0578125
3 0.46875 0.68046875 0.096875 0.1390625
3 0.5671875 0.50625 0.0828125 0.1265625
3 0.6328125 0.20234375 0.1046875 0.1140625
6 0.77421875 0.17890625 0.0921875 0.1234375
6 0.39921875 0.1984375 0.178125 0.2171875
5 0.5515625 0.140625 0.053125 0.11875
1 0.28203125 0.48828125 0.128125 0.3046875
2 0.43125 0.5078125 0.0859375 0.09375