1 0.4390625 0.24296875 0.1421875 0.0875
5 0.36328125 0.19765625 0.0609375 0.04375
2 0.56875 0.19609375 0.040625 0.0609375
6 0.6234375 0.35625 0.05 0.0625
6 0.3390625 0.4703125 0.0578125 0.0703125
5 0.40078125 0.46640625 0.046875 0.0796875
5 0.4421875 0.33046875 0.034375 0.0671875
5 0.49140625 0.31484375 0.0296875 0.0875
5 0.4921875 0.446875 0.03125 0.0734375
5 0.59375 0.42734375 0.0296875 0.0671875
3 0.62578125 0.22890625 0.0390625 0.0734375
5 0.57734375 0.28046875 0.0484375 0.0484375
3 0.52734375 0.4140625 0.0484375 0.04375
3 0.45 0.41953125 0.04375 0.040625
3 0.45390625 0.4859375 0.046875 0.05
3 0.53046875 0.4703125 0.0515625 0.0453125
4 0.30703125 0.3296875 0.0546875 0.0859375
7 0.31875 0.24140625 0.05625 0.071875
4 0.575 0.34453125 0.0609375 0.0453125