4 0.628125 0.32109375 0.06171875 0.05390625
4 0.68125 0.33671875 0.04140625 0.07578125
4 0.44609375 0.32265625 0.02890625 0.0625
4 0.3703125 0.31953125 0.03125 0.04609375
4 0.296875 0.315625 0.05546875 0.0625
6 0.31171875 0.190625 0.05390625 0.0890625
6 0.54296875 0.3390625 0.05703125 0.07421875
6 0.66328125 0.41640625 0.08515625 0.11328125
3 0.62109375 0.5109375 0.06796875 0.04609375
3 0.5578125 0.45078125 0.03984375 0.07734375
3 0.42890625 0.1890625 0.04140625 0.0921875
3 0.3609375 0.1890625 0.03203125 0.0859375
5 0.51875 0.14375 0.08046875 0.04921875
5 0.51328125 0.23515625 0.07109375 0.0359375
5 0.621875 0.19765625 0.02578125 0.0984375
5 0.6921875 0.209375 0.0265625 0.10546875
5 0.4765625 0.440625 0.07109375 0.0265625
5 0.478125 0.50546875 0.059375 0.0375
5 0.4 0.45078125 0.03203125 0.08359375
5 0.3078125 0.453125 0.0390625 0.1
5 0.3484375 0.45625 0.034375 0.08515625