4 0.775 0.51953125 0.11875 0.175
4 0.36484375 0.4109375 0.1078125 0.1140625
6 0.81953125 0.29765625 0.121875 0.1671875
6 0.28828125 0.33828125 0.121875 0.134375
5 0.71328125 0.28671875 0.0734375 0.15625
5 0.5578125 0.2578125 0.0578125 0.15
5 0.3671875 0.228125 0.0625 0.153125
5 0.571875 0.46953125 0.0546875 0.1328125
5 0.49296875 0.45703125 0.0625 0.1375
5 0.6171875 0.68671875 0.0984375 0.0671875
5 0.35234375 0.4828125 0.103125 0.059375
3 0.6359375 0.2078125 0.115625 0.06875
3 0.496875 0.19296875 0.1109375 0.06875
3 0.609375 0.32265625 0.109375 0.06875
3 0.47890625 0.303125 0.115625 0.0703125
3 0.25859375 0.52890625 0.05625 0.159375
7 0.71015625 0.65390625 0.090625 0.1328125
2 0.34296875 0.596875 0.115625 0.1546875
1 0.53515625 0.5953125 0.221875 0.1609375