1 0.27734375 0.440625 0.1703125 0.3015625
6 0.29140625 0.7359375 0.171875 0.2109375
6 0.6078125 0.86015625 0.1 0.115625
4 0.49375 0.8046875 0.1 0.11875
4 0.53984375 0.4703125 0.0671875 0.109375
4 0.50078125 0.328125 0.084375 0.128125
7 0.5359375 0.703125 0.0671875 0.0890625
7 0.4140625 0.6953125 0.08125 0.1171875
5 0.4046875 0.8390625 0.0640625 0.103125
5 0.165625 0.60234375 0.0640625 0.109375
5 0.22265625 0.30234375 0.0609375 0.1125
5 0.38359375 0.37265625 0.0484375 0.0859375
5 0.6578125 0.47890625 0.075 0.0546875
5 0.6765625 0.38203125 0.0734375 0.0609375
5 0.7265625 0.44375 0.0578125 0.09375
5 0.61328125 0.6265625 0.05625 0.1203125
5 0.6140625 0.74765625 0.090625 0.0609375
5 0.48125 0.49609375 0.0578125 0.11875
3 0.5875 0.51796875 0.0609375 0.10625
3 0.58203125 0.36484375 0.0953125 0.0625
2 0.4234375 0.44296875 0.0671875 0.0828125