0 0.21953125 0.471875 0.353125 0.2953125
3 0.1109375 0.2375 0.0765625 0.15625
3 0.321875 0.1515625 0.1375 0.0984375
3 0.33515625 0.228125 0.1265625 0.0859375
3 0.68984375 0.46171875 0.0796875 0.1453125
7 0.42734375 0.47265625 0.1078125 0.1234375
7 0.7796875 0.3953125 0.1359375 0.140625
2 0.58046875 0.6953125 0.1421875 0.1171875
6 0.68671875 0.6171875 0.1265625 0.16875
6 0.6234375 0.19609375 0.2171875 0.2828125
6 0.246875 0.69765625 0.2046875 0.2296875
4 0.44609375 0.10859375 0.11875 0.121875
4 0.47109375 0.24921875 0.11875 0.134375
4 0.48359375 0.359375 0.115625 0.1734375
5 0.196875 0.16328125 0.140625 0.0875
5 0.271875 0.2953125 0.075 0.1640625
5 0.4046875 0.35078125 0.0765625 0.1515625
5 0.54453125 0.45078125 0.065625 0.146875
5 0.6296875 0.375 0.1390625 0.084375
5 0.46484375 0.640625 0.0765625 0.146875
4 0.375 0.6640625 0.096875 0.1453125