5 0.6859375 0.4140625 0.046875 0.0828125
5 0.63984375 0.42578125 0.0421875 0.084375
5 0.5890625 0.43671875 0.0421875 0.0890625
5 0.5140625 0.43125 0.065625 0.0484375
5 0.521875 0.496875 0.0609375 0.046875
5 0.32265625 0.22109375 0.04375 0.0703125
5 0.2625 0.2390625 0.0546875 0.1015625
5 0.421875 0.14765625 0.0734375 0.04375
5 0.440625 0.24921875 0.0890625 0.04375
3 0.50625 0.184375 0.034375 0.0984375
3 0.578125 0.1703125 0.05 0.109375
6 0.62578125 0.16796875 0.0703125 0.09375
6 0.43359375 0.34921875 0.0546875 0.078125
6 0.33359375 0.4453125 0.1109375 0.128125
3 0.4421875 0.4625 0.0625 0.1046875
3 0.3796875 0.53125 0.065625 0.0484375
4 0.3359375 0.3546875 0.0421875 0.05625
4 0.29609375 0.3703125 0.0609375 0.0875
4 0.51953125 0.31875 0.0328125 0.0625
4 0.5890625 0.29921875 0.0546875 0.0625
4 0.65390625 0.27890625 0.0796875 0.075