4 0.25234375 0.3953125 0.02578125 0.0734375
4 0.30625 0.396875 0.04609375 0.065625
4 0.5375 0.3953125 0.025 0.0625
4 0.625 0.39453125 0.0375 0.053125
4 0.72265625 0.39765625 0.05625 0.06796875
6 0.25859375 0.275 0.10234375 0.1390625
6 0.42109375 0.38203125 0.053125 0.06953125
6 0.70234375 0.53984375 0.05625 0.07890625
5 0.2484375 0.54375 0.028125 0.0734375
5 0.33359375 0.54296875 0.02421875 0.078125
5 0.45546875 0.4875 0.06171875 0.03046875
5 0.45234375 0.596875 0.065625 0.02109375
5 0.48984375 0.14921875 0.05546875 0.0375
5 0.49296875 0.240625 0.065625 0.03046875
5 0.60078125 0.21171875 0.02109375 0.07890625
5 0.66328125 0.209375 0.02421875 0.07890625
5 0.72578125 0.2125 0.02421875 0.08359375
3 0.28984375 0.1484375 0.05 0.0359375
3 0.3875 0.2125 0.03125 0.06953125
3 0.5578125 0.5453125 0.028125 0.06796875
3 0.63671875 0.54921875 0.02890625 0.07109375