5 0.696875 0.30703125 0.09375 0.06875
5 0.55625 0.38203125 0.0515625 0.1046875
5 0.46484375 0.40234375 0.053125 0.11875
5 0.38828125 0.59921875 0.0421875 0.1046875
5 0.540625 0.5921875 0.0453125 0.103125
5 0.71796875 0.5796875 0.046875 0.1109375
5 0.35234375 0.1609375 0.084375 0.059375
6 0.784375 0.45625 0.0875 0.1171875
6 0.28203125 0.61953125 0.0828125 0.103125
3 0.48203125 0.6421875 0.075 0.0625
3 0.47109375 0.5375 0.084375 0.0578125
3 0.60546875 0.5390625 0.0890625 0.05625
3 0.6078125 0.6359375 0.0734375 0.05625
3 0.790625 0.2359375 0.059375 0.1734375
4 0.7046875 0.4171875 0.0859375 0.08125
4 0.25078125 0.38671875 0.078125 0.1546875
7 0.2734375 0.24375 0.0703125 0.1140625
2 0.70546875 0.1796875 0.0734375 0.0953125
1 0.471875 0.24921875 0.2296875 0.153125