3 0.1703125 0.16171875 0.053125 0.1625
3 0.39921875 0.1171875 0.11953125 0.07109375
3 0.4 0.20078125 0.12734375 0.05390625
3 0.6953125 0.50546875 0.040625 0.14140625
7 0.78984375 0.46015625 0.10546875 0.12109375
7 0.43515625 0.46328125 0.08828125 0.1125
4 0.35078125 0.6328125 0.08046875 0.13203125
4 0.515625 0.36484375 0.08984375 0.14296875
4 0.52578125 0.25234375 0.09609375 0.115625
4 0.53046875 0.0984375 0.09609375 0.1109375
2 0.53359375 0.70546875 0.11796875 0.08359375
6 0.68828125 0.228125 0.16796875 0.225
6 0.20703125 0.6359375 0.15 0.2109375
6 0.65703125 0.64921875 0.090625 0.1484375
5 0.27890625 0.11640625 0.12890625 0.05859375
5 0.32109375 0.2640625 0.05234375 0.1640625
5 0.4359375 0.33515625 0.053125 0.14609375
5 0.55234375 0.46015625 0.040625 0.14609375
5 0.64921875 0.4046875 0.121875 0.065625
5 0.43671875 0.63203125 0.05 0.14140625
0 0.234375 0.415625 0.30625 0.24140625