4 0.49921875 0.8125 0.059375 0.1140625
4 0.48984375 0.64375 0.05625 0.1125
4 0.68125 0.4421875 0.0453125 0.084375
4 0.7625 0.4171875 0.05625 0.0828125
7 0.5265625 0.42265625 0.059375 0.06875
7 0.6 0.40546875 0.059375 0.0734375
6 0.74375 0.61015625 0.125 0.1609375
6 0.74921875 0.82421875 0.0765625 0.096875
3 0.4140625 0.459375 0.0328125 0.0828125
3 0.3671875 0.36328125 0.0609375 0.0390625
3 0.27734375 0.4265625 0.0328125 0.08125
5 0.2953125 0.87890625 0.071875 0.0453125
5 0.29296875 0.77109375 0.0703125 0.040625
5 0.296875 0.6703125 0.0703125 0.0421875
5 0.29765625 0.57734375 0.0703125 0.0390625
5 0.415625 0.640625 0.025 0.0859375
5 0.41484375 0.80546875 0.0296875 0.0890625
5 0.61484375 0.86484375 0.071875 0.0484375
5 0.6109375 0.76015625 0.0640625 0.0421875
5 0.6046875 0.66640625 0.065625 0.0453125
5 0.6 0.56875 0.065625 0.0375