2 0.6375 0.8046875 0.0578125 0.084375
1 0.4390625 0.740625 0.1984375 0.1109375
5 0.33203125 0.81328125 0.06875 0.0515625
5 0.44375 0.61171875 0.0328125 0.0796875
5 0.51328125 0.628125 0.0359375 0.0796875
5 0.3703125 0.415625 0.0375 0.0875
5 0.50703125 0.42734375 0.040625 0.0828125
5 0.66640625 0.453125 0.0328125 0.0734375
5 0.63984375 0.68046875 0.0625 0.04375
3 0.71015625 0.75078125 0.046875 0.090625
3 0.56328125 0.4828125 0.0609375 0.05
3 0.44921875 0.4734375 0.06875 0.0484375
3 0.4515625 0.3734375 0.065625 0.046875
3 0.5734375 0.39296875 0.0625 0.040625
6 0.71875 0.5640625 0.071875 0.0859375
4 0.65078125 0.603125 0.075 0.0546875
4 0.23984375 0.61484375 0.0734375 0.115625
6 0.271875 0.403125 0.0796875 0.096875
7 0.2625 0.75390625 0.06875 0.078125