5 0.70234375 0.903125 0.1015625 0.0484375
5 0.33984375 0.5828125 0.078125 0.04375
5 0.45 0.54375 0.0328125 0.125
3 0.58359375 0.89140625 0.115625 0.0515625
3 0.8125 0.85078125 0.053125 0.11875
3 0.5953125 0.81171875 0.0984375 0.053125
5 0.66953125 0.7546875 0.0375 0.1109375
5 0.55703125 0.659375 0.0421875 0.109375
5 0.57421875 0.3625 0.0328125 0.1078125
4 0.66171875 0.37578125 0.0734375 0.1171875
4 0.48046875 0.62421875 0.084375 0.1375
4 0.4625 0.76015625 0.0890625 0.10625
4 0.45078125 0.89453125 0.090625 0.0921875
7 0.5609375 0.53984375 0.08125 0.1125
7 0.1984375 0.53125 0.08125 0.1125
3 0.3046875 0.47734375 0.0421875 0.1140625
6 0.3015625 0.7625 0.1609375 0.23125
6 0.34765625 0.3296875 0.09375 0.1375
6 0.7953125 0.371875 0.165625 0.203125
2 0.48125 0.2765625 0.0734375 0.0921875
0 0.7640625 0.59921875 0.309375 0.2421875