1 0.73046875 0.50390625 0.10390625 0.284375
6 0.6453125 0.2203125 0.13046875 0.184375
6 0.30859375 0.1765625 0.07890625 0.1
4 0.4328125 0.203125 0.078125 0.10234375
4 0.46875 0.53828125 0.04453125 0.10234375
4 0.540625 0.6671875 0.05703125 0.1171875
7 0.41640625 0.31171875 0.04921875 0.07890625
7 0.5359375 0.28984375 0.0578125 0.10703125
5 0.51015625 0.14765625 0.0421875 0.0953125
5 0.79921875 0.31953125 0.03984375 0.10234375
5 0.8171875 0.625 0.0359375 0.10703125
5 0.64375 0.5953125 0.03046875 0.08046875
5 0.35234375 0.55859375 0.0671875 0.03984375
5 0.35703125 0.65703125 0.06484375 0.04609375
5 0.29375 0.609375 0.03828125 0.0875
5 0.359375 0.4046875 0.02890625 0.11640625
5 0.3296875 0.2875 0.08359375 0.04140625
5 0.51953125 0.49921875 0.03046875 0.11484375
3 0.4109375 0.50390625 0.03828125 0.1
3 0.453125 0.65078125 0.08671875 0.04296875
2 0.58828125 0.53671875 0.0515625 0.07265625