4 0.471875 0.5109375 0.0671875 0.140625
4 0.53671875 0.671875 0.059375 0.1328125
3 0.46015625 0.646875 0.078125 0.040625
3 0.41015625 0.50625 0.053125 0.10625
5 0.521875 0.5015625 0.04375 0.115625
5 0.32890625 0.29609375 0.090625 0.065625
5 0.36015625 0.38515625 0.05625 0.0953125
5 0.34375 0.55078125 0.075 0.059375
5 0.29375 0.6125 0.03125 0.096875
5 0.3546875 0.659375 0.084375 0.0625
5 0.58671875 0.50625 0.0625 0.128125
5 0.640625 0.5953125 0.0375 0.125
5 0.815625 0.62421875 0.0359375 0.1171875
5 0.8 0.32265625 0.05 0.10625
1 0.73203125 0.49765625 0.0875 0.284375
6 0.64921875 0.2078125 0.140625 0.178125
7 0.53984375 0.29765625 0.0890625 0.140625
7 0.41640625 0.31953125 0.0515625 0.1
4 0.42890625 0.2015625 0.071875 0.109375
5 0.50703125 0.1515625 0.046875 0.10625
6 0.3046875 0.1734375 0.0828125 0.1203125