3 0.6109375 0.81640625 0.0515625 0.11875
3 0.728125 0.82109375 0.0484375 0.1125
3 0.390625 0.38671875 0.0578125 0.1171875
3 0.2796875 0.32421875 0.0984375 0.071875
6 0.22890625 0.471875 0.134375 0.165625
6 0.42265625 0.57734375 0.0734375 0.103125
6 0.8171875 0.7921875 0.084375 0.1109375
4 0.8296875 0.59296875 0.090625 0.096875
4 0.69921875 0.5984375 0.0640625 0.0703125
4 0.5765625 0.584375 0.065625 0.1140625
4 0.28046875 0.603125 0.0828125 0.103125
4 0.20625 0.60078125 0.0484375 0.1109375
5 0.475 0.74296875 0.1015625 0.0703125
5 0.465625 0.8953125 0.096875 0.05625
5 0.29921875 0.81171875 0.0609375 0.1234375
5 0.1890625 0.81015625 0.0515625 0.1140625
5 0.51875 0.415625 0.084375 0.059375
5 0.51171875 0.3125 0.0875 0.0484375
5 0.64375 0.38828125 0.04375 0.109375
5 0.72734375 0.3765625 0.0453125 0.1296875
5 0.79921875 0.371875 0.059375 0.115625