5 0.8359375 0.8421875 0.1453125 0.103125
5 0.67578125 0.8 0.0765625 0.134375
5 0.63203125 0.61015625 0.071875 0.1734375
5 0.78203125 0.6140625 0.11875 0.065625
5 0.803125 0.7234375 0.15 0.0875
5 0.74453125 0.50625 0.1140625 0.0671875
5 0.46171875 0.92578125 0.1015625 0.0640625
5 0.4359375 0.79453125 0.090625 0.075
5 0.4234375 0.68515625 0.0953125 0.078125
5 0.39765625 0.578125 0.10625 0.0828125
4 0.58203125 0.82265625 0.10625 0.1546875
4 0.54453125 0.61953125 0.1046875 0.171875
4 0.284375 0.4578125 0.1046875 0.146875
4 0.1828125 0.44375 0.0796875 0.115625
7 0.36953125 0.40234375 0.0890625 0.1140625
7 0.45703125 0.39296875 0.109375 0.115625
3 0.5875 0.41796875 0.078125 0.1140625
3 0.60078125 0.29375 0.1140625 0.0671875
3 0.7328125 0.35078125 0.0828125 0.1328125
6 0.24609375 0.66328125 0.178125 0.2203125
6 0.30234375 0.9171875 0.1265625 0.146875