6 0.66484375 0.41484375 0.08046875 0.10390625
6 0.53984375 0.3328125 0.06171875 0.090625
6 0.3125 0.19921875 0.04921875 0.0625
3 0.36015625 0.18203125 0.03359375 0.096875
3 0.4265625 0.1921875 0.0390625 0.0859375
4 0.37734375 0.31875 0.0265625 0.05078125
4 0.4421875 0.32265625 0.03046875 0.059375
4 0.29140625 0.30859375 0.03984375 0.0546875
4 0.63203125 0.325 0.04453125 0.04609375
4 0.67734375 0.33046875 0.04453125 0.07421875
5 0.61796875 0.1953125 0.0359375 0.0859375
5 0.68203125 0.1953125 0.03984375 0.1
5 0.51640625 0.1453125 0.06328125 0.04296875
5 0.51875 0.22890625 0.0546875 0.0625
5 0.4765625 0.4421875 0.08046875 0.0359375
5 0.4765625 0.4984375 0.08046875 0.04453125
5 0.396875 0.44296875 0.028125 0.07578125
5 0.353125 0.45234375 0.02578125 0.0953125
5 0.30390625 0.45390625 0.01796875 0.0953125
5 0.55546875 0.45859375 0.02890625 0.07734375
5 0.625 0.50703125 0.05390625 0.04296875