6 0.3703125 0.78203125 0.103125 0.1265625
6 0.4828125 0.68125 0.0671875 0.0765625
6 0.67734375 0.5203125 0.059375 0.078125
4 0.571875 0.65078125 0.0484375 0.0765625
4 0.63046875 0.634375 0.046875 0.075
4 0.71015625 0.6203125 0.05625 0.0734375
4 0.39765625 0.675 0.05 0.0640625
4 0.3515625 0.68359375 0.059375 0.0796875
3 0.47734375 0.81015625 0.053125 0.1140625
3 0.41015625 0.86796875 0.065625 0.0546875
3 0.5671875 0.534375 0.0375 0.0875
3 0.62109375 0.52265625 0.04375 0.0921875
5 0.48515625 0.59140625 0.08125 0.059375
5 0.48515625 0.5015625 0.090625 0.0578125
5 0.3921875 0.56953125 0.04375 0.1015625
5 0.32734375 0.57265625 0.0453125 0.0953125
5 0.55390625 0.77734375 0.0734375 0.0546875
5 0.5671875 0.846875 0.0890625 0.065625
5 0.6390625 0.78046875 0.059375 0.096875
5 0.6859375 0.76953125 0.0484375 0.121875
5 0.73515625 0.7640625 0.053125 0.1140625