5 0.67421875 0.95703125 0.1328125 0.0859375
5 0.70078125 0.83515625 0.1375 0.0984375
5 0.69375 0.71796875 0.121875 0.0703125
5 0.72265625 0.6015625 0.1109375 0.071875
5 0.29140625 0.8765625 0.109375 0.065625
5 0.32109375 0.74296875 0.109375 0.0671875
5 0.353125 0.6421875 0.1078125 0.0734375
5 0.54296875 0.84765625 0.0765625 0.1265625
5 0.575 0.65078125 0.071875 0.1390625
5 0.3828125 0.53671875 0.1109375 0.071875
3 0.621875 0.4625 0.0859375 0.109375
3 0.68046875 0.35390625 0.1171875 0.0734375
3 0.7703125 0.45234375 0.0921875 0.1578125
7 0.50859375 0.3890625 0.13125 0.1171875
7 0.41953125 0.36640625 0.1046875 0.1375
4 0.31953125 0.365625 0.0984375 0.13125
4 0.23671875 0.328125 0.0859375 0.11875
4 0.4859375 0.6359375 0.109375 0.16875
4 0.440625 0.83046875 0.1046875 0.15625
6 0.20546875 0.5546875 0.1953125 0.2078125
6 0.14296875 0.78984375 0.1421875 0.128125