5 0.7796875 0.14921875 0.1265625 0.0859375
5 0.71484375 0.28671875 0.0625 0.165625
5 0.5890625 0.3515625 0.0609375 0.1546875
5 0.36328125 0.390625 0.13125 0.084375
5 0.45390625 0.45546875 0.0578125 0.1546875
5 0.5453125 0.6453125 0.0703125 0.1484375
3 0.30859375 0.46640625 0.0671875 0.1421875
3 0.6578125 0.14140625 0.13125 0.084375
3 0.6390625 0.2171875 0.125 0.0796875
3 0.871875 0.2234375 0.0765625 0.1796875
6 0.3625 0.20234375 0.196875 0.26875
6 0.7703125 0.67734375 0.190625 0.23125
7 0.22109375 0.4078125 0.1203125 0.1359375
7 0.5703125 0.4703125 0.1125 0.1234375
2 0.434375 0.7 0.121875 0.109375
6 0.31875 0.6265625 0.11875 0.1609375
0 0.77890625 0.45859375 0.34375 0.29375
4 0.5375 0.1015625 0.1125 0.1015625
4 0.5140625 0.2484375 0.1078125 0.125
4 0.50703125 0.36953125 0.1046875 0.1453125
4 0.62578125 0.65390625 0.09375 0.140625