1 0.53046875 0.2375 0.14765625 0.07890625
5 0.60546875 0.1796875 0.059375 0.04296875
5 0.39765625 0.28203125 0.0578125 0.04609375
5 0.49140625 0.31953125 0.02578125 0.0671875
5 0.53828125 0.32734375 0.02890625 0.06875
5 0.59453125 0.45859375 0.02265625 0.08359375
5 0.5015625 0.4484375 0.028125 0.0703125
3 0.54140625 0.41328125 0.04453125 0.0375
3 0.54609375 0.48203125 0.03671875 0.0359375
3 0.46171875 0.41328125 0.04609375 0.028125
3 0.46171875 0.475 0.046875 0.0390625
5 0.39765625 0.44296875 0.02890625 0.0578125
4 0.40234375 0.3546875 0.04140625 0.04921875
4 0.6765625 0.3171875 0.03671875 0.0859375
7 0.653125 0.2265625 0.04453125 0.07109375
3 0.3484375 0.2421875 0.02578125 0.07890625
6 0.3578125 0.36484375 0.05 0.07734375
6 0.6609375 0.459375 0.05546875 0.07265625
2 0.39375 0.20703125 0.03359375 0.05390625