5 0.64296875 0.925 0.128125 0.0890625
5 0.62890625 0.77421875 0.06875 0.165625
5 0.5328125 0.6703125 0.065625 0.1546875
5 0.33359375 0.55625 0.1328125 0.0875
5 0.44140625 0.52578125 0.0625 0.1546875
5 0.5921875 0.37890625 0.075 0.15
3 0.30859375 0.465625 0.071875 0.1421875
3 0.52578125 0.89140625 0.1328125 0.0890625
3 0.53359375 0.81328125 0.1265625 0.0828125
3 0.7546875 0.88671875 0.0828125 0.1796875
6 0.26953125 0.7328125 0.2046875 0.271875
6 0.81484375 0.42578125 0.196875 0.2359375
7 0.20625 0.49140625 0.1234375 0.1390625
7 0.55625 0.55234375 0.115625 0.125
2 0.50703125 0.28984375 0.125 0.1125
6 0.37265625 0.31953125 0.1234375 0.1625
0 0.74765625 0.634375 0.35 0.303125
4 0.39921875 0.8875 0.115625 0.1046875
4 0.4265625 0.74140625 0.1109375 0.128125
4 0.4625 0.625 0.1078125 0.1484375
4 0.67109375 0.3984375 0.0984375 0.1421875