6 0.784375 0.1359375 0.10234375 0.1171875
6 0.7859375 0.38359375 0.14765625 0.22890625
4 0.69375 0.58828125 0.0703125 0.1265625
4 0.8015625 0.6203125 0.08046875 0.0890625
4 0.478125 0.3671875 0.06796875 0.1609375
4 0.48828125 0.16875 0.09921875 0.17109375
5 0.62265625 0.09765625 0.11640625 0.0546875
5 0.628125 0.221875 0.10390625 0.05625
5 0.61171875 0.3359375 0.08046875 0.059375
5 0.60625 0.44296875 0.09140625 0.0546875
7 0.61015625 0.62890625 0.06171875 0.1296875
7 0.52578125 0.60546875 0.0984375 0.08359375
3 0.39765625 0.5671875 0.0578125 0.11640625
3 0.3546875 0.68203125 0.10859375 0.0640625
3 0.23828125 0.609375 0.04609375 0.14765625
5 0.265625 0.44453125 0.12734375 0.0640625
5 0.39765625 0.3828125 0.04921875 0.14140625
5 0.38984375 0.1640625 0.04765625 0.13125
5 0.24921875 0.0859375 0.10625 0.0703125
5 0.246875 0.21953125 0.1046875 0.0640625
5 0.26328125 0.340625 0.0890625 0.08359375