3 0.29140625 0.15 0.05078125 0.0390625
3 0.3890625 0.2125 0.02578125 0.071875
3 0.5578125 0.54375 0.028125 0.06796875
3 0.6359375 0.54921875 0.028125 0.07109375
4 0.25078125 0.3921875 0.0375 0.06796875
4 0.30859375 0.39765625 0.04609375 0.065625
4 0.53515625 0.3953125 0.02734375 0.065625
4 0.62421875 0.396875 0.0375 0.0515625
4 0.72265625 0.3984375 0.059375 0.06953125
5 0.4546875 0.4875 0.06171875 0.03359375
5 0.453125 0.59296875 0.06015625 0.025
5 0.24765625 0.54375 0.025 0.084375
5 0.33359375 0.540625 0.02734375 0.08359375
5 0.49140625 0.1515625 0.05703125 0.03359375
5 0.49609375 0.2375 0.05234375 0.0359375
5 0.59765625 0.21328125 0.02734375 0.08203125
5 0.6640625 0.21171875 0.028125 0.07890625
5 0.725 0.21328125 0.02734375 0.07890625
6 0.69921875 0.540625 0.06015625 0.075
6 0.42421875 0.38203125 0.05703125 0.078125
6 0.25703125 0.2765625 0.10078125 0.1390625