6 0.73984375 0.203125 0.1109375 0.1703125
6 0.2578125 0.18359375 0.18125 0.2609375
6 0.7 0.61015625 0.165625 0.2234375
5 0.69453125 0.45703125 0.1140625 0.059375
5 0.60703125 0.390625 0.046875 0.153125
5 0.490625 0.50546875 0.05625 0.1375
5 0.34375 0.67265625 0.1 0.0578125
7 0.8421875 0.43984375 0.0953125 0.15625
7 0.49375 0.37890625 0.09375 0.1359375
2 0.60546875 0.134375 0.1296875 0.1140625
5 0.5 0.19296875 0.053125 0.1640625
4 0.40625 0.1890625 0.1 0.1875
4 0.5640625 0.62109375 0.0921875 0.0671875
4 0.5546875 0.71875 0.0875 0.1265625
4 0.5640625 0.4875 0.0859375 0.153125
3 0.75078125 0.3625 0.0484375 0.1484375
3 0.44609375 0.6140625 0.1140625 0.059375
3 0.44296875 0.68125 0.1125 0.0578125
0 0.31328125 0.5203125 0.271875 0.371875
5 0.3765625 0.58515625 0.034375 0.0765625