5 0.32578125 0.284375 0.1046875 0.065625
5 0.3609375 0.39765625 0.04609375 0.10390625
5 0.51640625 0.49921875 0.03984375 0.10234375
5 0.353125 0.54921875 0.09296875 0.04765625
5 0.29140625 0.6 0.03125 0.0953125
5 0.35625 0.65546875 0.090625 0.0703125
5 0.64375 0.58984375 0.0390625 0.10234375
5 0.81171875 0.6171875 0.04375 0.1015625
5 0.803125 0.3203125 0.04140625 0.1
1 0.725 0.4921875 0.11953125 0.30625
6 0.6515625 0.23125 0.1453125 0.1828125
5 0.5140625 0.15859375 0.04609375 0.1
7 0.53984375 0.29609375 0.06171875 0.11328125
7 0.4171875 0.31171875 0.059375 0.11171875
4 0.42890625 0.1984375 0.08359375 0.1
6 0.3140625 0.16953125 0.09296875 0.0890625
3 0.4171875 0.48828125 0.03984375 0.11875
3 0.44921875 0.64765625 0.06796875 0.04453125
4 0.5484375 0.6765625 0.08828125 0.1203125
4 0.465625 0.5140625 0.059375 0.15
2 0.58671875 0.509375 0.065625 0.153125