6 0.64453125 0.2171875 0.13984375 0.17578125
6 0.3015625 0.175 0.096875 0.10234375
1 0.72890625 0.4984375 0.10703125 0.2765625
2 0.590625 0.528125 0.05 0.0953125
5 0.64609375 0.5953125 0.04453125 0.11015625
5 0.81640625 0.62109375 0.034375 0.0875
5 0.8 0.3078125 0.0546875 0.07421875
5 0.51953125 0.5 0.03203125 0.10390625
5 0.35859375 0.40078125 0.04609375 0.1171875
5 0.3328125 0.28828125 0.09921875 0.05234375
5 0.35703125 0.55 0.07578125 0.04609375
5 0.35234375 0.65703125 0.07578125 0.04296875
5 0.29609375 0.6015625 0.04921875 0.13125
3 0.45 0.64296875 0.09296875 0.07109375
3 0.41640625 0.50546875 0.03984375 0.13828125
4 0.46796875 0.5078125 0.0578125 0.1546875
4 0.54375 0.66640625 0.06484375 0.11875
7 0.41875 0.31953125 0.0703125 0.10234375
7 0.54140625 0.29765625 0.0734375 0.14296875
5 0.51484375 0.15390625 0.046875 0.10546875
4 0.4328125 0.2 0.078125 0.13515625