3 0.69296875 0.3640625 0.0546875 0.0921875
3 0.5859375 0.33515625 0.071875 0.059375
3 0.57265625 0.44140625 0.0515625 0.0859375
5 0.8 0.80390625 0.0875 0.065625
5 0.76875 0.70625 0.0859375 0.0640625
5 0.740625 0.61171875 0.084375 0.065625
5 0.71328125 0.5203125 0.08125 0.0609375
5 0.6640625 0.76640625 0.0578125 0.1125
5 0.61875 0.6046875 0.0546875 0.103125
5 0.4875 0.88359375 0.078125 0.0578125
5 0.45703125 0.7765625 0.078125 0.0578125
5 0.44609375 0.68515625 0.0859375 0.059375
5 0.42109375 0.59140625 0.0765625 0.053125
4 0.5859375 0.79765625 0.0890625 0.1359375
4 0.54921875 0.63515625 0.0875 0.125
4 0.3125 0.490625 0.06875 0.109375
4 0.2234375 0.49609375 0.075 0.1
6 0.34765625 0.878125 0.1 0.11875
6 0.29453125 0.67421875 0.16875 0.19375
7 0.37890625 0.43671875 0.075 0.090625
7 0.45390625 0.4296875 0.0796875 0.09375