3 0.17109375 0.17578125 0.05546875 0.1765625
3 0.39765625 0.1171875 0.11328125 0.065625
3 0.39765625 0.2 0.115625 0.05546875
3 0.6953125 0.50546875 0.03203125 0.146875
5 0.278125 0.1125 0.11875 0.05546875
5 0.43671875 0.63515625 0.03203125 0.14296875
5 0.55078125 0.4578125 0.03515625 0.14609375
5 0.6546875 0.41171875 0.11328125 0.05703125
5 0.32109375 0.25859375 0.03828125 0.1609375
5 0.43671875 0.33984375 0.03828125 0.15390625
4 0.3515625 0.634375 0.07578125 0.1390625
4 0.52734375 0.10390625 0.09765625 0.096875
4 0.5265625 0.2515625 0.090625 0.128125
4 0.52109375 0.35625 0.09296875 0.1515625
7 0.79375 0.45625 0.08984375 0.12890625
6 0.6875 0.225 0.16484375 0.2609375
6 0.21328125 0.6328125 0.15390625 0.20390625
6 0.6578125 0.65546875 0.084375 0.15859375
2 0.5296875 0.715625 0.115625 0.090625
0 0.2296875 0.4140625 0.30703125 0.246875
7 0.43515625 0.4625 0.0875 0.103125