1 0.72734375 0.4640625 0.1515625 0.2984375
6 0.59453125 0.19921875 0.1609375 0.2046875
6 0.25546875 0.21484375 0.0953125 0.1125
4 0.38203125 0.21953125 0.0953125 0.1140625
4 0.47578125 0.54296875 0.0609375 0.1078125
4 0.56875 0.6578125 0.0765625 0.125
7 0.38515625 0.32890625 0.0625 0.0859375
7 0.49921875 0.28671875 0.075 0.115625
5 0.4484375 0.1515625 0.0578125 0.1015625
5 0.76328125 0.2703125 0.05625 0.1078125
5 0.834375 0.56796875 0.0546875 0.1109375
5 0.6578125 0.56875 0.04375 0.084375
5 0.36484375 0.58359375 0.0734375 0.0515625
5 0.38671875 0.6796875 0.071875 0.05625
5 0.315625 0.64375 0.053125 0.0921875
5 0.3453125 0.43046875 0.0484375 0.1203125
5 0.2953125 0.3203125 0.0890625 0.0546875
5 0.51875 0.49609375 0.05 0.11875
3 0.41328125 0.51953125 0.0546875 0.1046875
3 0.4796875 0.65625 0.0921875 0.0578125
2 0.59296875 0.52109375 0.0640625 0.08125