5 0.2765625 0.1078125 0.09921875 0.04375
5 0.65546875 0.40859375 0.0765625 0.0390625
5 0.54765625 0.45390625 0.02578125 0.12421875
3 0.39609375 0.11328125 0.11328125 0.04609375
3 0.16953125 0.16640625 0.046875 0.11640625
3 0.38828125 0.19375 0.09609375 0.04765625
5 0.3171875 0.2546875 0.03203125 0.11015625
5 0.434375 0.34375 0.0359375 0.10703125
5 0.4328125 0.64140625 0.0265625 0.10703125
4 0.3453125 0.6328125 0.06796875 0.11328125
4 0.51328125 0.375 0.078125 0.13359375
4 0.52421875 0.23828125 0.08359375 0.1015625
4 0.528125 0.103125 0.0859375 0.0875
7 0.43671875 0.46328125 0.07578125 0.10859375
7 0.79921875 0.453125 0.07578125 0.10859375
3 0.69609375 0.5125 0.03671875 0.11171875
6 0.684375 0.22734375 0.14921875 0.2234375
6 0.6609375 0.6625 0.08671875 0.13359375
6 0.21171875 0.64375 0.15546875 0.1953125
2 0.53046875 0.721875 0.06953125 0.0890625
0 0.23125 0.41484375 0.29765625 0.2265625