2 0.44296875 0.70546875 0.0984375 0.115625
6 0.31640625 0.6453125 0.1015625 0.1359375
3 0.30625 0.47890625 0.0625 0.121875
5 0.3625 0.38515625 0.103125 0.065625
5 0.45390625 0.45390625 0.0515625 0.1046875
5 0.55546875 0.65234375 0.0796875 0.1359375
4 0.64296875 0.65390625 0.06875 0.134375
4 0.50234375 0.3734375 0.0953125 0.15
4 0.515625 0.23515625 0.09375 0.109375
4 0.52578125 0.0984375 0.1265625 0.1171875
0 0.7875 0.4515625 0.334375 0.25625
7 0.578125 0.465625 0.090625 0.103125
7 0.2125 0.40625 0.1 0.1078125
6 0.3609375 0.2046875 0.175 0.2359375
3 0.86875 0.2140625 0.0828125 0.125
3 0.65703125 0.13515625 0.1078125 0.084375
3 0.64296875 0.22265625 0.128125 0.084375
5 0.59140625 0.346875 0.071875 0.1234375
5 0.715625 0.28046875 0.0515625 0.115625
5 0.775 0.13984375 0.1078125 0.0640625
6 0.7671875 0.671875 0.1828125 0.2140625