5 0.5328125 0.15078125 0.0671875 0.1203125
5 0.2234375 0.2875 0.0734375 0.13125
5 0.17265625 0.575 0.0515625 0.1296875
5 0.34765625 0.58125 0.053125 0.1203125
5 0.48046875 0.49140625 0.0578125 0.103125
5 0.6234375 0.67734375 0.0875 0.06875
5 0.69140625 0.63125 0.0515625 0.125
5 0.64140625 0.57265625 0.0765625 0.0578125
3 0.58515625 0.51796875 0.053125 0.1140625
3 0.53125 0.653125 0.08125 0.0609375
4 0.43671875 0.66640625 0.0859375 0.1359375
7 0.60546875 0.325 0.0734375 0.1
7 0.48515625 0.29375 0.0875 0.134375
4 0.6078125 0.2078125 0.090625 0.1140625
6 0.72890625 0.2015625 0.1125 0.128125
5 0.696875 0.30859375 0.0921875 0.065625
5 0.64765625 0.42265625 0.059375 0.134375
4 0.5296875 0.5203125 0.0875 0.16875
2 0.4078125 0.51171875 0.0765625 0.1703125
1 0.2734375 0.4625 0.1390625 0.2921875
6 0.3921875 0.1921875 0.1640625 0.2046875