6 0.634375 0.85625 0.1453125 0.1765625
6 0.721875 0.45859375 0.2109375 0.24375
6 0.16875 0.7296875 0.2234375 0.2953125
2 0.48671875 0.87890625 0.14375 0.1375
4 0.31484375 0.76640625 0.13125 0.196875
4 0.55703125 0.5265625 0.1234375 0.159375
4 0.59453125 0.396875 0.103125 0.0921875
4 0.62265625 0.309375 0.125 0.14375
7 0.8078125 0.66328125 0.11875 0.1625
7 0.45625 0.6109375 0.1171875 0.1515625
3 0.69921875 0.70859375 0.090625 0.1609375
3 0.48515625 0.37421875 0.125 0.0984375
3 0.5015625 0.30703125 0.11875 0.0921875
5 0.4015625 0.784375 0.090625 0.178125
5 0.5640625 0.6390625 0.075 0.1640625
5 0.67109375 0.60390625 0.1296875 0.0859375
5 0.41015625 0.28515625 0.103125 0.0765625
0 0.33046875 0.42265625 0.3546875 0.425