7 0.7 0.215625 0.059375 0.0796875
2 0.321875 0.21875 0.053125 0.0921875
1 0.525 0.25078125 0.1953125 0.10625
5 0.62421875 0.171875 0.065625 0.0421875
5 0.54140625 0.38046875 0.034375 0.0796875
5 0.4703125 0.38125 0.0328125 0.0875
5 0.503125 0.5671875 0.034375 0.075
5 0.640625 0.56796875 0.0296875 0.0859375
5 0.33671875 0.56875 0.03125 0.0765625
3 0.43984375 0.525 0.0671875 0.04375
3 0.5578125 0.5203125 0.0625 0.04375
3 0.56171875 0.61484375 0.059375 0.0421875
3 0.44609375 0.62109375 0.05625 0.040625
6 0.278125 0.46796875 0.0671875 0.0890625
4 0.340625 0.42265625 0.08125 0.0546875
4 0.74296875 0.34765625 0.065625 0.1109375
6 0.7375 0.56640625 0.0796875 0.0890625
3 0.2546875 0.28125 0.0359375 0.0828125
5 0.3375 0.340625 0.071875 0.0359375