3 0.20625 0.7546875 0.0828125 0.1296875
3 0.321875 0.78203125 0.090625 0.1375
3 0.6296875 0.425 0.078125 0.1515625
3 0.765625 0.38515625 0.1328125 0.0875
6 0.76875 0.5296875 0.175 0.209375
4 0.75078125 0.66796875 0.0875 0.11875
4 0.69140625 0.653125 0.1015625 0.1171875
4 0.40625 0.56640625 0.0640625 0.096875
4 0.28515625 0.5640625 0.0703125 0.0828125
4 0.15859375 0.51015625 0.103125 0.11875
6 0.125 0.71015625 0.121875 0.14375
6 0.54921875 0.59921875 0.10625 0.11875
5 0.44296875 0.8890625 0.1296875 0.0921875
5 0.4734375 0.73515625 0.103125 0.1
5 0.61953125 0.84140625 0.0765625 0.1390625
5 0.7265625 0.8734375 0.0859375 0.15625
5 0.49765625 0.4171875 0.1015625 0.0734375
5 0.5328125 0.32265625 0.109375 0.08125
5 0.3765625 0.36171875 0.0765625 0.1375
5 0.30625 0.3265625 0.06875 0.11875
5 0.22734375 0.3046875 0.0890625 0.128125