5 0.51875 0.15625 0.08671875 0.0484375
5 0.596875 0.20078125 0.025 0.12109375
5 0.646875 0.203125 0.0296875 0.1265625
5 0.69453125 0.20390625 0.03125 0.12265625
5 0.4765625 0.41875 0.0859375 0.0390625
5 0.321875 0.45234375 0.034375 0.10390625
5 0.384375 0.4546875 0.02890625 0.109375
5 0.47578125 0.49921875 0.08828125 0.04453125
4 0.32578125 0.33515625 0.046875 0.06875
4 0.3703125 0.334375 0.04140625 0.05859375
4 0.5484375 0.34296875 0.02734375 0.06171875
4 0.6125 0.34765625 0.04375 0.0640625
4 0.6890625 0.35 0.05546875 0.0703125
3 0.35859375 0.146875 0.07109375 0.03828125
3 0.43671875 0.190625 0.03359375 0.11875
3 0.5578125 0.4609375 0.02890625 0.10859375
3 0.6203125 0.4609375 0.03125 0.1125
6 0.67109375 0.45859375 0.05234375 0.1
6 0.3375 0.2453125 0.09453125 0.12265625
5 0.51796875 0.22421875 0.084375 0.040625
6 0.459375 0.33125 0.0734375 0.07265625