2 0.3921875 0.1203125 0.0765625 0.078125
6 0.26328125 0.19609375 0.0984375 0.1234375
6 0.753125 0.18671875 0.165625 0.2296875
6 0.2953125 0.603125 0.1359375 0.190625
5 0.30703125 0.4453125 0.0734375 0.075
5 0.39921875 0.38359375 0.040625 0.10625
5 0.5109375 0.190625 0.040625 0.1140625
5 0.65234375 0.6765625 0.0921875 0.0578125
5 0.61796875 0.58671875 0.0390625 0.0859375
0 0.68671875 0.525 0.253125 0.35
5 0.51640625 0.49765625 0.0484375 0.109375
3 0.546875 0.6109375 0.078125 0.0609375
3 0.54765625 0.67890625 0.08125 0.0484375
4 0.4296875 0.6171875 0.075 0.05625
4 0.43828125 0.725 0.0734375 0.10625
4 0.43671875 0.484375 0.0796875 0.134375
3 0.25390625 0.3484375 0.0484375 0.0984375
4 0.61171875 0.221875 0.0609375 0.11875
7 0.51328125 0.3953125 0.075 0.1125
7 0.15234375 0.43671875 0.0796875 0.0921875