5 0.53671875 0.73125 0.05 0.0765625
5 0.559375 0.75625 0.0484375 0.06875
5 0.5765625 0.78125 0.040625 0.0625
5 0.59140625 0.80703125 0.040625 0.065625
5 0.60390625 0.84609375 0.0421875 0.075
5 0.6234375 0.87265625 0.0484375 0.0796875
5 0.6328125 0.91015625 0.04375 0.071875
5 0.890625 0.6296875 0.0828125 0.1328125
5 0.9125 0.66796875 0.08125 0.1234375
1 0.58828125 0.4 0.2203125 0.2140625
1 0.65 0.7359375 0.2625 0.2796875
5 0.709375 0.89375 0.053125 0.06875
1 0.80703125 0.875 0.11875 0.13125
7 0.4703125 0.8734375 0.1515625 0.175
7 0.49375 0.9375 0.159375 0.125
7 0.4796875 0.2015625 0.1046875 0.1109375